1.000000000000000008e-50
1.033489697479150823e-50
1.068100954795546662e-50
1.103871332648841885e-50
1.140839649635158714e-50
1.179046024373660544e-50
1.218531919043930051e-50
1.259340184381400403e-50
1.301515106179671584e-50
1.345102453350173656e-50
1.390149527591334451e-50
1.436705214721153047e-50
1.484820037728882641e-50
1.534546211603404411e-50
1.585937699997779490e-50
1.639050273791485413e-50
1.693941571613881598e-50
1.750671162394587806e-50
1.809300610008656058e-50
1.869893540086689031e-50
1.932515709062410714e-50
1.997235075532617904e-50
2.064121874006954107e-50
2.133248691127544947e-50
2.204690544441201000e-50
2.278524963809681155e-50
2.354832075546360419e-50
2.433694689370608937e-50
2.515198388274247035e-50
2.599431621397599338e-50
2.686485800015943642e-50
2.776455396740511902e-50
2.869438048041707888e-50
2.965534660205789660e-50
3.064849518840017715e-50
3.167490402045091089e-50
3.273568697377694701e-50
3.383199522730091828e-50
3.496501851257930179e-50
3.613598640491849228e-50
3.734616965772991663e-50
3.859688158157234880e-50
3.988947946937781296e-50
4.122536606940807356e-50
4.260599110753980225e-50
4.403285286053070263e-50
4.550749978197383411e-50
4.703153218270465845e-50
4.860660396748438980e-50
5.023442442984433344e-50
5.191676010703908170e-50
5.365543669712147076e-50
5.545234104021980567e-50
5.730942316616746356e-50
5.922869841070704671e-50
6.121224960256548416e-50
6.326222932377369835e-50
6.538086224568354204e-50
6.757044754321752137e-50
6.983336138997070505e-50
7.217205953687304094e-50
7.458907997721017703e-50
7.708704570089513669e-50
7.966866754097958766e-50
8.233674711549404985e-50
8.509417986780928072e-50
8.794395820881867163e-50
9.088917476435109572e-50
9.393302573133886698e-50
9.707881434638271228e-50
1.003299544704777137e-49
1.036899742937909925e-49
1.071625201645109686e-49
1.107513605459238558e-49
1.144603901060112120e-49
1.182936339440071139e-49
1.222552519585013177e-49
1.263495433618288937e-49
1.305809513456453866e-49
1.349540679027507818e-49
1.394736388103946805e-49
1.441445687804712236e-49
1.489719267821918691e-49
1.539609515430136771e-49
1.591170572337914086e-49
1.644458393443238101e-49
1.699530807556702423e-49
1.756447580158273332e-49
1.815270478255760631e-49
1.876063337415379303e-49
1.938892131037146382e-49
2.003825041950287145e-49
2.070932536406348710e-49
2.140287440550327882e-49
2.211965019452784381e-49
2.286043058788722429e-49
2.362601949251868878e-49
2.441724773795966461e-49
2.523497397797741188e-49
2.608008562239412043e-49
2.695349980011844963e-49
2.785616435442877154e-49
2.878905887158809785e-49
2.975319574390704650e-49
3.074962126840844924e-49
3.177941678228590926e-49
3.284369983638851838e-49
3.394362540800520322e-49
3.508038715426492294e-49
3.625521870751274206e-49
3.746939501406779083e-49
3.872423371781571867e-49
4.002109659013732647e-49
4.136139100772490070e-49
4.274657147989047955e-49
4.417814122702290645e-49
4.565765381190710414e-49
4.718671482567567243e-49
4.876698363022251430e-49
5.040017515896936936e-49
5.208806177793946537e-49
5.383247520915797968e-49
5.563530851846656584e-49
5.749851816990923930e-49
5.942412614891895382e-49
6.141422215660914652e-49
6.347096587755135263e-49
6.559658932350005741e-49
6.779339925560816180e-49
7.006377968776176147e-49
7.241019447375079984e-49
7.483518998108319114e-49
7.734139785434444148e-49
7.993153787110108081e-49
8.260842089344754764e-49
8.537495191839945758e-49
8.823413323044371446e-49
9.118906765966636001e-49
9.424296194899440269e-49
9.739913023420535314e-49
1.006609976404813167e-48
1.040321039994105496e-48
1.075161076904703623e-48
1.111167896111600169e-48
1.148380572800922344e-48
1.186839490774959145e-48
1.226586386277321954e-48
1.267664393285794187e-48
1.310118090322026774e-48
1.353993548828874250e-48
1.399338383167875394e-48
1.446201802291131390e-48
1.494634663143664157e-48
1.544689525854197857e-48
1.596420710774268018e-48
1.649884357427549303e-48
1.705138485433381097e-48
1.762243057470602546e-48
1.821260044350026841e-48
1.882253492266173837e-48
1.945289592301243459e-48
2.010436752256754806e-48
2.077765670890799977e-48
2.147349414641497947e-48
2.219263496919873407e-48
2.293585960058242082e-48
2.370397460003020529e-48
2.449781353843869317e-48
2.531823790274164765e-48
2.616613803080963960e-48
2.704243407765915824e-48
2.794807701401984558e-48
2.888404965834337627e-48
2.985136774337406488e-48
3.085108101843854473e-48
3.188427438865082305e-48
3.295206909226897772e-48
3.405562391748114000e-48
3.519613645994132504e-48
3.637484442241967014e-48
3.759302695797768161e-48
3.885200605812591554e-48
4.015314798747068815e-48
4.149786476640665730e-48
4.288761570346432575e-48
4.432390897897542719e-48
4.580830328177473179e-48
4.734240950071455926e-48
4.892789247282757012e-48
5.056647279003498585e-48
5.225992866636097389e-48
5.401009786767940882e-48
5.581887970608731567e-48
5.768823710106929207e-48
5.962019870968962132e-48
6.161686112812399334e-48
6.368039116691972406e-48
6.581302820245384327e-48
6.801708660714083991e-48
7.029495826102720096e-48
7.264911514749853425e-48
7.508211203591625906e-48
7.759658925409480144e-48
8.019527555362836527e-48
8.288099107117652600e-48
8.565665038892242116e-48
8.852526569752481687e-48
9.148995006499638350e-48
9.455392081505573693e-48
9.772050301861952485e-48
1.009931331022235482e-47
1.043753625772886406e-47
1.078708618942787087e-47
1.114834244259333586e-47
1.152169705838976494e-47
1.190755520732165880e-47
1.230633562893114895e-47
1.271847108622095067e-47
1.314440883529581648e-47
1.358461111073215024e-47
1.403955562720247994e-47
1.450973609789920326e-47
1.499566277032016175e-47
1.549786297999754781e-47
1.601688172277101559e-47
1.655328224622595544e-47
1.710764666093906206e-47
1.768057657219411516e-47
1.827269373285385825e-47
1.888464071809631050e-47
1.951708162274780954e-47
2.017070278196952838e-47
2.084621351607955605e-47
2.154434690031884585e-47
2.226586056039640312e-47
2.301153749467703669e-47
2.378218692390390619e-47
2.457864516937806248e-47
2.540177656054792918e-47
2.625247437299366568e-47
2.713166179782438263e-47
2.804029294354015240e-47
2.897935387144608220e-47
2.994986366574207356e-47
3.095287553944958498e-47
3.198947797737555970e-47
3.306079591735382389e-47
3.416799197104594985e-47
3.531226768562633294e-47
3.649486484772075469e-47
3.771706683101342407e-47
3.898019998898497383e-47
4.028563509429287992e-47
4.163478882635620818e-47
4.302912530875921054e-47
4.447015769814202991e-47
4.595944982630293076e-47
4.749861789729403523e-47
4.908933224135219814e-47
5.073331912756860227e-47
5.243236263726409134e-47
5.418830660010319285e-47
5.600305659504812896e-47
5.787858201832405484e-47
5.981691822063994226e-47
6.182016871598428049e-47
6.389050746439267076e-47
6.603018123116460918e-47
6.824151202508980108e-47
7.052689961832989668e-47
7.288882415069020637e-47
7.532984882110785027e-47
7.785262266927691966e-47
8.045988345042949357e-47
8.315446060639209814e-47
8.593927833614214205e-47
8.881735876919608173e-47
9.179182524527365810e-47
9.486590570379696244e-47
9.804293618690277532e-47
1.013263644597698477e-46
1.047197537521898205e-46
1.082267866254417272e-46
1.118512689686684742e-46
1.155971341290882114e-46
1.194684471805283180e-46
1.234694093349080015e-46
1.276043625014636406e-46
1.318777939986574220e-46
1.362943414238903855e-46
1.408587976862964294e-46
1.455761162080875598e-46
1.504514163000859462e-46
1.554899887172857876e-46
1.606973014004641008e-46
1.660790054100817297e-46
1.716409410589034526e-46
1.773891442500030506e-46
1.833298530270209586e-46
1.894695143437932388e-46
1.958147910606882883e-46
2.023725691752541114e-46
2.091499652950116743e-46
2.161543343605167359e-46
2.233932776270574287e-46
2.308746509136637943e-46
2.386065731283666904e-46
2.465974350789728004e-46
2.548559085789019290e-46
2.633909558579837063e-46
2.722118392884117042e-46
2.813281314364241365e-46
2.907497254506044516e-46
3.004868457980916898e-46
3.105500593603336782e-46
3.209502869004439254e-46
3.316988149145861189e-46
3.428073078802688757e-46
3.542878209148207830e-46
3.661528128578060985e-46
3.784151597915537175e-46
3.910881690144978560e-46
4.041855934824687533e-46
4.177216467336272926e-46
4.317110183132296415e-46
4.461688897149553678e-46
4.611109508561183817e-46
4.765534171046128236e-46
4.925130468761023902e-46
5.090071598205173836e-46
5.260536556176288361e-46
5.436710334020640619e-46
5.618784118388771592e-46
5.806955498714262344e-46
6.001428681641100242e-46
6.202414712631954406e-46
6.410131704998239324e-46
6.624805076600136587e-46
6.846667794473824077e-46
7.075960627650990512e-46
7.312932408445413357e-46
7.557840302489719297e-46
7.810950087815842005e-46
8.072536443281533300e-46
8.342883246656460309e-46
8.622283882690853028e-46
8.911041561501537822e-46
9.209469647620353071e-46
9.517892000062589861e-46
9.836643323783906902e-46
1.016606953290775058e-45
1.050652812611683141e-45
1.085838857461668600e-45
1.122203272309165496e-45
1.159785520408913680e-45
1.198626386628106629e-45
1.238768021706810825e-45
1.280253988000616822e-45
1.323129306755235348e-45
1.367440506964265049e-45
1.413235675863236456e-45
1.460564511114637905e-45
1.509478374740652901e-45
1.560030348862036034e-45
1.612275293303721408e-45
1.666269905129570321e-45
1.722072780170974903e-45
1.779744476615979283e-45
1.839347580728039794e-45
1.900946774765628283e-45
1.964608907176498709e-45
2.030403065142682533e-45
2.098400649555053809e-45
2.168675452498703893e-45
2.241303737333348384e-45
2.316364321455530034e-45
2.393938661832576643e-45
2.474110943400990154e-45
2.556968170425348464e-45
2.642600260916708516e-45
2.731100144213137206e-45
2.822563861828096969e-45
2.917090671676306945e-45
3.014783155789996643e-45
3.115747331642646541e-45
3.220092767200833218e-45
3.327932699829187561e-45
3.439384159177444273e-45
3.554568094182877177e-45
3.673609504326106964e-45
3.796637575282517730e-45
3.923785819116709909e-45
4.055192219171906450e-45
4.190999379811784402e-45
4.331354681176985849e-45
4.476410439124511279e-45
4.626324070523298939e-45
4.781258264085642996e-45
4.941381156919555968e-45
5.106866516993973934e-45
5.277893931714500996e-45
5.454649002814671025e-45
5.637323547773880460e-45
5.826115807980927149e-45
6.021230663868700971e-45
6.222879857253857281e-45
6.431282221122383512e-45
6.646663917110819663e-45
6.869258680940442531e-45
7.099308076071175676e-45
7.337061755850084507e-45
7.582777734439358575e-45
7.836722666817365510e-45
8.099172138157091996e-45
8.370410962895532118e-45
8.650733493819079778e-45
8.940443941499829199e-45
9.239856704429974256e-45
9.549296710212027947e-45
9.869099768175690246e-45
1.019961293380344130e-44
1.054119488536096357e-44
1.089421631314046226e-44
1.125906032173997921e-44
1.163612284581454924e-44
1.202581307975112658e-44
1.242855392173279668e-44
1.284478243267495524e-44
1.327495031053073566e-44
1.371952438048118338e-44
1.417898710154131880e-44
1.465383709013273364e-44
1.514458966119002317e-44
1.565177738738916923e-44
1.617595067710382870e-44
1.671767837171772123e-44
1.727754836294026964e-44
1.785616823079655588e-44
1.845416590298273783e-44
1.907219033630371139e-44
1.971091222093128652e-44
2.037102470824839262e-44
2.105324416306791881e-44
2.175831094104378616e-44
2.248699019211661418e-44
2.324007269086725734e-44
2.401837569467785297e-44
2.482274383063323052e-44
2.565405001212361521e-44
2.651319638614461726e-44
2.740111531232194388e-44
2.831877037472290367e-44
2.926715742755394671e-44
3.024730567587738185e-44
3.126027879252194230e-44
3.230717607239738707e-44
3.338913362546767303e-44
3.450732560967549178e-44
3.566296550515811594e-44
3.685730743113521295e-44
3.809164750690002938e-44
3.936732525838852664e-44
4.068572507185532839e-44
4.204827769623162458e-44
4.345646179579779679e-44
4.491180555485328911e-44
4.641588833612781669e-44
4.797034239473073537e-44
4.957685464950161374e-44
5.123716851368120052e-44
5.295308578689270843e-44
5.472646861048321090e-44
5.655924148835059534e-44
5.845339337544562828e-44
6.041097983621916894e-44
6.243412527535317018e-44
6.452502524320022256e-44
6.668594881842948996e-44
6.891924107046890649e-44
7.122732560441150606e-44
7.361270719115229851e-44
7.607797448560521629e-44
7.862580283595477914e-44
8.125895718698617872e-44
8.398029508064970813e-44
8.679276975711039961e-44
8.969943335965371359e-44
9.270344024691968178e-44
9.580805041606564305e-44
9.901663304056681785e-44
1.023326701264995986e-43
1.057597602912696954e-43
1.093016226688919381e-43
1.129621009460533068e-43
1.167451675333460665e-43
1.206549278761904693e-43
1.246956249101329844e-43
1.288716436653468847e-43
1.331875160253404073e-43
1.376479256450284687e-43
1.422577130335132570e-43
1.470218808070813380e-43
1.519455991181264182e-43
1.570342112658806367e-43
1.622932394950522219e-43
1.677283909886527086e-43
1.733455640615275897e-43
1.791508545613007236e-43
1.851505624836902280e-43
1.913511988093634382e-43
1.977594925697620876e-43
2.043823981495535707e-43
2.112271028336457323e-43
2.183010346069422020e-43
2.256118702153141030e-43
2.331675434965306638e-43
2.409762539901859848e-43
2.490464758359765565e-43
2.573869669699717972e-43
2.660067786288726282e-43
2.749152651725567509e-43
2.841220942355865293e-43
2.936372572186787843e-43
3.034710801315402483e-43
3.136342347988163799e-43
3.241377504413340398e-43
3.349930256451864550e-43
3.462118407316695005e-43
3.578063705414727374e-43
3.697891976470199954e-43
3.821733260072761791e-43
3.949721950798612236e-43
4.081996944057614561e-43
4.218701786824926961e-43
4.359984833420442043e-43
4.505999406505383285e-43
4.656903963470476525e-43
4.812862268396566579e-43
4.974043569773982329e-43
5.140622784173833381e-43
5.312780686070240171e-43
5.490704104019814065e-43
5.674586123410963277e-43
5.864626296003389823e-43
6.061030856484810654e-43
6.264012946280291837e-43
6.473792844856696247e-43
6.690598208773645019e-43
6.914664318740015980e-43
7.146234334944505826e-43
7.385559560936910032e-43
7.632899716346944711e-43
7.888523218736092353e-43
8.152707474888830179e-43
8.425739181858859698e-43
8.707914638097549795e-43
8.999540065001697949e-43
9.300931939230111671e-43
9.612417336149088736e-43
9.934334284780078370e-43
1.026703213463410852e-42
1.061087193483173488e-42
1.096622682591927292e-42
1.133348244480702372e-42
1.171303734326889060e-42
1.210530342045697496e-42
1.251070636990142243e-42
1.292968614147986708e-42
1.336269741885841077e-42
1.381021011292142255e-42
1.427270987172668592e-42
1.475069860753845638e-42
1.524469504151106604e-42
1.575523526661319814e-42
1.628287332940494171e-42
1.682818183129799246e-42
1.739175254995232666e-42
1.797419708148249787e-42
1.857614750417200002e-42
1.919825706441482477e-42
1.984120088562898675e-42
2.050567670091177983e-42
2.119240561023061137e-42
2.190213286297271499e-42
2.263562866670177010e-42
2.339368902300002797e-42
2.417713659130165848e-42
2.498682158165648350e-42
2.582362267739159749e-42
2.668844798867321059e-42
2.758223603800195536e-42
2.850595677871320256e-42
2.946061264758596235e-42
3.044723965270409595e-42
3.146690849774839149e-42
3.252072574394214131e-42
3.360983501090909168e-42
3.473541821774864733e-42
3.589869686567287482e-42
3.710093336360003137e-42
3.834343239814102077e-42
3.962754234946707482e-42
4.095465675459301155e-42
4.232621581966683013e-42
4.374370798290458958e-42
4.520867152986842523e-42
4.672269626283806473e-42
4.828742522609081491e-42
4.990455648895955770e-42
5.157584498860606293e-42
5.330310443450611285e-42
5.508820927671736217e-42
5.693309674006260577e-42
5.883976892643858881e-42
6.081029498752821929e-42
6.284681337027852173e-42
6.495153413757760152e-42
6.712674136665189805e-42
6.937479562778233369e-42
7.169813654603474892e-42
7.409928544878008285e-42
7.658084810188105373e-42
7.914551753750993026e-42
8.179607697667204855e-42
8.453540284960187376e-42
8.736646791731327379e-42
9.029234449768612636e-42
9.331620779959700581e-42
9.644133936870678889e-42
9.967113064864899646e-42
1.030090866614772761e-41
1.064588298113738853e-41
1.100241038157408732e-41
1.137087777679448369e-41
1.175168503361174239e-41
1.214524541025767447e-41
1.255198600485721337e-41
1.297234821892243021e-41
1.340678823636835717e-41
1.385577751857138657e-41
1.431980331600671747e-41
1.479936919702073948e-41
1.529499559431124234e-41
1.580722036970968736e-41
1.633659939787755300e-41
1.688370716955049689e-41
1.744913741498532941e-41
1.803350374828534128e-41
1.863744033330457091e-41
1.926160257185260306e-41
1.990666781494760185e-41
2.057333609788816824e-41
2.126233089994335637e-41
2.197439992948399557e-41
2.271031593540831049e-41
2.347087754574109593e-41
2.425691013431818713e-41
2.506926671649536947e-41
2.590882887485497449e-41
2.677650771591298664e-41
2.767324485886708741e-41
2.860001345745692378e-41
2.955781925604683032e-41
3.054770168107528870e-41
3.157073496905787844e-41
3.262802933236597490e-41
3.372073216404780693e-41
3.485002928299727678e-41
3.601714622082444079e-41
3.722334955182207809e-41
3.846994826747332478e-41
3.975829519698963172e-41
4.108978847542363135e-41
4.246587306094773686e-41
4.388804230294693898e-41
4.535783956262485715e-41
4.687685988788507090e-41
4.844675174430272971e-41
5.006921880406700852e-41
5.174602179483267412e-41
5.347898041049122920e-41
5.526997528593183774e-41
5.712095003793790374e-41
5.903391337443018857e-41
6.101094127435031521e-41
6.305417924054635094e-41
6.516584462810847679e-41
6.734822905067724338e-41
6.960370086734104968e-41
7.193470775281738783e-41
7.434377935371044972e-41
7.683353003372302997e-41
7.940666171080774612e-41
8.206596678933171843e-41
8.481433119044055666e-41
8.765473748390501355e-41
9.059026812485548443e-41
9.362410879891175479e-41
9.675955187934250911e-41
9.999999999999999293e-41
