1.000000000000000056e-01 3.812580255745671165e-01
1.039255682936712638e-01 3.653287831293398624e-01
1.080052374516252828e-01 3.251545753903096747e-01
1.122450568085306410e-01 3.111246324075235270e-01
1.166513131698196093e-01 2.983079039310813085e-01
1.212305401337652189e-01 2.655416193923904045e-01
1.259895277795027302e-01 2.538634850035523249e-01
1.309353327353610374e-01 2.255531496711838668e-01
1.360752886424333452e-01 2.157498308481938520e-01
1.414170170289023587e-01 2.057124923448342690e-01
1.469684386112446450e-01 1.962014182597453527e-01
1.527377850390713721e-01 1.731631375066046974e-01
1.587336111010209105e-01 1.643176646710848843e-01
1.649648074098020167e-01 1.555140395900401762e-01
1.714406135851970769e-01 1.467805959661497017e-01
1.781706319545730832e-01 1.379845001991141518e-01
1.851648417912155065e-01 1.294378599988019185e-01
1.924336141115980114e-01 1.207600130915241904e-01
1.999877270535286022e-01 1.208128985865768584e-01
2.078383818579757347e-01 1.117479209040176114e-01
2.159972194782718291e-01 1.029332157282539517e-01
2.244763378413223709e-01 1.015459791510808785e-01
2.332883097864157096e-01 9.974161595448624573e-02
2.424462017082328336e-01 9.059427605665408556e-02
2.519635929317015077e-01 8.828356524748078027e-02
2.618545958474232660e-01 8.563294841042871919e-02
2.721338768375307082e-01 8.276464985053884338e-02
2.828166780230032540e-01 7.988149489536307268e-02
2.939188398646885858e-01 7.686283062382896769e-02
3.054568246515431684e-01 7.380602673602174035e-02
3.174477409109192627e-01 7.089184517715112210e-02
3.299093687770939809e-01 6.789821643582445720e-02
3.428601863556585694e-01 6.509305058439895930e-02
3.563193971228584833e-01 6.229792355552248029e-02
3.703069584005140302e-01 5.964029145090773282e-02
3.848436109487430312e-01 5.708669743681520081e-02
3.999509097203664543e-01 5.453870854843565624e-02
4.156512558225988752e-01 5.210145058889960323e-02
4.319679297334173551e-01 4.959069324507849735e-02
4.489251258218605600e-01 4.714820238920117146e-02
4.665479882234472853e-01 4.454148265071623813e-02
4.848626481239080577e-01 4.191183705381545249e-02
5.038962625065149803e-01 4.217738598423122209e-02
5.236770544204653044e-01 4.211153808977215196e-02
5.442343548300266898e-01 4.167131422678498065e-02
5.655986461065004578e-01 4.401049672962770859e-02
5.878016072274911963e-01 4.606312058732395243e-02
6.108761607505036606e-01 4.777922396219545786e-02
6.348565216305216419e-01 4.903219979895066805e-02
6.597782479539537892e-01 5.373447227686108801e-02
6.856782936641739878e-01 5.838881907546145805e-02
7.125950633568408632e-01 6.280474466192809135e-02
7.405684692262436419e-01 6.695753682225917547e-02
7.696399902471157128e-01 7.621080738200933236e-02
7.998527336796710241e-01 8.600502289409288348e-02
8.312514989890629202e-01 9.618580007339076754e-02
8.638828442740447144e-01 1.066453245848798942e-01
8.977951553033320931e-01 1.262275660798703458e-01
9.330387172620362435e-01 1.486251606770551958e-01
9.696657893145520513e-01 1.741059547059863599e-01
1.007730682094461150e+00 2.187924076481055635e-01
1.047289838236358461e+00 2.547286708066596739e-01
1.088401916069005937e+00 3.197074147527020904e-01
1.131127876593921444e+00 3.730226495756931437e-01
1.175531073878369304e+00 4.371788260338551058e-01
1.221677348996791812e+00 5.540360887039358362e-01
1.269635127659973550e+00 6.097373596196924428e-01
1.319475521676706009e+00 7.276952182675503478e-01
1.371272434398400186e+00 8.129280507759589769e-01
1.425102670302997865e+00 9.149555040200489930e-01
1.481046048880674704e+00 9.645896673755500750e-01
1.539185522990205390e+00 1.025402398497931022e+00
1.599607301861486919e+00 1.020615352097370643e+00
1.662400978926611872e+00 1.103316741815650204e+00
1.727659664669035644e+00 1.034127453417181153e+00
1.795480124687831358e+00 1.051566693476660541e+00
1.865962923181746058e+00 1.000358964954497942e+00
1.939212572065829976e+00 9.555842133597753918e-01
2.015337685941732904e+00 9.186922542113834522e-01
2.094451143151469630e+00 8.871397360371585661e-01
2.176670253153459189e+00 7.988057286755029240e-01
2.262116930469025178e+00 7.773077501935542477e-01
2.350917875457286588e+00 7.052176118547190953e-01
2.443204762186487855e+00 6.908168607279679962e-01
2.539114433680346838e+00 6.301687428439901595e-01
2.638789104828933141e+00 5.763620719539450654e-01
2.742376573264949435e+00 5.282878020515385797e-01
2.850030438518106557e+00 5.218621464309868285e-01
2.961910329772553307e+00 4.797496026774741296e-01
3.078182142565078383e+00 4.417581159122107026e-01
3.199018284775064114e+00 4.065774548678778300e-01
3.324597932270939804e+00 3.744446214303268627e-01
3.455107294592218103e+00 3.716034303821501572e-01
3.590739891061053068e+00 3.425259267283063402e-01
3.731696837732751959e+00 3.158064867501616524e-01
3.878187145610721753e+00 2.911155467369859196e-01
4.030428030568050879e+00 2.884721926819522886e-01
4.188645235435270564e+00 2.656041987889504741e-01
4.353073364731890216e+00 2.627155702030684048e-01
4.523956232538053790e+00 2.411670836531905338e-01
4.701547224022132099e+00 2.377750287193304557e-01
4.886109671160325796e+00 2.174986360251848494e-01
5.077917243205400943e+00 2.134878738520213926e-01
5.277254352483537581e+00 2.089603458062692931e-01
5.484416576121017961e+00 2.038955005422403155e-01
5.699711094326075589e+00 1.983296806563354109e-01
5.923457145875802965e+00 1.918400895007028040e-01
6.155986501483507567e+00 1.987088279720248263e-01
6.397643955748426592e+00 1.896911340678532620e-01
6.648787838417263174e+00 1.934826677107906179e-01
6.909790545715641663e+00 2.098589264520168696e-01
7.181039092537348623e+00 2.244984954987047920e-01
7.462935686310133043e+00 2.542145926643769593e-01
7.755898323389001980e+00 3.274916604183503721e-01
8.060361408861341559e+00 4.106455511847255657e-01
8.376776400682915735e+00 6.697387055010715073e-01
8.705612479099860579e+00 1.301801979329000325e+00
9.047357242349292505e+00 1.332794677119491951e+02
9.402517429670131932e+00 1.483202143401482545e+02
9.771619672696177261e+00 1.679879189771960739e+02
1.015521127634568010e+01 1.941853719440884731e+02
1.055386103036522982e+01 2.127834865897904137e+02
1.096816005273137939e+01 2.386253466094610189e+02
1.139872266616051455e+01 2.732479263424927467e+02
1.184618730902683659e+01 2.971781752081587911e+02
1.231121748203889510e+01 3.298118352414103924e+02
1.279450273207873323e+01 3.733429155110189868e+02
1.329675967466211262e+01 4.005528504491654758e+02
1.381873305653632222e+01 4.377139939901143180e+02
1.436119685999078754e+01 4.870584571363300483e+02
1.492495545051828998e+01 5.509441407214061428e+02
1.551084476952840596e+01 5.886972034857612925e+02
1.611973357388157169e+01 6.384132261453976298e+02
1.675252472408215354e+01 7.029958503531527185e+02
1.741015652304015404e+01 7.298993610397350267e+02
1.809360410738716496e+01 7.668016448690567586e+02
1.880388089340914703e+01 8.173022699538347524e+02
1.954204007974053425e+01 8.810722185515360252e+02
2.030917620904734733e+01 8.925628660360268896e+02
2.110642679101554720e+01 9.133690848890504412e+02
2.193497398905057949e+01 9.447268723279203186e+02
2.279604637318979599e+01 9.882047149792175560e+02
2.369092074182632146e+01 9.670880572532214501e+02
2.462092401494625449e+01 9.550841503638333734e+02
2.558743520168586372e+01 9.510431903775904630e+02
2.659188744512693603e+01 9.544987757526440646e+02
2.763577014736157267e+01 8.967056727266323151e+02
2.872063117797828014e+01 8.466944830709825283e+02
2.984807916924324189e+01 8.675762584642640149e+02
3.101978590138096692e+01 8.302520346027019968e+02
3.223748878149029906e+01 7.992570019830694719e+02
3.350299341977229517e+01 7.727122149536342022e+02
3.481817630688966148e+01 7.514438596435833233e+02
3.618498759642746876e+01 6.815379709228470801e+02
3.760545399658171561e+01 6.690750113784058613e+02
3.908168177536263954e+01 6.596707092452744519e+02
4.061585988376979373e+01 6.057153623814360799e+02
4.221026320156898493e+01 6.016538654897661900e+02
4.386725591048498529e+01 5.564846905897926490e+02
4.558929499981059053e+01 5.564296651319020839e+02
4.737893390963144213e+01 5.183220921879909611e+02
4.923882631706736390e+01 5.215848858969518460e+02
5.117173007114605099e+01 4.891348299458533120e+02
5.318051128214197121e+01 4.948113764350604811e+02
5.526814857144603366e+01 4.660075319519486357e+02
5.743773748826581027e+01 4.405963991900956103e+02
5.969249509970733669e+01 4.489275988773881068e+02
6.203576476104268522e+01 4.259244148136967283e+02
6.447102107323868836e+01 4.051729499081154700e+02
6.700187503509583564e+01 4.155922598079713453e+02
6.963207939763883303e+01 3.971904281052040915e+02
7.236553422869657481e+01 3.796348146907876639e+02
7.520629269592407695e+01 3.919514086929546579e+02
7.815856707684091020e+01 3.760723731631155715e+02
8.122673500479712061e+01 3.618745690726439648e+02
8.441534596012985503e+01 3.483679777162183200e+02
8.772912801613355782e+01 3.619827662566137860e+02
9.117299484984921776e+01 3.494935269106052260e+02
9.475205302806537588e+01 3.380033914103328243e+02
9.847160957933773773e+01 3.275879288021350249e+02
1.023371798632519187e+02 3.176390704434103895e+02
1.063544957486011242e+02 3.320523635052325062e+02
1.105295141126021008e+02 3.229706457051851203e+02
1.148684256737553540e+02 3.141315122463317380e+02
1.193776641714435698e+02 3.060405956059697132e+02
1.240639159058831780e+02 2.986166986756237520e+02
1.289341296525714426e+02 2.916930982893371151e+02
1.339955269659338342e+02 3.066657454394180036e+02
1.392556128874462047e+02 3.000523962752182570e+02
1.447221870741134353e+02 2.939440540277500418e+02
1.504033553638023761e+02 2.879335879079812344e+02
1.563075417945815673e+02 2.823102164853441423e+02
1.624435010958865462e+02 2.771004135598036555e+02
1.688203316700362677e+02 2.722667805189725527e+02
1.754474890833459710e+02 2.677761692748172209e+02
1.823348000868440408e+02 2.834626226492372894e+02
1.894924771873821783e+02 2.790273238117797518e+02
1.969311337907421660e+02 2.748968750195335247e+02
2.046617999391989713e+02 2.710465485686442548e+02
2.126959386668689831e+02 2.674540970183039690e+02
2.210454629971021632e+02 2.640496309270124584e+02
2.297227536071151235e+02 2.606789839980420425e+02
2.387406771860646870e+02 2.575307591942091676e+02
2.481126055137767707e+02 2.545884615252481922e+02
2.578524352884273867e+02 2.518371467175091709e+02
2.679746087325689246e+02 2.492632407229721423e+02
2.784941350080644042e+02 2.658932861029535388e+02
2.894266124716749005e+02 2.634021420833192337e+02
3.007882518043098798e+02 2.609905829651949034e+02
3.125959000482278043e+02 2.587335878836722713e+02
3.248670655878374873e+02 2.566210979389895783e+02
3.376199441111336910e+02 2.546438718949182487e+02
3.508734455902711034e+02 2.527934371883702624e+02
3.646472223212745121e+02 2.510619997271223554e+02
3.789616980644715909e+02 2.494423819530233857e+02
3.938380983288489006e+02 2.479279686390334803e+02
4.092984818452438276e+02 2.465126381208237660e+02
4.253657732750387481e+02 2.451907277211354881e+02
4.420637972028529816e+02 2.439569901421261306e+02
4.594173134636476448e+02 2.428065650999683953e+02
4.774520538566126220e+02 2.417349301819616016e+02
4.961947603002902838e+02 2.407378923088685383e+02
5.156732244854963483e+02 2.398115354097470515e+02
5.359163290848514407e+02 2.389335570145252916e+02
5.569540905800130304e+02 2.380776549195503264e+02
5.788177037701274230e+02 2.372870576104220959e+02
6.015395880274832052e+02 2.365585151672822803e+02
6.251534353689711452e+02 2.358890013007990945e+02
6.496942604146117901e+02 2.352756719235457865e+02
6.751984523072501361e+02 2.347158718394062760e+02
7.017038286703822223e+02 2.342071093300411349e+02
7.292496916841444090e+02 2.337470513338070930e+02
7.578768863625922450e+02 2.333335040103776805e+02
7.876278611187054821e+02 2.329644080515182623e+02
8.185467307069020535e+02 2.326378263748014206e+02
8.506793416364153018e+02 2.323519345458001055e+02
8.840733401525062618e+02 2.321050161634748576e+02
9.187782428863330324e+02 2.318954536916180018e+02
9.548455102782293125e+02 2.317217225211523441e+02
9.923286228832545248e+02 2.315823805830773381e+02
1.031283160672184749e+03 2.314760704436490073e+02
1.071766885445503476e+03 2.314015068623862135e+02
1.113839826482618264e+03 2.313574753903403405e+02
1.157564369553303550e+03 2.313428267310044077e+02
1.203005349423324333e+03 2.313564706473448496e+02
1.250230145991456084e+03 2.313973813026572373e+02
1.299308784200414493e+03 2.314645807972462705e+02
1.350314037869872209e+03 2.315571429247828235e+02
1.403321537605484764e+03 2.316741912954501004e+02
1.458409882943986304e+03 2.318148912551642979e+02
1.515660758900601195e+03 2.319784553425705553e+02
1.575159057091621207e+03 2.321641313672425042e+02
1.636993001611701857e+03 2.323712045746746355e+02
1.701254279852589207e+03 2.325989986886210943e+02
1.768038178457205049e+03 2.328468679008854281e+02
1.837443724610724757e+03 2.331142001257817924e+02
1.909573832878096709e+03 2.334004115790024230e+02
1.984535457805803162e+03 2.337049471785491903e+02
2.062439752514092561e+03 2.340272788596318208e+02
2.143402233514854743e+03 2.343669039004800823e+02
2.227542951999556408e+03 2.347233413804750342e+02
2.314986671851160736e+03 2.350961377215119228e+02
2.405863054644066779e+03 2.354848554015258912e+02
2.500306851906321299e+03 2.358890809518426863e+02
2.598458104929247384e+03 2.363084191687635212e+02
2.700462352420682237e+03 2.367424937872932276e+02
2.806470846309838635e+03 2.371909423683539160e+02
2.916640776023700710e+03 2.376534311103177401e+02
3.031135501567576284e+03 2.381296275285237130e+02
3.150124795755327796e+03 2.386192208936480483e+02
3.273785095948577236e+03 2.391219149009895659e+02
3.402299765678064432e+03 2.396067505425100705e+02
3.535859366535175923e+03 2.229113309150905025e+02
3.674661940736687939e+03 2.233808039825744345e+02
3.818913304781854094e+03 2.238606586355053594e+02
3.968827354637157896e+03 2.243507403613733118e+02
4.124626382901347824e+03 2.248508445458650726e+02
4.286541408420925109e+03 2.253607830051912515e+02
4.454812518844988517e+03 2.258803747789024214e+02
4.629689226627267999e+03 2.264094474082126283e+02
4.811430839003254732e+03 2.269478356303866349e+02
5.000306842491089810e+03 2.274953833181027960e+02
5.196597302486196895e+03 2.280519387457816833e+02
5.400593278542373810e+03 2.286173629046527367e+02
5.612597255954965476e+03 2.291915167743483437e+02
5.832923594286199659e+03 2.297742730601280812e+02
6.061898993497572519e+03 2.303655097293863321e+02
6.299862978380693676e+03 2.309651069782372872e+02
6.547168402004729614e+03 2.315729578356237255e+02
6.804181968927094204e+03 2.321889518634054639e+02
7.071284778942996127e+03 2.328129960374668030e+02
7.348872892180387680e+03 2.334449906109020105e+02
7.637357916378011396e+03 2.340848305668861542e+02
7.937167617217543011e+03 2.347324782162717156e+02
8.248746552614580651e+03 2.353878067642508540e+02
8.572556731909324299e+03 2.360507543585050030e+02
8.909078300934124854e+03 2.367212337088697609e+02
9.258810253973944782e+03 2.373992276107845498e+02
9.622271173675135287e+03 2.380846206304472048e+02
1.000000000000000000e+04 2.216912447007356093e+02
