1.000000000000000056e-01 nan
1.039255682936712638e-01 nan
1.080052374516252828e-01 nan
1.122450568085306410e-01 nan
1.166513131698196093e-01 nan
1.212305401337652189e-01 nan
1.259895277795027302e-01 nan
1.309353327353610374e-01 nan
1.360752886424333452e-01 4.470892659423529203e+00
1.414170170289023587e-01 2.424679722541736027e+00
1.469684386112446450e-01 1.746109719019018236e+00
1.527377850390713721e-01 1.523014246993880993e+00
1.587336111010209105e-01 1.320516209415884656e+00
1.649648074098020167e-01 1.255953802676452735e+00
1.714406135851970769e-01 1.185927747702474111e+00
1.781706319545730832e-01 1.112495503037749689e+00
1.851648417912155065e-01 1.036438942750760317e+00
1.924336141115980114e-01 1.057481818563557274e+00
1.999877270535286022e-01 9.694607708514768607e-01
2.078383818579757347e-01 9.736043976654189525e-01
2.159972194782718291e-01 1.071204707396847589e+00
2.244763378413223709e-01 1.059625321424546573e+00
2.332883097864157096e-01 1.149052526351595827e+00
2.424462017082328336e-01 1.239876829436949324e+00
2.519635929317015077e-01 1.331356963886588751e+00
2.618545958474232660e-01 1.573292745223738187e+00
2.721338768375307082e-01 1.855183821074343431e+00
2.828166780230032540e-01 2.939253809252978744e+00
2.939188398646885858e-01 nan
3.054568246515431684e-01 nan
3.174477409109192627e-01 nan
3.299093687770939809e-01 nan
3.428601863556585694e-01 nan
3.563193971228584833e-01 nan
3.703069584005140302e-01 7.958266209749625952e-01
3.848436109487430312e-01 4.479376690776033509e-01
3.999509097203664543e-01 3.026859907909793534e-01
4.156512558225988752e-01 2.468239155814118124e-01
4.319679297334173551e-01 1.993085189751992170e-01
4.489251258218605600e-01 1.758841011162848023e-01
4.665479882234472853e-01 1.531919400167302547e-01
4.848626481239080577e-01 1.315713416735565244e-01
5.038962625065149803e-01 1.228107821829864388e-01
5.236770544204653044e-01 1.242082594096241138e-01
5.442343548300266898e-01 1.231274695650017709e-01
5.655986461065004578e-01 1.194155382975349011e-01
5.878016072274911963e-01 1.135207317507478247e-01
6.108761607505036606e-01 1.165443043256674110e-01
6.348565216305216419e-01 1.293071302658095889e-01
6.597782479539537892e-01 1.272970174237048335e-01
6.856782936641739878e-01 1.355096653619982938e-01
7.125950633568408632e-01 1.555490842167472076e-01
7.405684692262436419e-01 1.744803312224384728e-01
7.696399902471157128e-01 2.108079626485430402e-01
7.998527336796710241e-01 2.477574707687119904e-01
8.312514989890629202e-01 3.125044413174159486e-01
8.638828442740447144e-01 4.215985177460211952e-01
8.977951553033320931e-01 7.389064298712025858e-01
9.330387172620362435e-01 1.763435739811158101e+02
9.696657893145520513e-01 1.788509423512973342e+02
1.007730682094461150e+00 1.753319617660793028e+02
1.047289838236358461e+00 1.818874627221873368e+02
1.088401916069005937e+00 1.793396621794141481e+02
1.131127876593921444e+00 1.842061574454945401e+02
1.175531073878369304e+00 1.963650480824493343e+02
1.221677348996791812e+00 1.959335558114231048e+02
1.269635127659973550e+00 2.013136001313552299e+02
1.319475521676706009e+00 2.122092765869925586e+02
1.371272434398400186e+00 2.290470896184919809e+02
1.425102670302997865e+00 2.288115987107926799e+02
1.481046048880674704e+00 2.572616075672734155e+02
1.539185522990205390e+00 2.663011780301575300e+02
1.599607301861486919e+00 3.092339003703820595e+02
1.662400978926611872e+00 3.297035569129280930e+02
1.727659664669035644e+00 3.930290039015350771e+02
1.795480124687831358e+00 4.731864657768351776e+02
1.865962923181746058e+00 5.745818363301482350e+02
1.939212572065829976e+00 7.754624053861972470e+02
2.015337685941732904e+00 1.155858517434090800e+03
2.094451143151469630e+00 2.083799004666128894e+03
2.176670253153459189e+00 3.078484169161106365e+03
2.262116930469025178e+00 4.149706270918736664e+03
2.350917875457286588e+00 4.630506219150399374e+03
2.443204762186487855e+00 5.762458951226423778e+03
2.539114433680346838e+00 6.576999612220503877e+03
2.638789104828933141e+00 6.871221407047305547e+03
2.742376573264949435e+00 8.011490749873411914e+03
2.850030438518106557e+00 9.436364657771449856e+03
2.961910329772553307e+00 1.124060845923637316e+04
3.078182142565078383e+00 1.353590892637080469e+04
3.199018284775064114e+00 1.645080973606517364e+04
3.324597932270939804e+00 2.016600153296961798e+04
3.455107294592218103e+00 3.040185927055378852e+04
3.590739891061053068e+00 5.081275368234229973e+04
3.731696837732751959e+00 nan
3.878187145610721753e+00 nan
4.030428030568050879e+00 9.978542580254592398e-01
4.188645235435270564e+00 6.875004236616895081e-01
4.353073364731890216e+00 5.707474223886355169e-01
4.523956232538053790e+00 4.690842145458583023e-01
4.701547224022132099e+00 4.217839777863989226e-01
4.886109671160325796e+00 3.754942703602077714e-01
5.077917243205400943e+00 3.642822649570679472e-01
5.277254352483537581e+00 3.489447382615424309e-01
5.484416576121017961e+00 3.289509374331442415e-01
5.699711094326075589e+00 3.352331678432864948e-01
5.923457145875802965e+00 3.674623707777269210e-01
6.155986501483507567e+00 3.884311719816701536e-01
6.397643955748426592e+00 4.746637930404767891e-01
6.648787838417263174e+00 6.533353938847253906e-01
6.909790545715641663e+00 4.483417654785764626e+02
7.181039092537348623e+00 2.604340468450149615e+02
7.462935686310133043e+00 2.186701110175826273e+02
7.755898323389001980e+00 2.741042210961473984e+02
8.060361408861341559e+00 3.922993233004611966e+02
8.376776400682915735e+00 6.267758175526917057e+02
8.705612479099860579e+00 nan
9.047357242349292505e+00 nan
9.402517429670131932e+00 nan
9.771619672696177261e+00 nan
1.015521127634568010e+01 nan
1.055386103036522982e+01 nan
1.096816005273137939e+01 nan
1.139872266616051455e+01 nan
1.184618730902683659e+01 nan
1.231121748203889510e+01 nan
1.279450273207873323e+01 nan
1.329675967466211262e+01 5.515751165893654252e+04
1.381873305653632222e+01 4.728303793403563759e+04
1.436119685999078754e+01 4.162725779431814590e+04
1.492495545051828998e+01 3.823456290272194747e+04
1.551084476952840596e+01 3.202934993141982341e+04
1.611973357388157169e+01 3.034967528526898241e+04
1.675252472408215354e+01 2.940970023734312053e+04
1.741015652304015404e+01 2.909334258413506905e+04
1.809360410738716496e+01 2.655060996449547019e+04
1.880388089340914703e+01 2.725003945518403998e+04
1.954204007974053425e+01 2.846934480406175499e+04
2.030917620904734733e+01 2.733292108793840816e+04
2.110642679101554720e+01 2.942728738173048623e+04
2.193497398905057949e+01 2.907971357244211322e+04
2.279604637318979599e+01 3.215366118320611349e+04
2.369092074182632146e+01 3.255379054708205513e+04
2.462092401494625449e+01 3.682620481686161656e+04
2.558743520168586372e+01 3.807279115063749487e+04
2.659188744512693603e+01 4.383644200278593053e+04
2.763577014736157267e+01 5.619228156790488720e+04
2.872063117797828014e+01 nan
2.984807916924324189e+01 nan
3.101978590138096692e+01 nan
3.223748878149029906e+01 nan
3.350299341977229517e+01 nan
3.481817630688966148e+01 nan
3.618498759642746876e+01 nan
3.760545399658171561e+01 nan
3.908168177536263954e+01 nan
4.061585988376979373e+01 nan
4.221026320156898493e+01 nan
4.386725591048498529e+01 nan
4.558929499981059053e+01 nan
4.737893390963144213e+01 nan
4.923882631706736390e+01 nan
5.117173007114605099e+01 nan
5.318051128214197121e+01 nan
5.526814857144603366e+01 nan
5.743773748826581027e+01 nan
5.969249509970733669e+01 nan
6.203576476104268522e+01 nan
6.447102107323868836e+01 nan
6.700187503509583564e+01 nan
6.963207939763883303e+01 nan
7.236553422869657481e+01 nan
7.520629269592407695e+01 1.014017559577547786e+03
7.815856707684091020e+01 8.926494267649154608e+02
8.122673500479712061e+01 8.703597009725632461e+02
8.441534596012985503e+01 7.682837745491046917e+02
8.772912801613355782e+01 7.511346095392973439e+02
9.117299484984921776e+01 7.358069396028847677e+02
9.475205302806537588e+01 7.221283088064124058e+02
9.847160957933773773e+01 7.095324207730850503e+02
1.023371798632519187e+02 6.315946991201519722e+02
1.063544957486011242e+02 6.225113831469366232e+02
1.105295141126021008e+02 6.145078168451109377e+02
1.148684256737553540e+02 6.074921054219863663e+02
1.193776641714435698e+02 6.013830240995613394e+02
1.240639159058831780e+02 5.960266550595555373e+02
1.289341296525714426e+02 5.913478867664069867e+02
1.339955269659338342e+02 5.874176823880795837e+02
1.392556128874462047e+02 5.841831330689028619e+02
1.447221870741134353e+02 5.815978593494785400e+02
1.504033553638023761e+02 5.796207644050897443e+02
1.563075417945815673e+02 5.782154416934423580e+02
1.624435010958865462e+02 5.223506850438466245e+02
1.688203316700362677e+02 5.219303681557622667e+02
1.754474890833459710e+02 5.219434324854663600e+02
1.823348000868440408e+02 5.223694099386979133e+02
1.894924771873821783e+02 5.231915233834673700e+02
1.969311337907421660e+02 5.243945604855432521e+02
2.046617999391989713e+02 5.259648173641649009e+02
2.126959386668689831e+02 5.278902568915364100e+02
2.210454629971021632e+02 5.301613361583737287e+02
2.297227536071151235e+02 5.327697611796602359e+02
2.387406771860646870e+02 4.846889983091197109e+02
2.481126055137767707e+02 4.874943668693096015e+02
2.578524352884273867e+02 4.905800843925741219e+02
2.679746087325689246e+02 4.939428468983969083e+02
2.784941350080644042e+02 4.975737551727366963e+02
2.894266124716749005e+02 5.013505258442565946e+02
3.007882518043098798e+02 5.053887793245702369e+02
3.125959000482278043e+02 5.096882898595015376e+02
3.248670655878374873e+02 4.653881679383245569e+02
3.376199441111336910e+02 4.695817135066941432e+02
3.508734455902711034e+02 4.740041536146219983e+02
3.646472223212745121e+02 4.786573682969666947e+02
3.789616980644715909e+02 4.835426120074773735e+02
3.938380983288489006e+02 4.886618164881263056e+02
4.092984818452438276e+02 4.940178579434909807e+02
4.253657732750387481e+02 4.995413780930027770e+02
4.420637972028529816e+02 4.571340809520189055e+02
4.594173134636476448e+02 4.622690526765380241e+02
4.774520538566126220e+02 4.676135387190681172e+02
4.961947603002902838e+02 4.731716098011759186e+02
5.156732244854963483e+02 4.789464622977588419e+02
5.359163290848514407e+02 4.849425887399341946e+02
5.569540905800130304e+02 4.911654719387320824e+02
5.788177037701274230e+02 4.501847293186994534e+02
6.015395880274832052e+02 4.559524362957012613e+02
6.251534353689711452e+02 4.618096176595411180e+02
6.496942604146117901e+02 4.678718721675264760e+02
6.751984523072501361e+02 4.741443613846327025e+02
7.017038286703822223e+02 4.806319590998019180e+02
7.292496916841444090e+02 4.410371502867751587e+02
7.578768863625922450e+02 4.471066355092372646e+02
7.876278611187054821e+02 4.533769665501504846e+02
8.185467307069020535e+02 4.596497397570344106e+02
8.506793416364153018e+02 4.661187852051783693e+02
8.840733401525062618e+02 4.727964077414314374e+02
9.187782428863330324e+02 4.796882721898110731e+02
9.548455102782293125e+02 4.404538241988843197e+02
9.923286228832545248e+02 4.468788853126328604e+02
1.031283160672184749e+03 4.535051587201841699e+02
1.071766885445503476e+03 4.601208984655847871e+02
1.113839826482618264e+03 4.669386369691973755e+02
1.157564369553303550e+03 4.739666603515869951e+02
1.203005349423324333e+03 4.354768923356912182e+02
1.250230145991456084e+03 4.420170481175200052e+02
1.299308784200414493e+03 4.487555080174450950e+02
1.350314037869872209e+03 4.556306533530651564e+02
1.403321537605484764e+03 4.625543973034860983e+02
1.458409882943986304e+03 4.696859875634646642e+02
1.515660758900601195e+03 4.317533745843448969e+02
1.575159057091621207e+03 4.383819319407760986e+02
1.636993001611701857e+03 4.452067734160950181e+02
1.701254279852589207e+03 4.522338650712097206e+02
1.768038178457205049e+03 4.592826834289944031e+02
1.837443724610724757e+03 4.664949665888478876e+02
1.909573832878096709e+03 4.289793345284118118e+02
1.984535457805803162e+03 4.356774579137207297e+02
2.062439752514092561e+03 4.425704019373652045e+02
2.143402233514854743e+03 4.496645954568855359e+02
2.227542951999556408e+03 4.568595156721843864e+02
2.314986671851160736e+03 4.641364080486372359e+02
2.405863054644066779e+03 4.269312368152534987e+02
2.500306851906321299e+03 4.336855283886341113e+02
2.598458104929247384e+03 4.406337264917381162e+02
2.700462352420682237e+03 4.477822505709709731e+02
2.806470846309838635e+03 4.550889816842382061e+02
2.916640776023700710e+03 4.624186142615494646e+02
3.031135501567576284e+03 4.699594674835662431e+02
3.150124795755327796e+03 4.322437396654088388e+02
3.273785095948577236e+03 4.392374779443868533e+02
3.402299765678064432e+03 4.464314101010284048e+02
3.535859366535175923e+03 4.538240656389725132e+02
3.674661940736687939e+03 4.611982085900954758e+02
3.818913304781854094e+03 4.687828802802106907e+02
3.968827354637157896e+03 4.312291150547026746e+02
4.124626382901347824e+03 4.382614877640099849e+02
4.286541408420925109e+03 4.454938771739712138e+02
4.454812518844988517e+03 4.529327387568524159e+02
4.629689226627267999e+03 4.603649366502920088e+02
4.811430839003254732e+03 4.679870116760620817e+02
5.000306842491089810e+03 4.305479334350057457e+02
5.196597302486196895e+03 4.376137940098898298e+02
5.400593278542373810e+03 4.448793834918197945e+02
5.612597255954965476e+03 4.523518097995269613e+02
5.832923594286199659e+03 4.598351692708649807e+02
6.061898993497572519e+03 4.674907677531948593e+02
6.299862978380693676e+03 4.301281494348116894e+02
6.547168402004729614e+03 4.372234470724799849e+02
6.804181968927094204e+03 4.445186426124853369e+02
7.071284778942996127e+03 4.520207035122512025e+02
7.348872892180387680e+03 4.595436490818785842e+02
7.637357916378011396e+03 4.672287813794749809e+02
7.937167617217543011e+03 4.299139863486962554e+02
8.248746552614580651e+03 4.370356506678106712e+02
8.572556731909324299e+03 4.443574310590094569e+02
8.909078300934124854e+03 4.518863391241026761e+02
9.258810253973944782e+03 4.594399538825892364e+02
9.622271173675135287e+03 4.671520824376729024e+02
1.000000000000000000e+04 4.298617322402500918e+02
