1.000000000000000056e-01 9.476154130037947598e-02
1.039255682936712638e-01 8.881911358001547130e-02
1.080052374516252828e-01 7.823299115670231951e-02
1.122450568085306410e-01 7.363886571505708079e-02
1.166513131698196093e-01 6.954826349754715531e-02
1.212305401337652189e-01 6.156760603557877992e-02
1.259895277795027302e-01 5.833495103519781982e-02
1.309353327353610374e-01 5.173198376533520715e-02
1.360752886424333452e-01 4.912174656261952127e-02
1.414170170289023587e-01 4.656889553895589978e-02
1.469684386112446450e-01 4.419937339257154485e-02
1.527377850390713721e-01 3.921048617580078638e-02
1.587336111010209105e-01 3.718599260630139208e-02
1.649648074098020167e-01 3.515205461441574253e-02
1.714406135851970769e-01 3.319927844983142085e-02
1.781706319545730832e-01 3.129044746373433467e-02
1.851648417912155065e-01 2.939370519245925253e-02
1.924336141115980114e-01 2.754761086852455104e-02
1.999877270535286022e-01 2.573709663639110051e-02
2.078383818579757347e-01 2.392708304126508687e-02
2.159972194782718291e-01 2.217086080600877418e-02
2.244763378413223709e-01 2.186510134315565804e-02
2.332883097864157096e-01 2.009793738538118157e-02
2.424462017082328336e-01 1.967821633197479672e-02
2.519635929317015077e-01 1.918786929831898386e-02
2.618545958474232660e-01 1.746237081495563212e-02
2.721338768375307082e-01 1.692420723581722700e-02
2.828166780230032540e-01 1.638783599486439563e-02
2.939188398646885858e-01 1.582655545532676150e-02
3.054568246515431684e-01 1.526653320925060349e-02
3.174477409109192627e-01 1.472652979043296076e-02
3.299093687770939809e-01 1.328093886160897422e-02
3.428601863556585694e-01 1.278889297358272795e-02
3.563193971228584833e-01 1.232577846262826807e-02
3.703069584005140302e-01 1.185746871457685030e-02
3.848436109487430312e-01 1.141836394347183967e-02
3.999509097203664543e-01 1.098182429473149903e-02
4.156512558225988752e-01 1.054517176448946901e-02
4.319679297334173551e-01 1.011368010321304911e-02
4.489251258218605600e-01 9.662599890980120426e-03
4.665479882234472853e-01 9.200578555238897449e-03
4.848626481239080577e-01 8.706828330244083605e-03
5.038962625065149803e-01 8.746971395964342130e-03
5.236770544204653044e-01 8.722115540845199258e-03
5.442343548300266898e-01 8.623647595351134620e-03
5.655986461065004578e-01 9.018182270248772600e-03
5.878016072274911963e-01 9.354752491261952158e-03
6.108761607505036606e-01 9.595006224507464376e-03
6.348565216305216419e-01 1.041711077675637996e-02
6.597782479539537892e-01 1.120241483442294128e-02
6.856782936641739878e-01 1.191162040538728054e-02
7.125950633568408632e-01 1.340933923127620754e-02
7.405684692262436419e-01 1.492625200828418854e-02
7.696399902471157128e-01 1.644447691252903451e-02
7.998527336796710241e-01 1.794133072695291986e-02
8.312514989890629202e-01 2.068953954257364211e-02
8.638828442740447144e-01 2.527859821029432297e-02
8.977951553033320931e-01 2.869108092726952580e-02
9.330387172620362435e-01 3.457408849344084656e-02
9.696657893145520513e-01 4.148195348209634398e-02
1.007730682094461150e+00 4.964921548452756045e-02
1.047289838236358461e+00 5.942298907955330389e-02
1.088401916069005937e+00 7.124313070233290190e-02
1.131127876593921444e+00 8.569064795076590524e-02
1.175531073878369304e+00 1.035756870785542599e-01
1.221677348996791812e+00 1.179372547960086670e-01
1.269635127659973550e+00 1.355043630831972712e-01
1.319475521676706009e+00 1.566403801795120121e-01
1.371272434398400186e+00 1.711020800406055642e-01
1.425102670302997865e+00 1.766271444353705866e-01
1.481046048880674704e+00 1.963786312154846558e-01
1.539185522990205390e+00 2.058229664051097196e-01
1.599607301861486919e+00 2.037465150666030456e-01
1.662400978926611872e+00 2.032594524303729944e-01
1.727659664669035644e+00 2.041868958569638126e-01
1.795480124687831358e+00 1.933181824239038615e-01
1.865962923181746058e+00 1.839968820668581861e-01
1.939212572065829976e+00 1.762441067521508253e-01
2.015337685941732904e+00 1.694862064755101594e-01
2.094451143151469630e+00 1.638660675803357003e-01
2.176670253153459189e+00 1.488522585529751530e-01
2.262116930469025178e+00 1.448541470716517288e-01
2.350917875457286588e+00 1.324352109721995407e-01
2.443204762186487855e+00 1.213945263404055119e-01
2.539114433680346838e+00 1.115706414437211275e-01
2.638789104828933141e+00 1.096857640925974625e-01
2.742376573264949435e+00 1.011588150273146219e-01
2.850030438518106557e+00 9.341884195909187782e-02
2.961910329772553307e+00 8.631278643832593356e-02
3.078182142565078383e+00 7.980426656132710850e-02
3.199018284775064114e+00 7.381418280095024265e-02
3.324597932270939804e+00 7.295473677672539847e-02
3.455107294592218103e+00 6.748207017448158707e-02
3.590739891061053068e+00 6.240487507791831617e-02
3.731696837732751959e+00 5.766461129545130682e-02
3.878187145610721753e+00 5.683436002455597574e-02
4.030428030568050879e+00 5.239196607136678563e-02
4.188645235435270564e+00 5.148755924322553912e-02
4.353073364731890216e+00 4.726622666575367587e-02
4.523956232538053790e+00 4.623591774633258739e-02
4.701547224022132099e+00 4.511773958338699542e-02
4.886109671160325796e+00 4.382525505018074891e-02
5.077917243205400943e+00 4.237969698467822927e-02
5.277254352483537581e+00 4.081516109475050169e-02
5.484416576121017961e+00 3.898387837917926396e-02
5.699711094326075589e+00 3.948367891632310889e-02
5.923457145875802965e+00 4.228179712131517609e-02
6.155986501483507567e+00 4.184005259254405806e-02
6.397643955748426592e+00 4.640752327564252877e-02
6.648787838417263174e+00 5.386972551757790439e-02
6.909790545715641663e+00 6.942870596670866479e-02
7.181039092537348623e+00 9.866697150296832586e-02
7.462935686310133043e+00 1.740892470954027438e-01
7.755898323389001980e+00 3.372376126091307214e+01
8.060361408861341559e+00 4.167046891971404676e+01
8.376776400682915735e+00 4.919706143295619682e+01
8.705612479099860579e+00 5.559395437089003877e+01
9.047357242349292505e+00 6.450038368556414525e+01
9.402517429670131932e+00 7.202720917715357984e+01
9.771619672696177261e+00 8.259849967510074009e+01
1.015521127634568010e+01 9.114073570628441701e+01
1.055386103036522982e+01 1.032984538302677890e+02
1.096816005273137939e+01 1.199424695818569404e+02
1.139872266616051455e+01 1.337526554474762008e+02
1.184618730902683659e+01 1.527106630487569419e+02
1.231121748203889510e+01 1.669012618758406461e+02
1.279450273207873323e+01 1.862605782414484850e+02
1.329675967466211262e+01 1.987854029335555595e+02
1.381873305653632222e+01 2.162481825326268563e+02
1.436119685999078754e+01 2.241295529800144948e+02
1.492495545051828998e+01 2.366590391645620173e+02
1.551084476952840596e+01 2.376777633303956634e+02
1.611973357388157169e+01 2.422723208089827551e+02
1.675252472408215354e+01 2.347060892062187634e+02
1.741015652304015404e+01 2.303291799966319786e+02
1.809360410738716496e+01 2.289461380888279791e+02
1.880388089340914703e+01 2.303160731010807467e+02
1.954204007974053425e+01 2.193256481569969480e+02
2.030917620904734733e+01 2.108353533568699163e+02
2.110642679101554720e+01 1.915633796182702611e+02
2.193497398905057949e+01 1.875854720929392556e+02
2.279604637318979599e+01 1.852625764670602564e+02
2.369092074182632146e+01 1.725343795167787562e+02
2.462092401494625449e+01 1.619254814336694608e+02
2.558743520168586372e+01 1.634282897904803917e+02
2.659188744512693603e+01 1.552423829621764924e+02
2.763577014736157267e+01 1.485017673845885611e+02
2.872063117797828014e+01 1.427159733156618131e+02
2.984807916924324189e+01 1.380196432311352339e+02
3.101978590138096692e+01 1.340468008622404454e+02
3.223748878149029906e+01 1.224725596035753910e+02
3.350299341977229517e+01 1.200347942101151943e+02
3.481817630688966148e+01 1.181814386340527818e+02
3.618498759642746876e+01 1.168467277608224606e+02
3.760545399658171561e+01 1.159816816662834782e+02
3.908168177536263954e+01 1.081086772271015377e+02
4.061585988376979373e+01 1.080663140970422802e+02
4.221026320156898493e+01 1.083980723154357833e+02
4.386725591048498529e+01 1.021308407894096320e+02
4.558929499981059053e+01 1.031192864907037290e+02
4.737893390963144213e+01 9.767205530411911241e+01
4.923882631706736390e+01 9.916576788884708549e+01
5.117173007114605099e+01 9.458519729598791059e+01
5.318051128214197121e+01 9.651024281233060265e+01
5.526814857144603366e+01 9.246214884512728815e+01
5.743773748826581027e+01 9.491491710066469523e+01
5.969249509970733669e+01 9.132052336825459804e+01
6.203576476104268522e+01 8.813888220278059293e+01
6.447102107323868836e+01 9.103561773870966078e+01
6.700187503509583564e+01 8.823711019447227955e+01
6.963207939763883303e+01 9.153185953658234553e+01
7.236553422869657481e+01 8.904904707295165167e+01
7.520629269592407695e+01 8.684178831602375226e+01
7.815856707684091020e+01 8.478398755180818114e+01
8.122673500479712061e+01 8.857821796747370513e+01
8.441534596012985503e+01 8.681551997515168750e+01
8.772912801613355782e+01 8.517502434271146683e+01
9.117299484984921776e+01 8.367524867001472444e+01
9.475205302806537588e+01 8.233702668670817104e+01
9.847160957933773773e+01 8.672235512526624746e+01
1.023371798632519187e+02 8.555489700097308514e+01
1.063544957486011242e+02 8.448616178541165311e+01
1.105295141126021008e+02 8.353731939419583341e+01
1.148684256737553540e+02 8.269711364891453798e+01
1.193776641714435698e+02 8.195569971903911721e+01
1.240639159058831780e+02 8.130444550531541381e+01
1.289341296525714426e+02 8.073576162347860929e+01
1.339955269659338342e+02 8.024296124562550858e+01
1.392556128874462047e+02 7.982013233288117249e+01
1.447221870741134353e+02 8.488015867228543243e+01
1.504033553638023761e+02 8.454505209641544639e+01
1.563075417945815673e+02 8.427324571246602147e+01
1.624435010958865462e+02 8.406056467509543495e+01
1.688203316700362677e+02 8.390329596859677963e+01
1.754474890833459710e+02 8.379813227178354396e+01
1.823348000868440408e+02 8.374213091666621267e+01
1.894924771873821783e+02 7.842344853139556449e+01
1.969311337907421660e+02 7.845478065187511163e+01
2.046617999391989713e+02 7.852591780908346664e+01
2.126959386668689831e+02 7.863449201232766939e+01
2.210454629971021632e+02 7.877080031862230669e+01
2.297227536071151235e+02 7.893989541018909506e+01
2.387406771860646870e+02 7.914059777512214566e+01
2.481126055137767707e+02 7.937184688194311377e+01
2.578524352884273867e+02 7.963270743722117118e+01
2.679746087325689246e+02 7.992235081968169652e+01
2.784941350080644042e+02 8.024001874283671043e+01
2.894266124716749005e+02 8.058513545249661547e+01
3.007882518043098798e+02 8.095707129612476649e+01
3.125959000482278043e+02 8.135536251571031130e+01
3.248670655878374873e+02 8.177959125123736328e+01
3.376199441111336910e+02 7.698789506726502907e+01
3.508734455902711034e+02 7.743552232688104198e+01
3.646472223212745121e+02 7.790682242511294930e+01
3.789616980644715909e+02 7.840160820432171818e+01
3.938380983288489006e+02 7.890106289515708227e+01
4.092984818452438276e+02 7.940790165550006918e+01
4.253657732750387481e+02 7.993629382776558145e+01
4.420637972028529816e+02 8.048620353858754584e+01
4.594173134636476448e+02 8.105764290703076824e+01
4.774520538566126220e+02 7.643592184075897933e+01
4.961947603002902838e+02 7.701533107324584648e+01
5.156732244854963483e+02 7.761527914596395306e+01
5.359163290848514407e+02 7.823586387325637759e+01
5.569540905800130304e+02 7.886137503459104892e+01
5.788177037701274230e+02 7.948157252785780713e+01
6.015395880274832052e+02 8.012131020653396263e+01
6.251534353689711452e+02 8.078077916291864824e+01
6.496942604146117901e+02 7.625254524883061436e+01
6.751984523072501361e+02 7.691213198742381962e+01
7.017038286703822223e+02 7.759102281500314291e+01
7.292496916841444090e+02 7.828948963997707722e+01
7.578768863625922450e+02 7.898358932541701449e+01
7.876278611187054821e+02 7.967495195199903435e+01
8.185467307069020535e+02 8.038509632657462589e+01
8.506793416364153018e+02 7.592389349345032201e+01
8.840733401525062618e+02 7.662974622782571998e+01
9.187782428863330324e+02 7.735423950964852224e+01
9.548455102782293125e+02 7.809770895547082148e+01
9.923286228832545248e+02 7.884565098042794773e+01
1.031283160672184749e+03 7.957832417149381854e+01
1.071766885445503476e+03 8.032935309334264673e+01
1.113839826482618264e+03 7.590768619124436611e+01
1.157564369553303550e+03 7.665145139283258402e+01
1.203005349423324333e+03 7.741360322249407488e+01
1.250230145991456084e+03 7.819452352005264117e+01
1.299308784200414493e+03 7.897126200164545651e+01
1.350314037869872209e+03 7.973868092677132324e+01
1.403321537605484764e+03 8.052433860074829397e+01
1.458409882943986304e+03 7.612276240013838446e+01
1.515660758900601195e+03 7.689909496021508062e+01
1.575159057091621207e+03 7.769381506925928704e+01
1.636993001611701857e+03 7.850733887059151073e+01
1.701254279852589207e+03 7.929480882096126493e+01
1.768038178457205049e+03 8.009271791217705072e+01
1.837443724610724757e+03 7.572603018607236436e+01
1.909573832878096709e+03 7.651333864086420533e+01
1.984535457805803162e+03 7.731877305374871412e+01
2.062439752514092561e+03 7.814276584340969123e+01
2.143402233514854743e+03 7.896298857827294171e+01
2.227542951999556408e+03 7.977049739084395696e+01
2.314986671851160736e+03 7.543028224675443028e+01
2.405863054644066779e+03 7.622624287093805151e+01
2.500306851906321299e+03 7.704015498655816430e+01
2.598458104929247384e+03 7.787244718206439131e+01
2.700462352420682237e+03 7.871740685856980235e+01
2.806470846309838635e+03 7.953257096317707919e+01
2.916640776023700710e+03 8.036570195211903922e+01
3.031135501567576284e+03 7.601532713208787584e+01
3.150124795755327796e+03 7.683605472230411237e+01
3.273785095948577236e+03 7.767505023437750822e+01
3.402299765678064432e+03 7.853277364016469164e+01
3.535859366535175923e+03 7.936001252328185274e+01
3.674661940736687939e+03 8.019924953876319762e+01
3.818913304781854094e+03 7.586357646488313833e+01
3.968827354637157896e+03 7.668988750569421597e+01
4.124626382901347824e+03 7.753438579853884960e+01
4.286541408420925109e+03 7.839753914198897178e+01
4.454812518844988517e+03 7.923840933628333971e+01
4.629689226627267999e+03 8.008269821567934343e+01
4.811430839003254732e+03 7.575801561809545603e+01
5.000306842491089810e+03 7.658897125493641056e+01
5.196597302486196895e+03 7.743806286084478074e+01
5.400593278542373810e+03 7.830576814001034336e+01
5.612597255954965476e+03 7.915669456854578812e+01
5.832923594286199659e+03 8.000523017952154703e+01
6.061898993497572519e+03 7.568864904090250434e+01
6.299862978380693676e+03 7.652353696388985327e+01
6.547168402004729614e+03 7.737653394536853568e+01
6.804181968927094204e+03 7.824811414351931660e+01
7.071284778942996127e+03 7.910631205425391954e+01
7.348872892180387680e+03 7.995847799587421889e+01
7.637357916378011396e+03 7.564773996490040986e+01
7.937167617217543011e+03 7.648601258185841800e+01
8.248746552614580651e+03 7.734237967553590920e+01
8.572556731909324299e+03 7.821731655289833895e+01
8.909078300934124854e+03 7.908061125625283694e+01
9.258810253973944782e+03 7.993592885662611991e+01
9.622271173675135287e+03 7.562926502107637816e+01
1.000000000000000000e+04 7.647049600499371991e+01
