1.000000000000000056e-01 5.723896435328417457e-05
1.039255682936712638e-01 5.340761497703762909e-05
1.080052374516252828e-01 4.747740763053228102e-05
1.122450568085306410e-01 4.449440466482816738e-05
1.166513131698196093e-01 4.173081749233806677e-05
1.212305401337652189e-01 3.924321613476048319e-05
1.259895277795027302e-01 3.697743840038422068e-05
1.309353327353610374e-01 3.315680976113386430e-05
1.360752886424333452e-01 3.127840560739433189e-05
1.414170170289023587e-01 2.952515402605668907e-05
1.469684386112446450e-01 2.791031017401986641e-05
1.527377850390713721e-01 2.633680126674066438e-05
1.587336111010209105e-01 2.488164111781091705e-05
1.649648074098020167e-01 2.350246491062243353e-05
1.714406135851970769e-01 2.216232140472272378e-05
1.781706319545730832e-01 2.090861704879480831e-05
1.851648417912155065e-01 2.069343251013177750e-05
1.924336141115980114e-01 1.948480767863329635e-05
1.999877270535286022e-01 1.924695720445879782e-05
2.078383818579757347e-01 1.806026913950633563e-05
2.159972194782718291e-01 1.780528455155947287e-05
2.244763378413223709e-01 1.752731464356174437e-05
2.332883097864157096e-01 1.721770479003383402e-05
2.424462017082328336e-01 1.777185059017978249e-05
2.519635929317015077e-01 1.743172017227031894e-05
2.618545958474232660e-01 1.707116828403885072e-05
2.721338768375307082e-01 1.757210135027525595e-05
2.828166780230032540e-01 1.717664988841769791e-05
2.939188398646885858e-01 1.765428633413513424e-05
3.054568246515431684e-01 1.722929333566316709e-05
3.174477409109192627e-01 1.767847378842636802e-05
3.299093687770939809e-01 1.810553442200052627e-05
3.428601863556585694e-01 1.766221464657398091e-05
3.563193971228584833e-01 1.805883192257824924e-05
3.703069584005140302e-01 1.845997571145060708e-05
3.848436109487430312e-01 1.795309033137709555e-05
3.999509097203664543e-01 1.830794023864372401e-05
4.156512558225988752e-01 1.864588439008222655e-05
4.319679297334173551e-01 1.896432510267803426e-05
4.489251258218605600e-01 1.830767241642065600e-05
4.665479882234472853e-01 1.948383994824649102e-05
4.848626481239080577e-01 1.966220831827451520e-05
5.038962625065149803e-01 1.979270207546884655e-05
5.236770544204653044e-01 2.088125583710158389e-05
5.442343548300266898e-01 2.089162070457796334e-05
5.655986461065004578e-01 2.187920070136740942e-05
5.878016072274911963e-01 2.400477557515195870e-05
6.108761607505036606e-01 2.497980161679564688e-05
6.348565216305216419e-01 2.719280718653917665e-05
6.597782479539537892e-01 2.948777223763183317e-05
6.856782936641739878e-01 3.349685427742325506e-05
7.125950633568408632e-01 3.600079334883734980e-05
7.405684692262436419e-01 4.253995898531829370e-05
7.696399902471157128e-01 4.766047178012946324e-05
7.998527336796710241e-01 5.581612521956150837e-05
8.312514989890629202e-01 6.511985983426560700e-05
8.638828442740447144e-01 7.940630582494400107e-05
8.977951553033320931e-01 9.645625946687390274e-05
9.330387172620362435e-01 1.167278014651443145e-04
9.696657893145520513e-01 1.407612062324012901e-04
1.007730682094461150e+00 1.779558941364582463e-04
1.047289838236358461e+00 2.135296214518351502e-04
1.088401916069005937e+00 2.558541078552388666e-04
1.131127876593921444e+00 3.061948932920571624e-04
1.175531073878369304e+00 3.485101311770000981e-04
1.221677348996791812e+00 4.174616917210032777e-04
1.269635127659973550e+00 4.765646897564702693e-04
1.319475521676706009e+00 5.448598842617062522e-04
1.371272434398400186e+00 5.942032124477673481e-04
1.425102670302997865e+00 6.496600083559482411e-04
1.481046048880674704e+00 7.121164624563034460e-04
1.539185522990205390e+00 7.443429285916578278e-04
1.599607301861486919e+00 7.812690874835952551e-04
1.662400978926611872e+00 7.822556370009892124e-04
1.727659664669035644e+00 8.249191239962887353e-04
1.795480124687831358e+00 8.304653716715800806e-04
1.865962923181746058e+00 8.384252104182765087e-04
1.939212572065829976e+00 8.487269778827765494e-04
2.015337685941732904e+00 8.183336107110409556e-04
2.094451143151469630e+00 8.317221043411220224e-04
2.176670253153459189e+00 8.056520413022733593e-04
2.262116930469025178e+00 7.825481057137284504e-04
2.350917875457286588e+00 7.606937053364856184e-04
2.443204762186487855e+00 7.401521758619925007e-04
2.539114433680346838e+00 7.216548716992950618e-04
2.638789104828933141e+00 7.047649813542894741e-04
2.742376573264949435e+00 6.877175349534609934e-04
2.850030438518106557e+00 6.399840367705849666e-04
2.961910329772553307e+00 6.254086736723777967e-04
3.078182142565078383e+00 5.826763201385899704e-04
3.199018284775064114e+00 5.697372475447512550e-04
3.324597932270939804e+00 5.574073861097328343e-04
3.455107294592218103e+00 5.192028743524256060e-04
3.590739891061053068e+00 5.079120477195532557e-04
3.731696837732751959e+00 4.968741372899247765e-04
3.878187145610721753e+00 4.620586878875416873e-04
4.030428030568050879e+00 4.515701968247365101e-04
4.188645235435270564e+00 4.408746410522654778e-04
4.353073364731890216e+00 4.295640904207652312e-04
4.523956232538053790e+00 3.982626406388483156e-04
4.701547224022132099e+00 3.871627958705982429e-04
4.886109671160325796e+00 3.950497658587024839e-04
5.077917243205400943e+00 3.827329170994846728e-04
5.277254352483537581e+00 3.704227698358119312e-04
5.484416576121017961e+00 3.752032742878980099e-04
5.699711094326075589e+00 3.790248354225374586e-04
5.923457145875802965e+00 3.817017901524513593e-04
6.155986501483507567e+00 3.830001886690539438e-04
6.397643955748426592e+00 4.023049247256927502e-04
6.648787838417263174e+00 4.415909467577143867e-04
6.909790545715641663e+00 4.820945933342268255e-04
7.181039092537348623e+00 5.494358357670940142e-04
7.462935686310133043e+00 6.537395130336570844e-04
7.755898323389001980e+00 8.103371301776925769e-04
8.060361408861341559e+00 1.046666407648831707e-03
8.376776400682915735e+00 1.550361470082471747e-03
8.705612479099860579e+00 2.626970639557784509e-03
9.047357242349292505e+00 7.149177681580199881e-03
9.402517429670131932e+00 5.272541065640832386e-02
9.771619672696177261e+00 6.580536505821719118e-01
1.015521127634568010e+01 1.639911968352985250e+00
1.055386103036522982e+01 2.386995583871014848e+00
1.096816005273137939e+01 3.033471690643243956e+00
1.139872266616051455e+01 3.373332383315449601e+00
1.184618730902683659e+01 3.995017794873253703e+00
1.231121748203889510e+01 4.347067864276335847e+00
1.279450273207873323e+01 4.795254714240821947e+00
1.329675967466211262e+01 5.099610248610078500e+00
1.381873305653632222e+01 5.225786207162397723e+00
1.436119685999078754e+01 5.423299090632736963e+00
1.492495545051828998e+01 5.679556513877520807e+00
1.551084476952840596e+01 6.019590941848723453e+00
1.611973357388157169e+01 5.832263590472487991e+00
1.675252472408215354e+01 5.995370484008304857e+00
1.741015652304015404e+01 6.211221221949215554e+00
1.809360410738716496e+01 6.178822279441638976e+00
1.880388089340914703e+01 6.194565243267430965e+00
1.954204007974053425e+01 6.256187881801436923e+00
2.030917620904734733e+01 6.056885278619714263e+00
2.110642679101554720e+01 6.197258912326250702e+00
2.193497398905057949e+01 6.075779667788947513e+00
2.279604637318979599e+01 5.992432463542471055e+00
2.369092074182632146e+01 5.942424288867196758e+00
2.462092401494625449e+01 5.920561563519777692e+00
2.558743520168586372e+01 5.929185538364841968e+00
2.659188744512693603e+01 5.965090020911475222e+00
2.763577014736157267e+01 5.732802485037634455e+00
2.872063117797828014e+01 5.819910248078310921e+00
2.984807916924324189e+01 5.642605645127816594e+00
3.101978590138096692e+01 5.496189888389751310e+00
3.223748878149029906e+01 5.371968242156313522e+00
3.350299341977229517e+01 5.532937037128548674e+00
3.481817630688966148e+01 5.446919040886250230e+00
3.618498759642746876e+01 5.376510261466942886e+00
3.760545399658171561e+01 5.322337019300957373e+00
3.908168177536263954e+01 5.285280731303823920e+00
4.061585988376979373e+01 5.264063139649864276e+00
4.221026320156898493e+01 5.257735383071374891e+00
4.386725591048498529e+01 5.265635448774306226e+00
4.558929499981059053e+01 5.032534913506066410e+00
4.737893390963144213e+01 5.064456386514270214e+00
4.923882631706736390e+01 5.108764364002214897e+00
5.117173007114605099e+01 4.920258924868789130e+00
5.318051128214197121e+01 4.985174248179551348e+00
5.526814857144603366e+01 5.060453439017731370e+00
5.743773748826581027e+01 4.903052068954867337e+00
5.969249509970733669e+01 4.998160558718621083e+00
6.203576476104268522e+01 4.858036762062478253e+00
6.447102107323868836e+01 4.972629486725562487e+00
6.700187503509583564e+01 4.848865554570152447e+00
6.963207939763883303e+01 4.979771225004866686e+00
7.236553422869657481e+01 4.872112035757414361e+00
7.520629269592407695e+01 4.772826667425472458e+00
7.815856707684091020e+01 4.925754260072060298e+00
8.122673500479712061e+01 4.837857016377086872e+00
8.441534596012985503e+01 4.759117822350921401e+00
8.772912801613355782e+01 4.688526557376718529e+00
9.117299484984921776e+01 4.860843119250604971e+00
9.475205302806537588e+01 4.798122172422269571e+00
9.847160957933773773e+01 4.741921513738390992e+00
1.023371798632519187e+02 4.691599946404628518e+00
1.063544957486011242e+02 4.646597476726648246e+00
1.105295141126021008e+02 4.840184024316922518e+00
1.148684256737553540e+02 4.800678217641663359e+00
1.193776641714435698e+02 4.765624106041861374e+00
1.240639159058831780e+02 4.734646400117788367e+00
1.289341296525714426e+02 4.707413256765883958e+00
1.339955269659338342e+02 4.683630216089112785e+00
1.392556128874462047e+02 4.663035635785510280e+00
1.447221870741134353e+02 4.645396480790474847e+00
1.504033553638023761e+02 4.630504641164103319e+00
1.563075417945815673e+02 4.618174018144581616e+00
1.624435010958865462e+02 4.608237884129851025e+00
1.688203316700362677e+02 4.833866212567408560e+00
1.754474890833459710e+02 4.827713164596962869e+00
1.823348000868440408e+02 4.823758097552905078e+00
1.894924771873821783e+02 4.821880291155141940e+00
1.969311337907421660e+02 4.821970983414450629e+00
2.046617999391989713e+02 4.823932090776438919e+00
2.126959386668689831e+02 4.594876237883332770e+00
2.210454629971021632e+02 4.599794018639806303e+00
2.297227536071151235e+02 4.606186634966921822e+00
2.387406771860646870e+02 4.613994736637917704e+00
2.481126055137767707e+02 4.623164629527101610e+00
2.578524352884273867e+02 4.633647780686247053e+00
2.679746087325689246e+02 4.645400313367125555e+00
2.784941350080644042e+02 4.658382612485871377e+00
2.894266124716749005e+02 4.672558956686923892e+00
3.007882518043098798e+02 4.687897192905848165e+00
3.125959000482278043e+02 4.704368432404429257e+00
3.248670655878374873e+02 4.721946809279174317e+00
3.376199441111336910e+02 4.740609228890829918e+00
3.508734455902711034e+02 4.760335129027790657e+00
3.646472223212745121e+02 4.781106484824945824e+00
3.789616980644715909e+02 4.572336365781774603e+00
3.938380983288489006e+02 4.592982427429523895e+00
4.092984818452438276e+02 4.614531595292832300e+00
4.253657732750387481e+02 4.636974049381754170e+00
4.420637972028529816e+02 4.660301376246670735e+00
4.594173134636476448e+02 4.684506949461204606e+00
4.774520538566126220e+02 4.709584961095933942e+00
4.961947603002902838e+02 4.735531253589399192e+00
5.156732244854963483e+02 4.762342764801093864e+00
5.359163290848514407e+02 4.560619048004235232e+00
5.569540905800130304e+02 4.586447504681904874e+00
5.788177037701274230e+02 4.613048630695224084e+00
6.015395880274832052e+02 4.640422884308907037e+00
6.251534353689711452e+02 4.668571577539204931e+00
6.496942604146117901e+02 4.697496875091824009e+00
6.751984523072501361e+02 4.727201723853405646e+00
7.017038286703822223e+02 4.757689874285437881e+00
7.292496916841444090e+02 4.559635102036615706e+00
7.578768863625922450e+02 4.588661025982495367e+00
7.876278611187054821e+02 4.618399685083550921e+00
8.185467307069020535e+02 4.648856417001703711e+00
8.506793416364153018e+02 4.680037142849172938e+00
8.840733401525062618e+02 4.711948411007614190e+00
9.187782428863330324e+02 4.744597339361038557e+00
9.548455102782293125e+02 4.549677637010570486e+00
9.923286228832545248e+02 4.580589393874840098e+00
1.031283160672184749e+03 4.612179540594432581e+00
1.071766885445503476e+03 4.644455902606098086e+00
1.113839826482618264e+03 4.677426798540250452e+00
1.157564369553303550e+03 4.711101042580977172e+00
1.203005349423324333e+03 4.745487944224328736e+00
1.250230145991456084e+03 4.552020568441893289e+00
1.299308784200414493e+03 4.584465199000778313e+00
1.350314037869872209e+03 4.617569798444438156e+00
1.403321537605484764e+03 4.651343867350397510e+00
1.458409882943986304e+03 4.685797336876405872e+00
1.515660758900601195e+03 4.720940568532730808e+00
1.575159057091621207e+03 4.756784373766574703e+00
1.636993001611701857e+03 4.563544857388802889e+00
1.701254279852589207e+03 4.597285705289750446e+00
1.768038178457205049e+03 4.631678292688452103e+00
1.837443724610724757e+03 4.666733302989208632e+00
1.909573832878096709e+03 4.702461839487707351e+00
1.984535457805803162e+03 4.738875389981884290e+00
2.062439752514092561e+03 4.547823880287641174e+00
2.143402233514854743e+03 4.582060692639429611e+00
2.227542951999556408e+03 4.616936535657483631e+00
2.314986671851160736e+03 4.652462642013207805e+00
2.405863054644066779e+03 4.688650608250283902e+00
2.500306851906321299e+03 4.725512439615665805e+00
2.598458104929247384e+03 4.536112551712073504e+00
2.700462352420682237e+03 4.570741237102190269e+00
2.806470846309838635e+03 4.605999813702640111e+00
2.916640776023700710e+03 4.641899870174372111e+00
3.031135501567576284e+03 4.678453373723894693e+00
3.150124795755327796e+03 4.715672690240368503e+00
3.273785095948577236e+03 4.527512468991425898e+00
3.402299765678064432e+03 4.562454891983930949e+00
3.535859366535175923e+03 4.598020563813701500e+00
3.674661940736687939e+03 4.634221374389536408e+00
3.818913304781854094e+03 4.671069560827746159e+00
3.968827354637157896e+03 4.708577726350331005e+00
4.124626382901347824e+03 4.521338584056531218e+00
4.286541408420925109e+03 4.556535429233032453e+00
4.454812518844988517e+03 4.592350731915546547e+00
4.629689226627267999e+03 4.628796589836992936e+00
4.811430839003254732e+03 4.665885448872542085e+00
5.000306842491089810e+03 4.703630125127091333e+00
5.196597302486196895e+03 4.517064277324546850e+00
5.400593278542373810e+03 4.552470146261060613e+00
5.612597255954965476e+03 4.588491038110384501e+00
5.832923594286199659e+03 4.625139221325890837e+00
6.061898993497572519e+03 4.662427292903170262e+00
6.299862978380693676e+03 4.700368217295880946e+00
6.547168402004729614e+03 4.514282064459326449e+00
6.804181968927094204e+03 4.549861956596575219e+00
7.071284778942996127e+03 4.586054472367463219e+00
7.348872892180387680e+03 4.622871982091187881e+00
7.637357916378011396e+03 4.660327224365710563e+00
7.937167617217543011e+03 4.698433278511485511e+00
8.248746552614580651e+03 4.512674969819235216e+00
8.572556731909324299e+03 4.548401767607362700e+00
8.909078300934124854e+03 4.584739541584189837e+00
9.258810253973944782e+03 4.621700764627664881e+00
9.622271173675135287e+03 4.659298275457222083e+00
1.000000000000000000e+04 4.697545262078855366e+00
