1.000000000000000056e-01 nan
1.039255682936712638e-01 nan
1.080052374516252828e-01 nan
1.122450568085306410e-01 2.811475553651913817e+00
1.166513131698196093e-01 1.792246050996793683e+00
1.212305401337652189e-01 1.342705251722535964e+00
1.259895277795027302e-01 1.184761045754519682e+00
1.309353327353610374e-01 9.617516263810949040e-01
1.360752886424333452e-01 8.475637473716298720e-01
1.414170170289023587e-01 8.097505626389132072e-01
1.469684386112446450e-01 7.116062839705811216e-01
1.527377850390713721e-01 6.770469350582669632e-01
1.587336111010209105e-01 5.926906735437894591e-01
1.649648074098020167e-01 5.611104047981680942e-01
1.714406135851970769e-01 5.297165830288602661e-01
1.781706319545730832e-01 5.412116289710805495e-01
1.851648417912155065e-01 5.066860689459405931e-01
1.924336141115980114e-01 4.724446900958922946e-01
1.999877270535286022e-01 4.758950123156223677e-01
2.078383818579757347e-01 4.772185806810352870e-01
2.159972194782718291e-01 4.763348062303484065e-01
2.244763378413223709e-01 4.731371173595725343e-01
2.332883097864157096e-01 4.678593462101037770e-01
2.424462017082328336e-01 4.612846942532295991e-01
2.519635929317015077e-01 4.537613513016397482e-01
2.618545958474232660e-01 4.453150201987519097e-01
2.721338768375307082e-01 4.363984695193822150e-01
2.828166780230032540e-01 3.940775296278659634e-01
2.939188398646885858e-01 3.560785851142771463e-01
3.054568246515431684e-01 3.217592630603998138e-01
3.174477409109192627e-01 2.677091782367523320e-01
3.299093687770939809e-01 2.226952278844252786e-01
3.428601863556585694e-01 1.850253606904375681e-01
3.563193971228584833e-01 1.534371988032902923e-01
3.703069584005140302e-01 1.380228588626340458e-01
3.848436109487430312e-01 1.141156772969280364e-01
3.999509097203664543e-01 1.022204793372601950e-01
4.156512558225988752e-01 9.119382129428564576e-02
4.319679297334173551e-01 8.107986079186287054e-02
4.489251258218605600e-01 7.792276638190948068e-02
4.665479882234472853e-01 6.837754195593766238e-02
4.848626481239080577e-01 6.463211667045096198e-02
5.038962625065149803e-01 6.560438421261503839e-02
5.236770544204653044e-01 6.055664998287352274e-02
5.442343548300266898e-01 5.987117133812685371e-02
5.655986461065004578e-01 5.831263045708727499e-02
5.878016072274911963e-01 6.074195135905139514e-02
6.108761607505036606e-01 6.232021482295434234e-02
6.348565216305216419e-01 6.295746495361610739e-02
6.597782479539537892e-01 6.803033172234534964e-02
6.856782936641739878e-01 7.242252400960322301e-02
7.125950633568408632e-01 7.585233619824324758e-02
7.405684692262436419e-01 8.490641533746572100e-02
7.696399902471157128e-01 9.343663751311685750e-02
7.998527336796710241e-01 1.097253566384489010e-01
8.312514989890629202e-01 1.266586467979899655e-01
8.638828442740447144e-01 1.561184151964558342e-01
8.977951553033320931e-01 1.895340631194943060e-01
9.330387172620362435e-01 2.675877310529636288e-01
9.696657893145520513e-01 4.051650382023518349e-01
1.007730682094461150e+00 8.406300846202205967e-01
1.047289838236358461e+00 8.114645506021979315e+01
1.088401916069005937e+00 8.040713573228035216e+01
1.131127876593921444e+00 8.249246997852215202e+01
1.175531073878369304e+00 8.736054401500865652e+01
1.221677348996791812e+00 8.761628397802307688e+01
1.269635127659973550e+00 9.009355354705077445e+01
1.319475521676706009e+00 9.479915073165702211e+01
1.371272434398400186e+00 1.017352178725212042e+02
1.425102670302997865e+00 1.025056287847499021e+02
1.481046048880674704e+00 1.050439391089773835e+02
1.539185522990205390e+00 1.186247761844888089e+02
1.599607301861486919e+00 1.252469357648580512e+02
1.662400978926611872e+00 1.339035210075950317e+02
1.727659664669035644e+00 1.449007065501135116e+02
1.795480124687831358e+00 1.459181070935858600e+02
1.865962923181746058e+00 1.612831700400519708e+02
1.939212572065829976e+00 1.800638269658037700e+02
2.015337685941732904e+00 2.025788375348705301e+02
2.094451143151469630e+00 2.297403324014449026e+02
2.176670253153459189e+00 2.627607116192115768e+02
2.262116930469025178e+00 3.023992916961308879e+02
2.350917875457286588e+00 3.503857434475160062e+02
2.443204762186487855e+00 4.431168630969313540e+02
2.539114433680346838e+00 6.117717455939070987e+02
2.638789104828933141e+00 9.199279229260154125e+02
2.742376573264949435e+00 1.504763817431171219e+03
2.850030438518106557e+00 2.090927421610273086e+03
2.961910329772553307e+00 2.697473412026023652e+03
3.078182142565078383e+00 3.232872868454839590e+03
3.199018284775064114e+00 3.909657092523507345e+03
3.324597932270939804e+00 7.255759293310415359e-01
3.455107294592218103e+00 5.282304725372258813e-01
3.590739891061053068e+00 4.159952247529882241e-01
3.731696837732751959e+00 3.544066943421964599e-01
3.878187145610721753e+00 3.269767537862566797e-01
4.030428030568050879e+00 3.007640879168173575e-01
4.188645235435270564e+00 2.537465532161063964e-01
4.353073364731890216e+00 2.513729765787376391e-01
4.523956232538053790e+00 2.281970389793720744e-01
4.701547224022132099e+00 2.061054398990326830e-01
4.886109671160325796e+00 2.009165944484721522e-01
5.077917243205400943e+00 1.944141274105675443e-01
5.277254352483537581e+00 1.863562696531299578e-01
5.484416576121017961e+00 1.768618340971140346e-01
5.699711094326075589e+00 1.796680826269742015e-01
5.923457145875802965e+00 1.793675113534671239e-01
6.155986501483507567e+00 1.898093785244271692e-01
6.397643955748426592e+00 2.291625125213785918e-01
6.648787838417263174e+00 2.646348152011835375e-01
6.909790545715641663e+00 4.010485368880949419e-01
7.181039092537348623e+00 1.135772742894826735e+02
7.462935686310133043e+00 1.491047565966179889e+02
7.755898323389001980e+00 2.019378390689711011e+02
8.060361408861341559e+00 1.550865338183709810e+02
8.376776400682915735e+00 1.702251798281465938e+02
8.705612479099860579e+00 2.079194581957750358e+02
9.047357242349292505e+00 2.837027425317028246e+02
9.402517429670131932e+00 4.314805034938715949e+02
9.771619672696177261e+00 nan
1.015521127634568010e+01 nan
1.055386103036522982e+01 4.095650819524861436e+04
1.096816005273137939e+01 2.420857575509218805e+04
1.139872266616051455e+01 2.076286931585765706e+04
1.184618730902683659e+01 2.196714067283529585e+04
1.231121748203889510e+01 2.222281447713991292e+04
1.279450273207873323e+01 2.199914842293343099e+04
1.329675967466211262e+01 1.696151466640043509e+04
1.381873305653632222e+01 1.465190424250676188e+04
1.436119685999078754e+01 1.412338364853339226e+04
1.492495545051828998e+01 1.395239689411573272e+04
1.551084476952840596e+01 1.297953967934594766e+04
1.611973357388157169e+01 1.340441364163003891e+04
1.675252472408215354e+01 1.299874703824486096e+04
1.741015652304015404e+01 1.284292522635309797e+04
1.809360410738716496e+01 1.290719094512554693e+04
1.880388089340914703e+01 1.213870118545757759e+04
1.954204007974053425e+01 1.259594332618915178e+04
2.030917620904734733e+01 1.219420042449925495e+04
2.110642679101554720e+01 1.299670027650198972e+04
2.193497398905057949e+01 1.291467907308415670e+04
2.279604637318979599e+01 1.298462962841134686e+04
2.369092074182632146e+01 1.319968458598956204e+04
2.462092401494625449e+01 1.356046767773927240e+04
2.558743520168586372e+01 1.405959515862946319e+04
2.659188744512693603e+01 1.471114332286811805e+04
2.763577014736157267e+01 1.552520471570715199e+04
2.872063117797828014e+01 1.521208176168400678e+04
2.984807916924324189e+01 1.629632296967351795e+04
3.101978590138096692e+01 1.757653216439385142e+04
3.223748878149029906e+01 1.908029765596381912e+04
3.350299341977229517e+01 2.083274519664000763e+04
3.481817630688966148e+01 2.286380956478648295e+04
3.618498759642746876e+01 2.520747734058515925e+04
3.760545399658171561e+01 3.030006246172355168e+04
3.908168177536263954e+01 6.473280368447047977e+02
4.061585988376979373e+01 5.548580025059726495e+02
4.221026320156898493e+01 5.179374941798560030e+02
4.386725591048498529e+01 4.850484914685681019e+02
4.558929499981059053e+01 4.192993070820195385e+02
4.737893390963144213e+01 4.289146336127363952e+02
4.923882631706736390e+01 4.051574414611284283e+02
5.117173007114605099e+01 3.837527118549720626e+02
5.318051128214197121e+01 3.644102152047324239e+02
5.526814857144603366e+01 3.471799133030409052e+02
5.743773748826581027e+01 3.314311971668528258e+02
5.969249509970733669e+01 3.174369791635374440e+02
6.203576476104268522e+01 3.308945537791282163e+02
6.447102107323868836e+01 3.184249591563246327e+02
6.700187503509583564e+01 3.070648801693805581e+02
6.963207939763883303e+01 2.967830156847975331e+02
7.236553422869657481e+01 2.876519866507052825e+02
7.520629269592407695e+01 3.032558714359618648e+02
7.815856707684091020e+01 2.949861777701089522e+02
8.122673500479712061e+01 2.876188205672886511e+02
8.441534596012985503e+01 2.808059817792884019e+02
8.772912801613355782e+01 2.746648009954803911e+02
9.117299484984921776e+01 2.691916408969217969e+02
9.475205302806537588e+01 2.643142090704801603e+02
9.847160957933773773e+01 2.823046979110769712e+02
1.023371798632519187e+02 2.778888823954957843e+02
1.063544957486011242e+02 2.739723675212192688e+02
1.105295141126021008e+02 2.705073071370611046e+02
1.148684256737553540e+02 2.674518630901580423e+02
1.193776641714435698e+02 2.647694604427472882e+02
1.240639159058831780e+02 2.624280705224273902e+02
1.289341296525714426e+02 2.603803527990044131e+02
1.339955269659338342e+02 2.585576428898492054e+02
1.392556128874462047e+02 2.570146504328988044e+02
1.447221870741134353e+02 2.557308141347607204e+02
1.504033553638023761e+02 2.546878666516642227e+02
1.563075417945815673e+02 2.538697621331391474e+02
1.624435010958865462e+02 2.532623275361505364e+02
1.688203316700362677e+02 2.528528301378821084e+02
1.754474890833459710e+02 2.526301419512871291e+02
1.823348000868440408e+02 2.525844134382308823e+02
1.894924771873821783e+02 2.527069063728434060e+02
1.969311337907421660e+02 2.529896966872892108e+02
2.046617999391989713e+02 2.534262748844226678e+02
2.126959386668689831e+02 2.540101908765798271e+02
2.210454629971021632e+02 2.345312434805773023e+02
2.297227536071151235e+02 2.353014173969945091e+02
2.387406771860646870e+02 2.361927681427169716e+02
2.481126055137767707e+02 2.372018433318579298e+02
2.578524352884273867e+02 2.383037735291981960e+02
2.679746087325689246e+02 2.394851296263648806e+02
2.784941350080644042e+02 2.407720766008956446e+02
2.894266124716749005e+02 2.421627197716042588e+02
3.007882518043098798e+02 2.436557668202593447e+02
3.125959000482278043e+02 2.452500772957560855e+02
3.248670655878374873e+02 2.469447788921216329e+02
3.376199441111336910e+02 2.289787530967125520e+02
3.508734455902711034e+02 2.306865241097542594e+02
3.646472223212745121e+02 2.324838394798870809e+02
3.789616980644715909e+02 2.343706625853605203e+02
3.938380983288489006e+02 2.363471798744001262e+02
4.092984818452438276e+02 2.383874451066098175e+02
4.253657732750387481e+02 2.404491063424569006e+02
4.420637972028529816e+02 2.425970919394675036e+02
4.594173134636476448e+02 2.253845251067433821e+02
4.774520538566126220e+02 2.274826979381037404e+02
4.961947603002902838e+02 2.296608791671163488e+02
5.156732244854963483e+02 2.319199592075727310e+02
5.359163290848514407e+02 2.342610097829971494e+02
5.569540905800130304e+02 2.366849178461048950e+02
5.788177037701274230e+02 2.391336684348806045e+02
6.015395880274832052e+02 2.416137229775287381e+02
6.251534353689711452e+02 2.247512334030850809e+02
6.496942604146117901e+02 2.271426715738619464e+02
6.751984523072501361e+02 2.296107591502289722e+02
7.017038286703822223e+02 2.321570009969573789e+02
7.292496916841444090e+02 2.347830402283743467e+02
7.578768863625922450e+02 2.374903760918052456e+02
7.876278611187054821e+02 2.401736118952049992e+02
8.185467307069020535e+02 2.235909554509729844e+02
8.506793416364153018e+02 2.261494876503304567e+02
8.840733401525062618e+02 2.287830911801401896e+02
9.187782428863330324e+02 2.314935918230503091e+02
9.548455102782293125e+02 2.342825144372915247e+02
9.923286228832545248e+02 2.371518802755787476e+02
1.031283160672184749e+03 2.209331821160412517e+02
1.071766885445503476e+03 2.235580388230961262e+02
1.113839826482618264e+03 2.262560097674870292e+02
1.157564369553303550e+03 2.290286886261829409e+02
1.203005349423324333e+03 2.318780612912609058e+02
1.250230145991456084e+03 2.348061186690432010e+02
1.299308784200414493e+03 2.378148710574579070e+02
1.350314037869872209e+03 2.216135764697666843e+02
1.403321537605484764e+03 2.243598832364023679e+02
1.458409882943986304e+03 2.271796935420037187e+02
1.515660758900601195e+03 2.300749932872181489e+02
1.575159057091621207e+03 2.330478146860836830e+02
1.636993001611701857e+03 2.361002466265939006e+02
1.701254279852589207e+03 2.201565668519225198e+02
1.768038178457205049e+03 2.229402499578042409e+02
1.837443724610724757e+03 2.257965595481976493e+02
1.909573832878096709e+03 2.287275343082712027e+02
1.984535457805803162e+03 2.317352628243901620e+02
2.062439752514092561e+03 2.348218652098900634e+02
2.143402233514854743e+03 2.379824647183995978e+02
2.227542951999556408e+03 2.218841374194846878e+02
2.314986671851160736e+03 2.247693169823745336e+02
2.405863054644066779e+03 2.277286512526630986e+02
2.500306851906321299e+03 2.307641767119153258e+02
2.598458104929247384e+03 2.338781419702283131e+02
2.700462352420682237e+03 2.370728305707257277e+02
2.806470846309838635e+03 2.211076962948216931e+02
2.916640776023700710e+03 2.240162480313366302e+02
3.031135501567576284e+03 2.269985252839669272e+02
3.150124795755327796e+03 2.300566759757817579e+02
3.273785095948577236e+03 2.331930051702013316e+02
3.402299765678064432e+03 2.364097452256633005e+02
3.535859366535175923e+03 2.205479799037061639e+02
3.674661940736687939e+03 2.234757154163370387e+02
3.818913304781854094e+03 2.264769942216467769e+02
3.968827354637157896e+03 2.295539594926946165e+02
4.124626382901347824e+03 2.327088773851612018e+02
4.286541408420925109e+03 2.359440670501663533e+02
4.454812518844988517e+03 2.201570198026491596e+02
4.629689226627267999e+03 2.231008599096927298e+02
4.811430839003254732e+03 2.261181726037258386e+02
5.000306842491089810e+03 2.292109874923701511e+02
5.196597302486196895e+03 2.323817332303904948e+02
5.400593278542373810e+03 2.356327130849344371e+02
5.612597255954965476e+03 2.198980984109361430e+02
5.832923594286199659e+03 2.228557242991322767e+02
6.061898993497572519e+03 2.258868086671761830e+02
6.299862978380693676e+03 2.289933260948191105e+02
6.547168402004729614e+03 2.321778232443458023e+02
6.804181968927094204e+03 2.354423842962844446e+02
7.071284778942996127e+03 2.197428494941546830e+02
7.348872892180387680e+03 2.227125162515419845e+02
7.637357916378011396e+03 2.257556235881117175e+02
7.937167617217543011e+03 2.288742554343421602e+02
8.248746552614580651e+03 2.320707470115758611e+02
8.572556731909324299e+03 2.353474487489086755e+02
8.909078300934124854e+03 2.196692957209038184e+02
9.258810253973944782e+03 2.226496475365223375e+02
9.622271173675135287e+03 2.257034248694603491e+02
1.000000000000000000e+04 2.288326744393077377e+02
