1.000000000000000056e-01 nan
1.039255682936712638e-01 nan
1.080052374516252828e-01 nan
1.122450568085306410e-01 1.943578644071016015e+01
1.166513131698196093e-01 1.529681359385117112e+01
1.212305401337652189e-01 1.198266136456256348e+01
1.259895277795027302e-01 1.103962772500429068e+01
1.309353327353610374e-01 9.328387429265342590e+00
1.360752886424333452e-01 8.530732799338702321e+00
1.414170170289023587e-01 7.773897362704223823e+00
1.469684386112446450e-01 7.059574505307539383e+00
1.527377850390713721e-01 6.385669954354096234e+00
1.587336111010209105e-01 6.247397606893580146e+00
1.649648074098020167e-01 5.595303159131503890e+00
1.714406135851970769e-01 5.421682457766738850e+00
1.781706319545730832e-01 5.224271986650331101e+00
1.851648417912155065e-01 5.002565130905182400e+00
1.924336141115980114e-01 4.763266235596445242e+00
1.999877270535286022e-01 4.900887845503993034e+00
2.078383818579757347e-01 4.605834818101175010e+00
2.159972194782718291e-01 4.674240307645542991e+00
2.244763378413223709e-01 4.342504027219554530e+00
2.332883097864157096e-01 4.358746214309936029e+00
2.424462017082328336e-01 4.352152256228425387e+00
2.519635929317015077e-01 4.327014356026022135e+00
2.618545958474232660e-01 4.290531556667779078e+00
2.721338768375307082e-01 4.245716610009393932e+00
2.828166780230032540e-01 3.861739233744459820e+00
2.939188398646885858e-01 3.813080365994650389e+00
3.054568246515431684e-01 3.190185048852775651e+00
3.174477409109192627e-01 2.898349225951398100e+00
3.299093687770939809e-01 2.421801891968305753e+00
3.428601863556585694e-01 2.022300274211755955e+00
3.563193971228584833e-01 1.832730397266431277e+00
3.703069584005140302e-01 1.525708862211225147e+00
3.848436109487430312e-01 1.376588601308141424e+00
3.999509097203664543e-01 1.240139765439290720e+00
4.156512558225988752e-01 1.025926879868486630e+00
4.319679297334173551e-01 9.972130895193019873e-01
4.489251258218605600e-01 8.878910700986546445e-01
4.665479882234472853e-01 7.862412040388025991e-01
4.848626481239080577e-01 7.505416596718994526e-01
5.038962625065149803e-01 7.097265856582332111e-01
5.236770544204653044e-01 7.214286611407352279e-01
5.442343548300266898e-01 6.668035185146461430e-01
5.655986461065004578e-01 6.609503408960625270e-01
5.878016072274911963e-01 6.461005923021844177e-01
6.108761607505036606e-01 6.768470872061082000e-01
6.348565216305216419e-01 6.990243675387414202e-01
6.597782479539537892e-01 7.123341767043035455e-01
6.856782936641739878e-01 7.159941565927552265e-01
7.125950633568408632e-01 7.708373643946128118e-01
7.405684692262436419e-01 8.181641168091206007e-01
7.696399902471157128e-01 9.287051193052473508e-01
7.998527336796710241e-01 1.036673985321954650e+00
8.312514989890629202e-01 1.137589672849914635e+00
8.638828442740447144e-01 1.333789314991712605e+00
8.977951553033320931e-01 1.671051247762107561e+00
9.330387172620362435e-01 2.059434716084772798e+00
9.696657893145520513e-01 2.954682135855814185e+00
1.007730682094461150e+00 4.183893524654756391e+00
1.047289838236358461e+00 7.487276013496030558e+00
1.088401916069005937e+00 8.189803670045758963e+02
1.131127876593921444e+00 8.231274148339974772e+02
1.175531073878369304e+00 8.573755792531047746e+02
1.221677348996791812e+00 8.477719653243108269e+02
1.269635127659973550e+00 8.616693704598128534e+02
1.319475521676706009e+00 8.974158606279326023e+02
1.371272434398400186e+00 9.564772788301037281e+02
1.425102670302997865e+00 9.570108666495590342e+02
1.481046048880674704e+00 9.746407984601931958e+02
1.539185522990205390e+00 1.009366354755888210e+03
1.599607301861486919e+00 1.061545499679484237e+03
1.662400978926611872e+00 1.132359558245211019e+03
1.727659664669035644e+00 1.222855355662721195e+03
1.795480124687831358e+00 1.229383771785730460e+03
1.865962923181746058e+00 1.357214536337972049e+03
1.939212572065829976e+00 1.393685258304181389e+03
2.015337685941732904e+00 1.568954002155437138e+03
2.094451143151469630e+00 1.638201939019743122e+03
2.176670253153459189e+00 1.874421505175613902e+03
2.262116930469025178e+00 1.989387266205881815e+03
2.350917875457286588e+00 2.307855192152809195e+03
2.443204762186487855e+00 2.479393013625137883e+03
2.539114433680346838e+00 2.912156195975667288e+03
2.638789104828933141e+00 3.167063211950998721e+03
2.742376573264949435e+00 3.760209111742078221e+03
2.850030438518106557e+00 4.868894251674500993e+03
2.961910329772553307e+00 6.329048857750784009e+03
3.078182142565078383e+00 9.722391830076390761e+03
3.199018284775064114e+00 1.496256270517940538e+04
3.324597932270939804e+00 2.127231788108183173e+04
3.455107294592218103e+00 2.576837220262007395e+04
3.590739891061053068e+00 3.140583320348567577e+04
3.731696837732751959e+00 3.554285908848729014e+04
3.878187145610721753e+00 4.049674031255707087e+04
4.030428030568050879e+00 7.359538284371353711e+00
4.188645235435270564e+00 5.471384275696513200e+00
4.353073364731890216e+00 4.790317185214830076e+00
4.523956232538053790e+00 4.187502311865285876e+00
4.701547224022132099e+00 3.968171532622525088e+00
4.886109671160325796e+00 3.456099777838955944e+00
5.077917243205400943e+00 3.266292144036103462e+00
5.277254352483537581e+00 3.081136531869760553e+00
5.484416576121017961e+00 2.670884784881846219e+00
5.699711094326075589e+00 2.511062629654380540e+00
5.923457145875802965e+00 2.558360879261709186e+00
6.155986501483507567e+00 2.393137131132480278e+00
6.397643955748426592e+00 2.233457272651291792e+00
6.648787838417263174e+00 2.258842643878886225e+00
6.909790545715641663e+00 2.094464010386487995e+00
7.181039092537348623e+00 2.102214583587548979e+00
7.462935686310133043e+00 2.100891136354310351e+00
7.755898323389001980e+00 2.088228981677048512e+00
8.060361408861341559e+00 2.061621564003939255e+00
8.376776400682915735e+00 2.019128651149882270e+00
8.705612479099860579e+00 2.128664626066749221e+00
9.047357242349292505e+00 2.217744889302590838e+00
9.402517429670131932e+00 2.278700961098494293e+00
9.771619672696177261e+00 2.499876816221736853e+00
1.015521127634568010e+01 2.916677443238232303e+00
1.055386103036522982e+01 3.606099945844598587e+00
1.096816005273137939e+01 5.533298762713100949e+00
1.139872266616051455e+01 9.419972677580426534e+02
1.184618730902683659e+01 1.165151435998323450e+03
1.231121748203889510e+01 1.486834247970096840e+03
1.279450273207873323e+01 1.240216923189348336e+03
1.329675967466211262e+01 1.264694241719553020e+03
1.381873305653632222e+01 1.313483882376247266e+03
1.436119685999078754e+01 1.388038488246903171e+03
1.492495545051828998e+01 1.492082594975246593e+03
1.551084476952840596e+01 1.630829104022381216e+03
1.611973357388157169e+01 1.812449505833483499e+03
1.675252472408215354e+01 2.046832264546632359e+03
1.741015652304015404e+01 2.161876053408493135e+03
1.809360410738716496e+01 2.518333948551506637e+03
1.880388089340914703e+01 2.740867995053205959e+03
1.954204007974053425e+01 3.288237795697328693e+03
2.030917620904734733e+01 3.995162162211392570e+03
2.110642679101554720e+01 5.336415477160778210e+03
2.193497398905057949e+01 2.044961609773199016e+05
2.279604637318979599e+01 2.120016919987057336e+05
2.369092074182632146e+01 2.061766181051340245e+05
2.462092401494625449e+01 2.040081161012890225e+05
2.558743520168586372e+01 1.886902674004042055e+05
2.659188744512693603e+01 1.924415862114412885e+05
2.763577014736157267e+01 1.832673267320806917e+05
2.872063117797828014e+01 1.767044853635557811e+05
2.984807916924324189e+01 1.725190994481942616e+05
3.101978590138096692e+01 1.703009077581113088e+05
3.223748878149029906e+01 1.698033049932770082e+05
3.350299341977229517e+01 1.709705936158995028e+05
3.481817630688966148e+01 1.736685894887096656e+05
3.618498759642746876e+01 1.779722354413363209e+05
3.760545399658171561e+01 1.694604693573943805e+05
3.908168177536263954e+01 2.088758145989914483e+05
4.061585988376979373e+01 2.013446173763028928e+05
4.221026320156898493e+01 1.963806608739489457e+05
4.386725591048498529e+01 2.098846124352542975e+05
4.558929499981059053e+01 2.233470720009053184e+05
4.737893390963144213e+01 1.739036463424430985e+05
4.923882631706736390e+01 1.728885630407188146e+05
5.117173007114605099e+01 1.727342949202340387e+05
5.318051128214197121e+01 1.733900356289811316e+05
5.526814857144603366e+01 1.748290717679895461e+05
5.743773748826581027e+01 1.629180160075246531e+05
5.969249509970733669e+01 1.656218420532018354e+05
6.203576476104268522e+01 1.690627605873994762e+05
6.447102107323868836e+01 1.731553365940538351e+05
6.700187503509583564e+01 1.637173312323914724e+05
6.963207939763883303e+01 1.688485187811588694e+05
7.236553422869657481e+01 1.606986726380052569e+05
7.520629269592407695e+01 1.666832026183325215e+05
7.815856707684091020e+01 1.596048241855626402e+05
8.122673500479712061e+01 1.664367352218921296e+05
8.441534596012985503e+01 1.601835094344005629e+05
8.772912801613355782e+01 1.679056373229759047e+05
9.117299484984921776e+01 1.623028369290671544e+05
9.475205302806537588e+01 1.709772032385433558e+05
9.847160957933773773e+01 1.659178578656617610e+05
1.023371798632519187e+02 1.614091819104439055e+05
1.063544957486011242e+02 1.573980017403037054e+05
1.105295141126021008e+02 1.669136559357925144e+05
1.148684256737553540e+02 1.632173629146858002e+05
1.193776641714435698e+02 1.599151441259384446e+05
1.240639159058831780e+02 1.569591029852991342e+05
1.289341296525714426e+02 1.674982785502532788e+05
1.339955269659338342e+02 1.647622412763698085e+05
1.392556128874462047e+02 1.623161231842509878e+05
1.447221870741134353e+02 1.601313731584110647e+05
1.504033553638023761e+02 1.581831487092947355e+05
1.563075417945815673e+02 1.699686943996907794e+05
1.624435010958865462e+02 1.681866095131796319e+05
1.688203316700362677e+02 1.666128515289147908e+05
1.754474890833459710e+02 1.652287658839485666e+05
1.823348000868440408e+02 1.640195308329760446e+05
1.894924771873821783e+02 1.629737938996978337e+05
1.969311337907421660e+02 1.620791271323745023e+05
2.046617999391989713e+02 1.613249047269770235e+05
2.126959386668689831e+02 1.607012957097883045e+05
2.210454629971021632e+02 1.602017110069406044e+05
2.297227536071151235e+02 1.598173782027351263e+05
2.387406771860646870e+02 1.595413353808861284e+05
2.481126055137767707e+02 1.593696137057502638e+05
2.578524352884273867e+02 1.592958143721744709e+05
2.679746087325689246e+02 1.593149827409255086e+05
2.784941350080644042e+02 1.594246975380397926e+05
2.894266124716749005e+02 1.596201438396931917e+05
3.007882518043098798e+02 1.598987102904301719e+05
3.125959000482278043e+02 1.602563715917037916e+05
3.248670655878374873e+02 1.606914567638387962e+05
3.376199441111336910e+02 1.612028527571178274e+05
3.508734455902711034e+02 1.617865652452992799e+05
3.646472223212745121e+02 1.624424999897622038e+05
3.789616980644715909e+02 1.631683528359675256e+05
3.938380983288489006e+02 1.639630401840998966e+05
4.092984818452438276e+02 1.648267568347775668e+05
4.253657732750387481e+02 1.657565647386703931e+05
4.420637972028529816e+02 1.667540627659830207e+05
4.594173134636476448e+02 1.678171005877573334e+05
4.774520538566126220e+02 1.689465073084436299e+05
4.961947603002902838e+02 1.701414246244096721e+05
5.156732244854963483e+02 1.576948216872316843e+05
5.359163290848514407e+02 1.588378437316890340e+05
5.569540905800130304e+02 1.600368776490517193e+05
5.788177037701274230e+02 1.612919564400583913e+05
6.015395880274832052e+02 1.626048493958507024e+05
6.251534353689711452e+02 1.639744206131144310e+05
6.496942604146117901e+02 1.654014670807592047e+05
6.751984523072501361e+02 1.668865073409179458e+05
7.017038286703822223e+02 1.684313669449746958e+05
7.292496916841444090e+02 1.700359126815929776e+05
7.578768863625922450e+02 1.579552770125563256e+05
7.876278611187054821e+02 1.594428724844469689e+05
8.185467307069020535e+02 1.609824202332144778e+05
8.506793416364153018e+02 1.625772045071207976e+05
8.840733401525062618e+02 1.642244002468074032e+05
9.187782428863330324e+02 1.659287536072853545e+05
9.548455102782293125e+02 1.676904709395561076e+05
9.923286228832545248e+02 1.695095834135266778e+05
1.031283160672184749e+03 1.576886956959722447e+05
1.071766885445503476e+03 1.593580928626480745e+05
1.113839826482618264e+03 1.610804163497925329e+05
1.157564369553303550e+03 1.628558314437399094e+05
1.203005349423324333e+03 1.646854129304767121e+05
1.250230145991456084e+03 1.665703671317758563e+05
1.299308784200414493e+03 1.685124605160792416e+05
1.350314037869872209e+03 1.705125714359702542e+05
1.403321537605484764e+03 1.587118652826294710e+05
1.458409882943986304e+03 1.605391825978762063e+05
1.515660758900601195e+03 1.624189354940890917e+05
1.575159057091621207e+03 1.643519222043179616e+05
1.636993001611701857e+03 1.663419249726047565e+05
1.701254279852589207e+03 1.683881810756672057e+05
1.768038178457205049e+03 1.704931584119327890e+05
1.837443724610724757e+03 1.587873775957127509e+05
1.909573832878096709e+03 1.607046720323402842e+05
1.984535457805803162e+03 1.626743958151543338e+05
2.062439752514092561e+03 1.647005842811558687e+05
2.143402233514854743e+03 1.667815687047159008e+05
2.227542951999556408e+03 1.689203157015334291e+05
2.314986671851160736e+03 1.710913516641795868e+05
2.405863054644066779e+03 1.594085047972092289e+05
2.500306851906321299e+03 1.614071411828316632e+05
2.598458104929247384e+03 1.634604336050426064e+05
2.700462352420682237e+03 1.655682271389327652e+05
2.806470846309838635e+03 1.677344220668590569e+05
2.916640776023700710e+03 1.699589947246835509e+05
3.031135501567576284e+03 1.584309781275494024e+05
3.150124795755327796e+03 1.604526311261944647e+05
3.273785095948577236e+03 1.625281043661594740e+05
3.402299765678064432e+03 1.646577861811308831e+05
3.535859366535175923e+03 1.668448679075138643e+05
3.674661940736687939e+03 1.690899032269970339e+05
3.818913304781854094e+03 1.713553402982249099e+05
3.968827354637157896e+03 1.597403168139212648e+05
4.124626382901347824e+03 1.618334757742119255e+05
4.286541408420925109e+03 1.639807459882628173e+05
4.454812518844988517e+03 1.661851016474471544e+05
4.629689226627267999e+03 1.684471768963838404e+05
4.811430839003254732e+03 1.707582964062602841e+05
5.000306842491089810e+03 1.592161857640992384e+05
5.196597302486196895e+03 1.613229460759526410e+05
5.400593278542373810e+03 1.634857767448045488e+05
5.612597255954965476e+03 1.657039739528924401e+05
5.832923594286199659e+03 1.679801909787150216e+05
6.061898993497572519e+03 1.703169342321380391e+05
6.299862978380693676e+03 1.588385145561442187e+05
6.547168402004729614e+03 1.609581213627271645e+05
6.804181968927094204e+03 1.631322448454110709e+05
7.071284778942996127e+03 1.653627563545302837e+05
7.348872892180387680e+03 1.676502901409380720e+05
7.637357916378011396e+03 1.699992947141300538e+05
7.937167617217543011e+03 1.585739807706665015e+05
8.248746552614580651e+03 1.607055523904194415e+05
8.572556731909324299e+03 1.628893549825291266e+05
8.909078300934124854e+03 1.651304246348872839e+05
9.258810253973944782e+03 1.674291364883698698e+05
9.622271173675135287e+03 1.697875423563046206e+05
1.000000000000000000e+04 1.584034665978850098e+05
