1.000000000000000056e-01 8.323703017765806678e-01
1.059560179277615893e-01 7.186167102886695801e-01
1.122667773510813566e-01 6.615945968621455009e-01
1.189534067370319470e-01 6.070391807035321330e-01
1.260382929679727537e-01 5.209239368753928456e-01
1.335451562929898806e-01 4.757612669205900091e-01
1.414991297434576023e-01 4.327323465836988015e-01
1.499268432786045602e-01 3.919086947839677815e-01
1.588565129428052836e-01 3.528047835828920231e-01
1.683180353330956669e-01 3.366342022310564452e-01
1.783430876931909326e-01 2.990589486593081547e-01
1.889652339691209604e-01 2.805899475836650114e-01
2.002200371815584523e-01 2.610986762688524698e-01
2.121451784910629856e-01 2.403803148205461149e-01
2.247805833548725263e-01 2.187059898112453660e-01
2.381685551976158166e-01 1.969706920034968445e-01
2.523539170434765944e-01 1.870543434375816771e-01
2.673841615839946395e-01 1.765242953977984308e-01
2.833096101839324144e-01 1.650448177433404828e-01
3.001835813575589040e-01 1.536121653210280880e-01
3.180625692794120107e-01 1.519969760065242592e-01
3.370064329271929005e-01 1.406578540276094968e-01
3.570785964900463627e-01 1.301072973137104294e-01
3.783462617131930217e-01 1.200597903883374451e-01
4.008806328898465443e-01 1.181370968166701729e-01
4.247571552536899553e-01 1.085681407998528025e-01
4.500557675700498916e-01 9.929010214665644207e-02
4.768611697714470465e-01 9.625030451130300868e-02
5.052631065335680960e-01 9.205488510144668735e-02
5.353566677410726005e-01 9.263930978460689636e-02
5.672426068491979168e-01 9.164652068265359552e-02
6.010276782070382851e-01 9.493715796088007808e-02
6.368249944718588074e-01 1.027988178912058320e-01
6.747544053110694495e-01 1.092273916114128995e-01
7.149428986597579083e-01 1.294255217757125931e-01
7.575250258771913936e-01 1.406678008824752413e-01
8.026433522257175879e-01 1.701997617130828477e-01
8.504489341802679014e-01 2.016246421622000518e-01
9.011018251665020573e-01 2.666202825907439955e-01
9.547716114208059102e-01 3.460791640899700261e-01
1.011637979766207618e+00 4.450037809874267114e-01
1.071891319205128035e+00 6.066316164566513125e-01
1.135733358343105737e+00 7.757467231276967690e-01
1.203377840777589913e+00 1.001403023660591751e+00
1.275051240713013456e+00 1.306726018580203874e+00
1.350993521198027292e+00 1.626284399486211507e+00
1.431458937523479191e+00 1.810907321477162935e+00
1.516716888470923230e+00 2.053324010731122584e+00
1.607052818261639260e+00 2.224367783731334036e+00
1.702769172225900407e+00 2.296948260170847522e+00
1.804186409392072754e+00 2.261037533456722759e+00
1.911644075385702690e+00 2.258139310601475991e+00
2.025501939230667681e+00 2.139453706590642934e+00
2.146141197858404848e+00 2.053019598713980098e+00
2.273965752357928860e+00 1.864262659802576882e+00
2.409403560239525621e+00 1.706953771255216745e+00
2.552908068239517991e+00 1.574863033792553990e+00
2.704959730463135870e+00 1.371879262667513144e+00
2.866067616948251739e+00 1.280073914423769166e+00
3.036771118035459072e+00 1.201297794035730337e+00
3.217641750250737065e+00 1.059703508729507915e+00
3.409285069746812891e+00 9.378835787460093609e-01
3.612342699709432114e+00 8.882714813690839595e-01
3.827494478516312970e+00 7.894239575471638792e-01
4.055460735840830111e+00 7.495762215759730340e-01
4.297004704320841917e+00 7.122033727670571412e-01
4.552935074866949705e+00 6.346578298416213348e-01
4.824108704165371186e+00 6.036939964985424956e-01
5.111433483440167791e+00 5.730547559116867529e-01
5.415871378079473608e+00 5.099392188987776908e-01
5.738441648302395670e+00 4.835653592434551729e-01
6.080224261649424200e+00 4.879353614824771812e-01
6.442363508721373755e+00 4.598181562924620880e-01
6.826071834272389616e+00 4.323984071086354741e-01
7.232633896483537050e+00 4.316114142446822455e-01
7.663410868007458632e+00 4.284286428755136877e-01
8.119844993184013759e+00 4.220377357270255203e-01
8.603464416684504457e+00 4.395322683396868380e-01
9.115888299750823265e+00 4.515167527330355424e-01
9.658832241158703980e+00 5.195452717327259107e-01
1.023411402105453760e+01 5.863003677279272630e-01
1.084365968689610860e+01 7.839565374881135584e-01
1.148951000187309823e+01 1.160015650577888024e+00
1.217382727739662052e+01 2.007850124188709007e+00
1.289890261253309411e+01 2.702111469814732914e+02
1.366716356462007376e+01 3.315766114939830800e+02
1.448118227674534531e+01 3.693465446793956062e+02
1.534368408930013139e+01 4.242292613750989858e+02
1.625755666443794922e+01 4.708515375702024812e+02
1.722585965398787522e+01 5.045193222056228137e+02
1.825183494319044186e+01 5.561653089446634795e+02
1.933891750455232028e+01 6.299274794061917646e+02
2.049074689815848060e+01 6.865008735166928773e+02
2.171117945694505380e+01 7.187579673848392758e+02
2.300430119772919113e+01 7.691623646483656103e+02
2.437444150122221842e+01 7.886070528315327692e+02
2.582618760682677461e+01 8.244898050487804539e+02
2.736439997074672092e+01 8.779690624822634391e+02
2.899422853882878215e+01 9.509287478562283695e+02
3.072112998861759081e+01 9.818387321690319141e+02
3.255088599835060137e+01 9.632503612925202106e+02
3.448962260405759395e+01 1.022528629443526256e+03
3.654383070957258184e+01 1.030294750088620731e+03
3.872038781812557318e+01 1.050422182482327798e+03
4.102658105827194390e+01 1.083398138857350887e+03
4.347013158125026422e+01 1.056828812450116629e+03
4.605922041145108636e+01 1.111482306887668301e+03
4.880251583654433745e+01 1.104823596166597326e+03
5.170920242896760755e+01 1.106855394196273210e+03
5.478901179593945159e+01 1.046488384530202438e+03
5.805225516094901650e+01 1.063828137903404922e+03
6.150985788580504021e+01 1.088938643057053241e+03
6.517339604882427295e+01 1.049564926439445799e+03
6.905513520162330110e+01 1.086921468078329099e+03
7.316807143427199378e+01 1.059110118831629279e+03
7.752597488629464806e+01 1.037563594728472481e+03
8.214343584919430441e+01 1.021319134145576186e+03
8.703591361485165123e+01 1.009650723120166731e+03
9.221978823334330855e+01 1.002009273282404706e+03
9.771241535346501905e+01 9.979812833563025833e+02
1.035321843295662632e+02 9.972594631616155993e+02
1.096985797892384085e+02 9.996199987864258674e+02
1.162322468679852960e+02 1.004907948913246628e+03
1.231550603292826196e+02 9.491499084107997533e+02
1.304901978014403028e+02 9.595321910040477178e+02
1.382622173764656281e+02 9.725767175775929445e+02
1.464971398307286279e+02 9.255384456795449069e+02
1.552225357427047925e+02 9.418686843751237348e+02
1.644676177994664386e+02 9.607325594936843345e+02
1.742633386009650849e+02 9.200333091304194113e+02
1.846424942895544348e+02 9.415122824128878847e+02
1.956398343517064689e+02 9.052220980814626046e+02
2.072921779595371845e+02 9.290147660213901872e+02
2.196385372416546886e+02 8.961469392624234160e+02
2.327202478960409735e+02 9.220769202393133810e+02
2.465811075822603868e+02 8.916196557754783498e+02
2.612675225563328922e+02 8.620334842331121763e+02
2.768286630392066741e+02 8.914983246476479053e+02
2.933166278390045250e+02 8.638067614212600347e+02
3.107866187782013867e+02 8.953323640126727696e+02
3.292971255097151584e+02 8.691268699082359035e+02
3.489101213406773923e+02 8.450233881630690576e+02
3.696912707195028247e+02 8.777070602380729269e+02
3.917101490809260440e+02 8.545323305369943228e+02
4.150404757850476472e+02 8.330641118813201729e+02
4.397603609302720997e+02 8.668604940860064971e+02
4.659525668664682030e+02 8.459384721526464546e+02
4.937047852839003781e+02 8.264287101629952303e+02
5.231099308056263908e+02 8.613587462910160184e+02
5.542664520663107623e+02 8.421154966218273330e+02
5.872786613189482523e+02 8.240678524347806615e+02
6.222570836730230894e+02 8.601842477236491504e+02
6.593188271333548300e+02 8.421908547088099795e+02
6.985879746785249154e+02 8.252305744032023540e+02
7.401959996915644524e+02 8.092134540305413566e+02
7.842822061337682271e+02 8.455334764443553013e+02
8.309941949353395785e+02 8.293702154051964044e+02
8.804883581643464368e+02 8.140420583365680613e+02
9.329304026284686415e+02 8.516803256907400055e+02
9.884959046625585870e+02 8.360833135797872728e+02
1.047370897959450758e+03 8.212382988740456540e+02
1.109752496412072105e+03 8.069551639766614244e+02
1.175849554052158055e+03 8.450695740643507179e+02
1.245883364295008050e+03 8.305391201437345217e+02
1.320088400831419449e+03 8.166476489743897673e+02
1.398713102647238657e+03 8.029191692097699615e+02
1.482020705798860035e+03 8.417481024522998041e+02
1.570290124729377567e+03 8.279869261327088452e+02
1.663816886076130686e+03 8.147823788086199102e+02
1.762914118095947970e+03 8.015680086881479838e+02
1.867913599020784659e+03 8.409786291159390430e+02
1.979166867853557278e+03 8.277657856964832490e+02
2.097046401323234932e+03 8.150489372497602290e+02
2.221946860939523958e+03 8.023237726052228709e+02
2.354286414322420114e+03 7.895826045299705811e+02
2.494508135230316384e+03 8.293881839163191216e+02
2.643081486974108429e+03 8.170073712516449405e+02
2.800503894183631019e+03 8.047574348123865775e+02
2.967302408188872505e+03 7.922936230791694925e+02
3.144035471591500027e+03 8.324887202740716248e+02
3.331294787934677061e+03 8.203267166750852084e+02
3.529707302730650099e+03 8.085457566749738589e+02
3.739937302478801485e+03 7.962528080374554520e+02
3.962688638701478339e+03 8.367899854191376789e+02
4.198707084443914027e+03 8.247548027550238885e+02
4.448782831127585268e+03 8.130941368016999604e+02
4.713753134116728688e+03 8.012361924449882054e+02
4.994505115855139593e+03 7.894109355032418307e+02
5.291978735958447032e+03 8.300978434746273251e+02
5.607169938205458493e+03 8.184752396023866368e+02
5.941133984965039417e+03 8.070711201055534048e+02
6.294988990221887434e+03 7.952520789391126073e+02
6.669919663030128504e+03 7.837843061315958266e+02
7.067181273927491020e+03 8.245673029178543629e+02
7.488103857590030202e+03 8.132621223257280008e+02
7.934096665797492278e+03 8.017609033914643533e+02
8.406652885618334039e+03 7.902415930513187732e+02
8.907354638610438997e+03 8.312635987938008384e+02
9.437878277775391325e+03 8.198925242149048245e+02
1.000000000000000000e+04 8.088354258135109376e+02
