1.000000000000000056e-01 8.324078744909586547e-01
1.039255682936712638e-01 8.204708907911886229e-01
1.080052374516252828e-01 7.568185909818150314e-01
1.122450568085306410e-01 6.977017631872939329e-01
1.166513131698196093e-01 6.425436324061118976e-01
1.212305401337652189e-01 5.911185797678994991e-01
1.259895277795027302e-01 5.433202602551042704e-01
1.309353327353610374e-01 4.987275709514825128e-01
1.360752886424333452e-01 4.569821653328422495e-01
1.414170170289023587e-01 3.913061583876429328e-01
1.469684386112446450e-01 3.573290934360233706e-01
1.527377850390713721e-01 3.964118918927407864e-01
1.587336111010209105e-01 3.600719164809418893e-01
1.649648074098020167e-01 3.054030583696702994e-01
1.714406135851970769e-01 3.360108147605603834e-01
1.781706319545730832e-01 2.830828375187687262e-01
1.851648417912155065e-01 3.091399629266876059e-01
1.924336141115980114e-01 2.583675052146267026e-01
1.999877270535286022e-01 2.619413735221576833e-01
2.078383818579757347e-01 2.170204998589996825e-01
2.159972194782718291e-01 2.178561433591541252e-01
2.244763378413223709e-01 2.177318602915185586e-01
2.332883097864157096e-01 2.027372628786598963e-01
2.424462017082328336e-01 2.007358489245234801e-01
2.519635929317015077e-01 1.852270944142389852e-01
2.618545958474232660e-01 1.703148227961651107e-01
2.721338768375307082e-01 1.560953708841397447e-01
2.828166780230032540e-01 1.736406819914829147e-01
2.939188398646885858e-01 1.582367692660709146e-01
3.054568246515431684e-01 1.439968280863818395e-01
3.174477409109192627e-01 1.593460812344800748e-01
3.299093687770939809e-01 1.445837683969789511e-01
3.428601863556585694e-01 1.227711350854139294e-01
3.563193971228584833e-01 1.355416488960217714e-01
3.703069584005140302e-01 1.228225231750767893e-01
3.848436109487430312e-01 1.355025997384413927e-01
3.999509097203664543e-01 1.147581711450299663e-01
4.156512558225988752e-01 1.037699854279343359e-01
4.319679297334173551e-01 1.140625873746638902e-01
4.489251258218605600e-01 9.609979623633270462e-02
4.665479882234472853e-01 1.050207672785759550e-01
4.848626481239080577e-01 8.783848129449364772e-02
5.038962625065149803e-01 8.895864029792507899e-02
5.236770544204653044e-01 8.952125627105748940e-02
5.442343548300266898e-01 8.946282699465003818e-02
5.655986461065004578e-01 8.871348163138463583e-02
5.878016072274911963e-01 1.063010678858373609e-01
6.108761607505036606e-01 9.695826423939135630e-02
6.348565216305216419e-01 1.069035921014790530e-01
6.597782479539537892e-01 1.168648694587457459e-01
6.856782936641739878e-01 1.265969240138112295e-01
7.125950633568408632e-01 1.358938200797839002e-01
7.405684692262436419e-01 1.353134431693356343e-01
7.696399902471157128e-01 1.626694012903402431e-01
7.998527336796710241e-01 1.696797219192114903e-01
8.312514989890629202e-01 1.871847968223233072e-01
8.638828442740447144e-01 2.186409434741203861e-01
8.977951553033320931e-01 2.532971206130498754e-01
9.330387172620362435e-01 3.107140119290659475e-01
9.696657893145520513e-01 3.550306916434508575e-01
1.007730682094461150e+00 4.606259854840469847e-01
1.047289838236358461e+00 5.581918053666338198e-01
1.088401916069005937e+00 6.329077703332059990e-01
1.131127876593921444e+00 7.672239571314098949e-01
1.175531073878369304e+00 9.974949768969558761e-01
1.221677348996791812e+00 1.141543881351409606e+00
1.269635127659973550e+00 1.230544488086187105e+00
1.319475521676706009e+00 1.336081065029107950e+00
1.371272434398400186e+00 1.561743736983129738e+00
1.425102670302997865e+00 1.722477061939436505e+00
1.481046048880674704e+00 2.046235792031125822e+00
1.539185522990205390e+00 2.011668265083054408e+00
1.599607301861486919e+00 2.429784113289005010e+00
1.662400978926611872e+00 2.426673865835378585e+00
1.727659664669035644e+00 2.441477411503143902e+00
1.795480124687831358e+00 2.168508403483663471e+00
1.865962923181746058e+00 2.210630262455095085e+00
1.939212572065829976e+00 2.423482780349345944e+00
2.015337685941732904e+00 2.051075839645097876e+00
2.094451143151469630e+00 1.991898712802488314e+00
2.176670253153459189e+00 2.074639996059654656e+00
2.262116930469025178e+00 1.902561601242471312e+00
2.350917875457286588e+00 1.751551022008068559e+00
2.443204762186487855e+00 1.728424902791388496e+00
2.539114433680346838e+00 1.601724925961379942e+00
2.638789104828933141e+00 1.488833980793502265e+00
2.742376573264949435e+00 1.482297510055719192e+00
2.850030438518106557e+00 1.384315068022792250e+00
2.961910329772553307e+00 1.135388600047737118e+00
3.078182142565078383e+00 1.136912826040999525e+00
3.199018284775064114e+00 1.067541090134972226e+00
3.324597932270939804e+00 1.072386440481584824e+00
3.455107294592218103e+00 9.454474310867787556e-01
3.590739891061053068e+00 8.905035474526160622e-01
3.731696837732751959e+00 8.972585375243916639e-01
3.878187145610721753e+00 8.469614826122554563e-01
4.030428030568050879e+00 7.486880142628480339e-01
4.188645235435270564e+00 7.553374839801992868e-01
4.353073364731890216e+00 7.137091657410490342e-01
4.523956232538053790e+00 6.316820834662139061e-01
4.701547224022132099e+00 6.374736083373623297e-01
4.886109671160325796e+00 6.021210099281540939e-01
5.077917243205400943e+00 6.076347945596771716e-01
5.277254352483537581e+00 5.371774601414019967e-01
5.484416576121017961e+00 5.414155670131201026e-01
5.699711094326075589e+00 5.104446945417677739e-01
5.923457145875802965e+00 5.136935642645844569e-01
6.155986501483507567e+00 5.165541828377206990e-01
6.397643955748426592e+00 4.545708893354076796e-01
6.648787838417263174e+00 4.557391742781421451e-01
6.909790545715641663e+00 4.269111495225467179e-01
7.181039092537348623e+00 4.263440559897290205e-01
7.462935686310133043e+00 4.248140026629768085e-01
7.755898323389001980e+00 4.221076908464436728e-01
8.060361408861341559e+00 4.179664934680918931e-01
8.376776400682915735e+00 4.700530858237164100e-01
8.705612479099860579e+00 4.609256835376974171e-01
9.047357242349292505e+00 4.497406780771925350e-01
9.402517429670131932e+00 4.968021105758218536e-01
9.771619672696177261e+00 5.444904145124216388e-01
1.015521127634568010e+01 5.913073945420714850e-01
1.055386103036522982e+01 7.254591545441854139e-01
1.096816005273137939e+01 8.234130416480505144e-01
1.139872266616051455e+01 1.052831681422522259e+00
1.184618730902683659e+01 1.615049038418096217e+00
1.231121748203889510e+01 2.427185063599742953e+00
1.279450273207873323e+01 6.405247930764129904e+00
1.329675967466211262e+01 3.395463178058136577e+02
1.381873305653632222e+01 3.319885209111599238e+02
1.436119685999078754e+01 4.012956043171337228e+02
1.492495545051828998e+01 4.310098106717355790e+02
1.551084476952840596e+01 4.692478558807506488e+02
1.611973357388157169e+01 5.178573830154618918e+02
1.675252472408215354e+01 5.070561718378568798e+02
1.741015652304015404e+01 5.376900563592070057e+02
1.809360410738716496e+01 5.771055131780450438e+02
1.880388089340914703e+01 5.869226797621261085e+02
1.954204007974053425e+01 6.450735432433838241e+02
2.030917620904734733e+01 7.174095818973072483e+02
2.110642679101554720e+01 7.064964900733119748e+02
2.193497398905057949e+01 7.514706664057648595e+02
2.279604637318979599e+01 7.553410074113423889e+02
2.369092074182632146e+01 7.664634511535904267e+02
2.462092401494625449e+01 8.384405927278711488e+02
2.558743520168586372e+01 8.663482423668293677e+02
2.659188744512693603e+01 9.021197061998780100e+02
2.763577014736157267e+01 8.867595243338055297e+02
2.872063117797828014e+01 9.379609233187982227e+02
2.984807916924324189e+01 9.992247283310318835e+02
3.101978590138096692e+01 1.003273261015222261e+03
3.223748878149029906e+01 1.014034496585544503e+03
3.350299341977229517e+01 9.652684376126836696e+02
3.481817630688966148e+01 9.869525195426474511e+02
3.618498759642746876e+01 1.084500850781711279e+03
3.760545399658171561e+01 1.049602334096670575e+03
3.908168177536263954e+01 1.090455516974913735e+03
4.061585988376979373e+01 1.065580084526905694e+03
4.221026320156898493e+01 1.046439279636972515e+03
4.386725591048498529e+01 1.102226252946909653e+03
4.558929499981059053e+01 1.091111612037164377e+03
4.737893390963144213e+01 1.084469316388936022e+03
4.923882631706736390e+01 1.081931077989519963e+03
5.117173007114605099e+01 1.083238305743325554e+03
5.318051128214197121e+01 1.088224901115930834e+03
5.526814857144603366e+01 1.096803933173981704e+03
5.743773748826581027e+01 1.038239529255384696e+03
5.969249509970733669e+01 1.052158382401531298e+03
6.203576476104268522e+01 1.069358913687429322e+03
6.447102107323868836e+01 1.089987629376724271e+03
6.700187503509583564e+01 1.042830179925045968e+03
6.963207939763883303e+01 1.067674270984999339e+03
7.236553422869657481e+01 1.096230536698975129e+03
7.520629269592407695e+01 1.055617503559289844e+03
7.815856707684091020e+01 1.088265788687547001e+03
8.122673500479712061e+01 1.052345140375521851e+03
8.441534596012985503e+01 1.089102422256270984e+03
8.772912801613355782e+01 1.056943370294741044e+03
9.117299484984921776e+01 9.621428665000048568e+02
9.475205302806537588e+01 1.000427251081290137e+03
9.847160957933773773e+01 9.758147629722238889e+02
1.023371798632519187e+02 1.018392023568714990e+03
1.063544957486011242e+02 9.958580973654740092e+02
1.105295141126021008e+02 9.755316677001466132e+02
1.148684256737553540e+02 9.571657347483059084e+02
1.193776641714435698e+02 1.003708287631161738e+03
1.240639159058831780e+02 9.867373668442606913e+02
1.289341296525714426e+02 9.713723376135826584e+02
1.339955269659338342e+02 9.574547674548859959e+02
1.392556128874462047e+02 1.008728725161594298e+03
1.447221870741134353e+02 9.958536999468794875e+02
1.504033553638023761e+02 9.842112290423417562e+02
1.563075417945815673e+02 9.736941836805577850e+02
1.624435010958865462e+02 9.023581883428928450e+02
1.688203316700362677e+02 8.942953820663207125e+02
1.754474890833459710e+02 8.870570616174941279e+02
1.823348000868440408e+02 9.404611929902793008e+02
1.894924771873821783e+02 9.339659775455621684e+02
1.969311337907421660e+02 9.282181209732653997e+02
2.046617999391989713e+02 9.231670629326474682e+02
2.126959386668689831e+02 9.187675619735672399e+02
2.210454629971021632e+02 9.149791673380805150e+02
2.297227536071151235e+02 9.117655112851573449e+02
2.387406771860646870e+02 9.090939403235752252e+02
2.481126055137767707e+02 9.069352514510868559e+02
2.578524352884273867e+02 9.052629190130284087e+02
2.679746087325689246e+02 9.040531530288891418e+02
2.784941350080644042e+02 9.032845638468141942e+02
2.894266124716749005e+02 9.029378022839567848e+02
3.007882518043098798e+02 9.029953696778126186e+02
3.125959000482278043e+02 9.034416964562296926e+02
3.248670655878374873e+02 9.042624990376632468e+02
3.376199441111336910e+02 9.054450977459958949e+02
3.508734455902711034e+02 9.069780228225662313e+02
3.646472223212745121e+02 9.088510173465730304e+02
3.789616980644715909e+02 9.110548717804647367e+02
3.938380983288489006e+02 9.135814341711484303e+02
4.092984818452438276e+02 9.164233280928658587e+02
4.253657732750387481e+02 9.195742599796101331e+02
4.420637972028529816e+02 9.230284681288246702e+02
4.594173134636476448e+02 8.674563310575333617e+02
4.774520538566126220e+02 8.155268956929402293e+02
4.961947603002902838e+02 8.191055074253597468e+02
5.156732244854963483e+02 8.229222528174709623e+02
5.359163290848514407e+02 8.269748452698543133e+02
5.569540905800130304e+02 8.312614891121648952e+02
5.788177037701274230e+02 8.357807368637063519e+02
6.015395880274832052e+02 8.405315626989952307e+02
6.251534353689711452e+02 8.455133019985324836e+02
6.496942604146117901e+02 8.507256500981399086e+02
6.751984523072501361e+02 8.561686424673906686e+02
7.017038286703822223e+02 8.618426525068240380e+02
7.292496916841444090e+02 8.123257617046915584e+02
7.578768863625922450e+02 8.177401283913303587e+02
7.876278611187054821e+02 8.233589952225803472e+02
8.185467307069020535e+02 8.291835006279658273e+02
8.506793416364153018e+02 8.352149997784285915e+02
8.840733401525062618e+02 8.414551388724594290e+02
9.187782428863330324e+02 8.479057230037658428e+02
9.548455102782293125e+02 8.545689620417847436e+02
9.923286228832545248e+02 8.614470802206734561e+02
1.031283160672184749e+03 8.129642473224175774e+02
1.071766885445503476e+03 8.194196938249270943e+02
1.113839826482618264e+03 8.260691108739514448e+02
1.157564369553303550e+03 8.329150266421958122e+02
1.203005349423324333e+03 8.399602015740302932e+02
1.250230145991456084e+03 8.472076358720610187e+02
1.299308784200414493e+03 8.546604319754379731e+02
1.350314037869872209e+03 8.074309382928360037e+02
1.403321537605484764e+03 8.143830277969721010e+02
1.458409882943986304e+03 8.215221619686468557e+02
1.515660758900601195e+03 8.288515255864915616e+02
1.575159057091621207e+03 8.363745049287156235e+02
1.636993001611701857e+03 8.440946093188687200e+02
1.701254279852589207e+03 8.520155547039291832e+02
1.768038178457205049e+03 8.053606657605726014e+02
1.837443724610724757e+03 8.128361174969526246e+02
1.909573832878096709e+03 8.203809187241785139e+02
1.984535457805803162e+03 8.281133200018550724e+02
2.062439752514092561e+03 8.360371104369897921e+02
2.143402233514854743e+03 8.441562476279276552e+02
2.227542951999556408e+03 8.524748317580423418e+02
2.314986671851160736e+03 8.061427089515976832e+02
2.405863054644066779e+03 8.139207781092454752e+02
2.500306851906321299e+03 8.218150009105693243e+02
2.598458104929247384e+03 8.298965234859437032e+02
2.700462352420682237e+03 8.381695154870122906e+02
2.806470846309838635e+03 8.466382254397373117e+02
2.916640776023700710e+03 8.553071263739594770e+02
3.031135501567576284e+03 8.090063881297649004e+02
3.150124795755327796e+03 8.170274429138702317e+02
3.273785095948577236e+03 8.252329328623362699e+02
3.402299765678064432e+03 8.336271134871155937e+02
3.535859366535175923e+03 8.422143658968604996e+02
3.674661940736687939e+03 8.509992666236171317e+02
3.818913304781854094e+03 8.051622582352193831e+02
3.968827354637157896e+03 8.134105730903424956e+02
4.124626382901347824e+03 8.217148439448367299e+02
4.286541408420925109e+03 8.302058165925838011e+02
4.454812518844988517e+03 8.388879850044287423e+02
4.629689226627267999e+03 8.477659583184050689e+02
4.811430839003254732e+03 8.568445853176281162e+02
5.000306842491089810e+03 8.107057464542272101e+02
5.196597302486196895e+03 8.190897923789079869e+02
5.400593278542373810e+03 8.276591336658954106e+02
5.612597255954965476e+03 8.364183217112314424e+02
5.832923594286199659e+03 8.453720633040361463e+02
6.061898993497572519e+03 8.545252132500812650e+02
6.299862978380693676e+03 8.087145307025914462e+02
6.547168402004729614e+03 8.171638617446010358e+02
6.804181968927094204e+03 8.257975085442654972e+02
7.071284778942996127e+03 8.346200611588800484e+02
7.348872892180387680e+03 8.436362784455836845e+02
7.637357916378011396e+03 8.528510801445322613e+02
7.937167617217543011e+03 8.072835605621610284e+02
8.248746552614580651e+03 8.157870630582814329e+02
8.572556731909324299e+03 8.244741988460291395e+02
8.909078300934124854e+03 8.333496018510700196e+02
9.258810253973944782e+03 8.424180924516530240e+02
9.622271173675135287e+03 8.516846033849127480e+02
1.000000000000000000e+04 8.062319131385881974e+02
