1.000000000000000056e-01 nan
1.039255682936712638e-01 nan
1.080052374516252828e-01 nan
1.122450568085306410e-01 nan
1.166513131698196093e-01 nan
1.212305401337652189e-01 nan
1.259895277795027302e-01 nan
1.309353327353610374e-01 nan
1.360752886424333452e-01 2.797392231584881728e+01
1.414170170289023587e-01 2.117936064561520837e+01
1.469684386112446450e-01 1.750980762089682230e+01
1.527377850390713721e-01 1.434651997764738418e+01
1.587336111010209105e-01 1.286207854420761620e+01
1.649648074098020167e-01 1.263939118656131555e+01
1.714406135851970769e-01 1.114946811591726750e+01
1.781706319545730832e-01 1.076490539348574416e+01
1.851648417912155065e-01 1.030020848659975918e+01
1.924336141115980114e-01 9.764043621906914439e+00
1.999877270535286022e-01 1.013418146726240465e+01
2.078383818579757347e-01 1.041665953040469894e+01
2.159972194782718291e-01 1.059756444719391943e+01
2.244763378413223709e-01 1.068769958378495843e+01
2.332883097864157096e-01 1.069172600717904231e+01
2.424462017082328336e-01 1.172715231904329691e+01
2.519635929317015077e-01 1.277940803105102674e+01
2.618545958474232660e-01 1.386743746454026294e+01
2.721338768375307082e-01 1.500617732050281106e+01
2.828166780230032540e-01 1.790124232634428125e+01
2.939188398646885858e-01 2.865029268527154116e+01
3.054568246515431684e-01 2.168488387453094482e+10
3.174477409109192627e-01 1.145880437723760376e+11
3.299093687770939809e-01 2.139310037887878418e+10
3.428601863556585694e-01 6.243411650089926910e+10
3.563193971228584833e-01 9.544719320688674927e+10
3.703069584005140302e-01 7.932475758960275236e+00
3.848436109487430312e-01 4.946298955316019708e+00
3.999509097203664543e-01 3.718816569696735019e+00
4.156512558225988752e-01 2.768882172621061066e+00
4.319679297334173551e-01 2.254691862815310088e+00
4.489251258218605600e-01 2.007882931994732445e+00
4.665479882234472853e-01 1.769021637525880042e+00
4.848626481239080577e-01 1.540140893609531103e+00
5.038962625065149803e-01 1.458924497876327608e+00
5.236770544204653044e-01 1.359710796252467269e+00
5.442343548300266898e-01 1.376611650378841478e+00
5.655986461065004578e-01 1.367887634886848058e+00
5.878016072274911963e-01 1.331771095234673519e+00
6.108761607505036606e-01 1.271111763840406361e+00
6.348565216305216419e-01 1.315838603394526629e+00
6.597782479539537892e-01 1.476930888033718858e+00
6.856782936641739878e-01 1.470210155195037283e+00
7.125950633568408632e-01 1.586585072048866785e+00
7.405684692262436419e-01 1.677637723156778726e+00
7.696399902471157128e-01 1.914082490666553893e+00
7.998527336796710241e-01 2.354957367136519153e+00
8.312514989890629202e-01 2.817920796925557081e+00
8.638828442740447144e-01 3.621243001585109145e+00
8.977951553033320931e-01 4.510450321411963337e+00
9.330387172620362435e-01 8.060879679754640037e+00
9.696657893145520513e-01 1.874523977659405091e+03
1.007730682094461150e+00 1.751962684030517721e+03
1.047289838236358461e+00 1.750779626468030301e+03
1.088401916069005937e+00 1.849824839207028845e+03
1.131127876593921444e+00 1.855747584106546810e+03
1.175531073878369304e+00 1.942696497496491702e+03
1.221677348996791812e+00 1.908314544569828513e+03
1.269635127659973550e+00 1.936101019052778611e+03
1.319475521676706009e+00 2.022239162589720763e+03
1.371272434398400186e+00 2.169309156194672596e+03
1.425102670302997865e+00 2.153491906186531196e+03
1.481046048880674704e+00 2.183458687347135310e+03
1.539185522990205390e+00 2.492047464831844081e+03
1.599607301861486919e+00 2.619296343767763574e+03
1.662400978926611872e+00 2.796720092734711216e+03
1.727659664669035644e+00 3.026517260087118757e+03
1.795480124687831358e+00 3.314797398223088294e+03
1.865962923181746058e+00 3.672479398347737515e+03
1.939212572065829976e+00 4.110310853936998683e+03
2.015337685941732904e+00 5.121499812896825460e+03
2.094451143151469630e+00 5.814925614779991520e+03
2.176670253153459189e+00 8.084941789529393645e+03
2.262116930469025178e+00 1.369308648630194875e+04
2.350917875457286588e+00 2.306978337971352448e+04
2.443204762186487855e+00 3.187392829793408237e+04
2.539114433680346838e+00 4.014955793056535913e+04
2.638789104828933141e+00 5.104021027276908717e+04
2.742376573264949435e+00 5.367353985157971329e+04
2.850030438518106557e+00 6.286354425084232935e+04
2.961910329772553307e+00 6.729341633551701671e+04
3.078182142565078383e+00 8.035710318437239039e+04
3.199018284775064114e+00 8.765903618245750840e+04
3.324597932270939804e+00 9.643692341074082651e+04
3.455107294592218103e+00 1.069397711214544979e+05
3.590739891061053068e+00 1.322705798186057946e+05
3.731696837732751959e+00 1.492934663808434270e+05
3.878187145610721753e+00 1.700031494449604361e+05
4.030428030568050879e+00 2.152763166328390944e+05
4.188645235435270564e+00 2.486829338707417191e+05
4.353073364731890216e+00 3.531901858841347275e+05
4.523956232538053790e+00 5.042433690267062047e+05
4.701547224022132099e+00 1.179966066375138937e+06
4.886109671160325796e+00 nan
5.077917243205400943e+00 9.782821633575524700e+00
5.277254352483537581e+00 7.677417602113217221e+00
5.484416576121017961e+00 6.604392734122589204e+00
5.699711094326075589e+00 5.647079544442776822e+00
5.923457145875802965e+00 5.306818187384902075e+00
6.155986501483507567e+00 4.962511601372545655e+00
6.397643955748426592e+00 4.617934402976603181e+00
6.648787838417263174e+00 4.274345816013458865e+00
6.909790545715641663e+00 3.934035310947902708e+00
7.181039092537348623e+00 3.974672425672852949e+00
7.462935686310133043e+00 3.989656077727236294e+00
7.755898323389001980e+00 3.971086463158260305e+00
8.060361408861341559e+00 3.910717841381852633e+00
8.376776400682915735e+00 3.803137621807956226e+00
8.705612479099860579e+00 4.026754474444518728e+00
9.047357242349292505e+00 4.187994341828115807e+00
9.402517429670131932e+00 4.702048784510313162e+00
9.771619672696177261e+00 5.660320191518469990e+00
1.015521127634568010e+01 7.221419487969605200e+00
1.055386103036522982e+01 2.290879537826005162e+03
1.096816005273137939e+01 2.098411073919241062e+03
1.139872266616051455e+01 1.965952409036913195e+03
1.184618730902683659e+01 1.871437099506356844e+03
1.231121748203889510e+01 1.808540194266278377e+03
1.279450273207873323e+01 2.183709299438198286e+03
1.329675967466211262e+01 2.711116803230032929e+03
1.381873305653632222e+01 3.084528783675702016e+03
1.436119685999078754e+01 4.032037815318012235e+03
1.492495545051828998e+01 3.072663110425347440e+03
1.551084476952840596e+01 3.698487694354771520e+03
1.611973357388157169e+01 4.523095526999729373e+03
1.675252472408215354e+01 6.181790001390932048e+03
1.741015652304015404e+01 nan
1.809360410738716496e+01 nan
1.880388089340914703e+01 nan
1.954204007974053425e+01 nan
2.030917620904734733e+01 nan
2.110642679101554720e+01 nan
2.193497398905057949e+01 7.966507527949316427e+05
2.279604637318979599e+01 6.918796075864998857e+05
2.369092074182632146e+01 6.124693406623703195e+05
2.462092401494625449e+01 5.527472781802787213e+05
2.558743520168586372e+01 5.608536039865646744e+05
2.659188744512693603e+01 5.238214845614721416e+05
2.763577014736157267e+01 4.972929193931631162e+05
2.872063117797828014e+01 4.788588859626223566e+05
2.984807916924324189e+01 4.232673466257317341e+05
3.101978590138096692e+01 4.186193391840899130e+05
3.223748878149029906e+01 4.191408703663067427e+05
3.350299341977229517e+01 3.840296734117043088e+05
3.481817630688966148e+01 3.928824860846849042e+05
3.618498759642746876e+01 3.673539814781637397e+05
3.760545399658171561e+01 3.831721242879709462e+05
3.908168177536263954e+01 3.647254687945804326e+05
4.061585988376979373e+01 3.501804135783720994e+05
4.221026320156898493e+01 3.389120454121570219e+05
4.386725591048498529e+01 3.652475110545224743e+05
4.558929499981059053e+01 3.586546960391175235e+05
4.737893390963144213e+01 3.544567095514050452e+05
4.923882631706736390e+01 3.525466921647939016e+05
5.117173007114605099e+01 3.190694796972365002e+05
5.318051128214197121e+01 3.209702303232331178e+05
5.526814857144603366e+01 3.246267764005115605e+05
5.743773748826581027e+01 3.300367350059032324e+05
5.969249509970733669e+01 3.370901590563599020e+05
6.203576476104268522e+01 3.128024153576066601e+05
6.447102107323868836e+01 3.569602391302493052e+05
6.700187503509583564e+01 3.334874330369830714e+05
6.963207939763883303e+01 3.466089823523535742e+05
7.236553422869657481e+01 3.269157044483590289e+05
7.520629269592407695e+01 3.796393415023105335e+05
7.815856707684091020e+01 3.594663891315052751e+05
8.122673500479712061e+01 3.416729614515965222e+05
8.441534596012985503e+01 3.616917197840734734e+05
8.772912801613355782e+01 3.473265397162050940e+05
9.117299484984921776e+01 3.683394982336295070e+05
9.475205302806537588e+01 3.545325473645464517e+05
9.847160957933773773e+01 3.793743249120071996e+05
1.023371798632519187e+02 3.663140924686546787e+05
1.063544957486011242e+02 3.550736093473306391e+05
1.105295141126021008e+02 3.458675865011023125e+05
1.148684256737553540e+02 3.376608791754746344e+05
1.193776641714435698e+02 3.303340661463603610e+05
1.240639159058831780e+02 3.228352016481257742e+05
1.289341296525714426e+02 3.160209719639871037e+05
1.339955269659338342e+02 3.099687535780980252e+05
1.392556128874462047e+02 3.045590021259594359e+05
1.447221870741134353e+02 3.311829085772992694e+05
1.504033553638023761e+02 3.261587238064712146e+05
1.563075417945815673e+02 3.216706058952281601e+05
1.624435010958865462e+02 3.176893770200403524e+05
1.688203316700362677e+02 3.141817291834104108e+05
1.754474890833459710e+02 3.111036254572084290e+05
1.823348000868440408e+02 3.084131114715019939e+05
1.894924771873821783e+02 3.060908012724886648e+05
1.969311337907421660e+02 3.041049557367351954e+05
2.046617999391989713e+02 3.342988438832208631e+05
2.126959386668689831e+02 3.327032980665851501e+05
2.210454629971021632e+02 3.314237040764749399e+05
2.297227536071151235e+02 3.304307591013874044e+05
2.387406771860646870e+02 3.297268766498994664e+05
2.481126055137767707e+02 3.292596519214620348e+05
2.578524352884273867e+02 3.290564818210556405e+05
2.679746087325689246e+02 3.290958887408010196e+05
2.784941350080644042e+02 3.293724413036468322e+05
2.894266124716749005e+02 3.298675946612376720e+05
3.007882518043098798e+02 3.305610725339209894e+05
3.125959000482278043e+02 3.314585446361276554e+05
3.248670655878374873e+02 3.325616943457949092e+05
3.376199441111336910e+02 3.338465182221533032e+05
3.508734455902711034e+02 3.353267331749482546e+05
3.646472223212745121e+02 3.047786855302519980e+05
3.789616980644715909e+02 3.063748474951239186e+05
3.938380983288489006e+02 3.081284641828924650e+05
4.092984818452438276e+02 3.100419190064971917e+05
4.253657732750387481e+02 3.121003657845556736e+05
4.420637972028529816e+02 3.143099946614099317e+05
4.594173134636476448e+02 3.166687469178181491e+05
4.774520538566126220e+02 3.191741680006851675e+05
4.961947603002902838e+02 3.218393452652331907e+05
5.156732244854963483e+02 3.246484870786349638e+05
5.359163290848514407e+02 3.276105463404322509e+05
5.569540905800130304e+02 3.306926886876216158e+05
5.788177037701274230e+02 3.338734593969485722e+05
6.015395880274832052e+02 3.049972372105726390e+05
6.251534353689711452e+02 3.080308336031153449e+05
6.496942604146117901e+02 3.111905359042731579e+05
6.751984523072501361e+02 3.144902172327521257e+05
7.017038286703822223e+02 3.179198199550344143e+05
7.292496916841444090e+02 3.214945024359883391e+05
7.578768863625922450e+02 3.252049547446101788e+05
7.876278611187054821e+02 3.290667191523242509e+05
8.185467307069020535e+02 3.329803405225503957e+05
8.506793416364153018e+02 3.370338139086122392e+05
8.840733401525062618e+02 3.085069912400098401e+05
9.187782428863330324e+02 3.122882076613557874e+05
9.548455102782293125e+02 3.162016060372917564e+05
9.923286228832545248e+02 3.202462331635485170e+05
1.031283160672184749e+03 3.244348949287795112e+05
1.071766885445503476e+03 3.287693636420381372e+05
1.113839826482618264e+03 3.331607249034510460e+05
1.157564369553303550e+03 3.376718668233232456e+05
1.203005349423324333e+03 3.094719133278925437e+05
1.250230145991456084e+03 3.136582069149255403e+05
1.299308784200414493e+03 3.179773338829439017e+05
1.350314037869872209e+03 3.224344702181930188e+05
1.403321537605484764e+03 3.270335824559950852e+05
1.458409882943986304e+03 3.317292541340355529e+05
1.515660758900601195e+03 3.365093273804676137e+05
1.575159057091621207e+03 3.087041305262553506e+05
1.636993001611701857e+03 3.131144376485341927e+05
1.701254279852589207e+03 3.176562383932272205e+05
1.768038178457205049e+03 3.223506440951851546e+05
1.837443724610724757e+03 3.271869225122673670e+05
1.909573832878096709e+03 3.321104801527687232e+05
1.984535457805803162e+03 3.371243736961889663e+05
2.062439752514092561e+03 3.094457821405565483e+05
2.143402233514854743e+03 3.140616198921778705e+05
2.227542951999556408e+03 3.188183408994068741e+05
2.314986671851160736e+03 3.237201414141081041e+05
2.405863054644066779e+03 3.287649455634807236e+05
2.500306851906321299e+03 3.338627059236612404e+05
2.598458104929247384e+03 3.066744647322827368e+05
2.700462352420682237e+03 3.113481689567575813e+05
2.806470846309838635e+03 3.161557509916495183e+05
2.916640776023700710e+03 3.211078844745908864e+05
3.031135501567576284e+03 3.262079789687302546e+05
3.150124795755327796e+03 3.314150926206905860e+05
3.273785095948577236e+03 3.366915348986985045e+05
3.402299765678064432e+03 3.093094470273372135e+05
3.535859366535175923e+03 3.141633092855885625e+05
3.674661940736687939e+03 3.191537709263967117e+05
3.818913304781854094e+03 3.242936087535710540e+05
3.968827354637157896e+03 3.295878850448779995e+05
4.124626382901347824e+03 3.349022003507722402e+05
4.286541408420925109e+03 3.077991949353750679e+05
4.454812518844988517e+03 3.126802845487390878e+05
4.629689226627267999e+03 3.177060566646458465e+05
4.811430839003254732e+03 3.228769133064301568e+05
5.000306842491089810e+03 3.282087158349862439e+05
5.196597302486196895e+03 3.335905871413814020e+05
5.400593278542373810e+03 3.391014970645159483e+05
5.612597255954965476e+03 3.116059423604196054e+05
5.832923594286199659e+03 3.166629061714950367e+05
6.061898993497572519e+03 3.218667440739184967e+05
6.299862978380693676e+03 3.272153882808675990e+05
6.547168402004729614e+03 3.326552871154312161e+05
6.804181968927094204e+03 3.381902638871201198e+05
7.071284778942996127e+03 3.108414965274297865e+05
7.348872892180387680e+03 3.159210472298695240e+05
7.637357916378011396e+03 3.211483680933036376e+05
7.937167617217543011e+03 3.265274892945074243e+05
8.248746552614580651e+03 3.320039961901910719e+05
8.572556731909324299e+03 3.375598843301988672e+05
8.909078300934124854e+03 3.103162888011032483e+05
9.258810253973944782e+03 3.154228145321922493e+05
9.622271173675135287e+03 3.206700980380433612e+05
1.000000000000000000e+04 3.260720553714120178e+05
