1.000000000000000056e-01 5.303301210379069916e-04
1.039255682936712638e-01 4.901434332812050357e-04
1.080052374516252828e-01 4.529924274075481988e-04
1.122450568085306410e-01 4.185419066782292705e-04
1.166513131698196093e-01 4.062507262009995438e-04
1.212305401337652189e-01 3.749330495247419834e-04
1.259895277795027302e-01 3.458561909378541949e-04
1.309353327353610374e-01 3.347064772675932749e-04
1.360752886424333452e-01 3.081341770353840750e-04
1.414170170289023587e-01 2.833925847437533500e-04
1.469684386112446450e-01 2.737091530546682415e-04
1.527377850390713721e-01 2.637587082098021138e-04
1.587336111010209105e-01 2.415847935509141987e-04
1.649648074098020167e-01 2.322840401624969725e-04
1.714406135851970769e-01 2.227827807327335450e-04
1.781706319545730832e-01 2.134769790509072546e-04
1.851648417912155065e-01 2.039148440472606048e-04
1.924336141115980114e-01 1.946874127980397298e-04
1.999877270535286022e-01 1.852564381803136644e-04
2.078383818579757347e-01 1.849601338192928231e-04
2.159972194782718291e-01 1.842861107619710235e-04
2.244763378413223709e-01 1.744232917052368362e-04
2.332883097864157096e-01 1.731462164004109357e-04
2.424462017082328336e-01 1.715603231774886128e-04
2.519635929317015077e-01 1.697150384515591268e-04
2.618545958474232660e-01 1.761588934649533245e-04
2.721338768375307082e-01 1.737192593999291031e-04
2.828166780230032540e-01 1.710957864849927605e-04
2.939188398646885858e-01 1.768978399463949592e-04
3.054568246515431684e-01 1.738037282027498525e-04
3.174477409109192627e-01 1.794179813814929096e-04
3.299093687770939809e-01 1.847394117881276116e-04
3.428601863556585694e-01 1.810908055918694333e-04
3.563193971228584833e-01 1.861697335345507812e-04
3.703069584005140302e-01 1.913343502123775251e-04
3.848436109487430312e-01 1.868151127244823426e-04
3.999509097203664543e-01 1.915255197863230938e-04
4.156512558225988752e-01 1.961079410927620123e-04
4.319679297334173551e-01 1.905899716898318285e-04
4.489251258218605600e-01 1.944180032229431739e-04
4.665479882234472853e-01 1.977556038461446427e-04
4.848626481239080577e-01 2.006865866479848792e-04
5.038962625065149803e-01 2.031640327894380569e-04
5.236770544204653044e-01 2.155672850104187264e-04
5.442343548300266898e-01 2.170123436133126777e-04
5.655986461065004578e-01 2.290126226810874736e-04
5.878016072274911963e-01 2.406165870413928473e-04
6.108761607505036606e-01 2.522800188781136621e-04
6.348565216305216419e-01 2.768237694478537284e-04
6.597782479539537892e-01 3.027423255524147746e-04
6.856782936641739878e-01 3.298769084023222197e-04
7.125950633568408632e-01 3.581216707579894980e-04
7.405684692262436419e-01 3.873630785368694426e-04
7.696399902471157128e-01 4.385846888870575336e-04
7.998527336796710241e-01 5.195377609014650280e-04
8.312514989890629202e-01 5.830825003876609521e-04
8.638828442740447144e-01 6.852372248309823895e-04
8.977951553033320931e-01 8.022347267343891150e-04
9.330387172620362435e-01 9.825665173922154810e-04
9.696657893145520513e-01 1.200430944306015921e-03
1.007730682094461150e+00 1.460459851998386228e-03
1.047289838236358461e+00 1.773846278053507449e-03
1.088401916069005937e+00 2.149420761991519772e-03
1.131127876593921444e+00 2.474862443194929956e-03
1.175531073878369304e+00 2.992221352848990681e-03
1.221677348996791812e+00 3.615815688714209448e-03
1.269635127659973550e+00 4.163143350191212191e-03
1.319475521676706009e+00 4.797056132569835381e-03
1.371272434398400186e+00 5.270397975905946782e-03
1.425102670302997865e+00 6.091049487686346457e-03
1.481046048880674704e+00 6.720647845354566462e-03
1.539185522990205390e+00 7.066129110387992136e-03
1.599607301861486919e+00 7.836621020218089567e-03
1.662400978926611872e+00 8.288205361180241842e-03
1.727659664669035644e+00 8.368872085791177404e-03
1.795480124687831358e+00 8.902057845281512866e-03
1.865962923181746058e+00 9.038145044642970777e-03
1.939212572065829976e+00 9.203729695492336368e-03
2.015337685941732904e+00 9.396660284442335392e-03
2.094451143151469630e+00 9.143054444440750980e-03
2.176670253153459189e+00 9.381067783470767307e-03
2.262116930469025178e+00 9.170419353478554553e-03
2.350917875457286588e+00 8.985245056535589789e-03
2.443204762186487855e+00 8.822556473291044005e-03
2.539114433680346838e+00 8.681228763766304576e-03
2.638789104828933141e+00 8.552854226578239169e-03
2.742376573264949435e+00 8.436122246874747099e-03
2.850030438518106557e+00 7.936869773796477456e-03
2.961910329772553307e+00 7.847886422097402268e-03
3.078182142565078383e+00 7.397475962093730782e-03
3.199018284775064114e+00 7.336224215454948717e-03
3.324597932270939804e+00 6.924015780264467131e-03
3.455107294592218103e+00 6.876450964985660053e-03
3.590739891061053068e+00 6.503400836780719695e-03
3.731696837732751959e+00 6.468073931460672013e-03
3.878187145610721753e+00 6.128562907044739390e-03
4.030428030568050879e+00 6.100440917595203322e-03
4.188645235435270564e+00 5.783017893934891927e-03
4.353073364731890216e+00 5.481923203070117670e-03
4.523956232538053790e+00 5.463970568554832839e-03
4.701547224022132099e+00 5.185877269285187226e-03
4.886109671160325796e+00 4.920286708141991504e-03
5.077917243205400943e+00 4.906368415872748058e-03
5.277254352483537581e+00 4.654686472692474465e-03
5.484416576121017961e+00 4.641517541411130723e-03
5.699711094326075589e+00 4.406184879410472016e-03
5.923457145875802965e+00 4.391623795478702755e-03
6.155986501483507567e+00 4.376614887696837070e-03
6.397643955748426592e+00 4.151223612285316958e-03
6.648787838417263174e+00 4.135239004617654972e-03
6.909790545715641663e+00 4.117445389287589970e-03
7.181039092537348623e+00 4.096619240212952956e-03
7.462935686310133043e+00 4.072992768948886441e-03
7.755898323389001980e+00 4.046692808224815370e-03
8.060361408861341559e+00 4.017281404134927930e-03
8.376776400682915735e+00 3.984644379820361654e-03
8.705612479099860579e+00 4.151002714654797136e-03
9.047357242349292505e+00 4.111307924810652346e-03
9.402517429670131932e+00 4.268489356391167756e-03
9.771619672696177261e+00 4.432285484892580299e-03
1.015521127634568010e+01 4.826958705853778321e-03
1.055386103036522982e+01 4.992378264273625993e-03
1.096816005273137939e+01 5.421603027466947652e-03
1.139872266616051455e+01 5.879375000041904033e-03
1.184618730902683659e+01 6.365556700605244471e-03
1.231121748203889510e+01 7.231196699959931661e-03
1.279450273207873323e+01 8.193565008489439930e-03
1.329675967466211262e+01 9.274891177363620703e-03
1.381873305653632222e+01 1.100690690642399175e-02
1.436119685999078754e+01 1.368287690971241137e-02
1.492495545051828998e+01 1.784542011557036650e-02
1.551084476952840596e+01 2.436427425972077093e-02
1.611973357388157169e+01 3.485478330827144339e-02
1.675252472408215354e+01 6.038499572865552167e-02
1.741015652304015404e+01 1.266528653466627297e-01
1.809360410738716496e+01 3.536952545026341710e-01
1.880388089340914703e+01 9.748321693094785800e-01
1.954204007974053425e+01 2.187644600625941127e+00
2.030917620904734733e+01 4.011854985523267025e+00
2.110642679101554720e+01 6.039738269482960220e+00
2.193497398905057949e+01 8.260122324323793563e+00
2.279604637318979599e+01 1.028200907020909050e+01
2.369092074182632146e+01 1.222616910282057745e+01
2.462092401494625449e+01 1.390378591541838027e+01
2.558743520168586372e+01 1.512920141006795660e+01
2.659188744512693603e+01 1.654554734471155442e+01
2.763577014736157267e+01 1.818558894644365864e+01
2.872063117797828014e+01 1.909343323471844300e+01
2.984807916924324189e+01 2.015622813544622716e+01
3.101978590138096692e+01 2.136917193436926254e+01
3.223748878149029906e+01 2.164926328881036710e+01
3.350299341977229517e+01 2.312998318979699164e+01
3.481817630688966148e+01 2.361553952633039799e+01
3.618498759642746876e+01 2.418777044513428010e+01
3.760545399658171561e+01 2.487663840789100433e+01
3.908168177536263954e+01 2.567262748288788998e+01
4.061585988376979373e+01 2.656190766084441890e+01
4.221026320156898493e+01 2.624865364691136094e+01
4.386725591048498529e+01 2.734715165446245777e+01
4.558929499981059053e+01 2.717524243163469322e+01
4.737893390963144213e+01 2.844647931419685349e+01
4.923882631706736390e+01 2.842142236367315178e+01
5.117173007114605099e+01 2.846555814192940304e+01
5.318051128214197121e+01 2.857625764587733386e+01
5.526814857144603366e+01 2.875196253592167395e+01
5.743773748826581027e+01 2.899207788834820931e+01
5.969249509970733669e+01 2.929690124291221665e+01
6.203576476104268522e+01 2.966758124771427418e+01
6.447102107323868836e+01 3.009414160681033223e+01
6.700187503509583564e+01 3.056398989171430003e+01
6.963207939763883303e+01 2.961334406100702310e+01
7.236553422869657481e+01 3.019186430890066575e+01
7.520629269592407695e+01 3.081397856172115368e+01
7.815856707684091020e+01 3.000944197923579893e+01
8.122673500479712061e+01 3.071233814005696416e+01
8.441534596012985503e+01 2.999419814374261506e+01
8.772912801613355782e+01 3.077775431801035211e+01
9.117299484984921776e+01 3.013140022669021434e+01
9.475205302806537588e+01 3.099809099235425336e+01
9.847160957933773773e+01 3.041229857705067374e+01
1.023371798632519187e+02 3.136689953437826972e+01
1.063544957486011242e+02 3.083299456961980667e+01
1.105295141126021008e+02 3.034720870702772899e+01
1.148684256737553540e+02 3.139365991342069506e+01
1.193776641714435698e+02 3.094839454897755004e+01
1.240639159058831780e+02 3.054247296338341755e+01
1.289341296525714426e+02 3.017225307129679024e+01
1.339955269659338342e+02 3.131620286551083510e+01
1.392556128874462047e+02 3.097627506089097338e+01
1.447221870741134353e+02 3.066651727370492253e+01
1.504033553638023761e+02 3.038444016999731545e+01
1.563075417945815673e+02 3.012783185808609687e+01
1.624435010958865462e+02 3.138280274696577976e+01
1.688203316700362677e+02 3.114953216482209086e+01
1.754474890833459710e+02 3.093859686314770840e+01
1.823348000868440408e+02 3.074841326186371404e+01
1.894924771873821783e+02 3.057757054016392928e+01
1.969311337907421660e+02 3.042479493009528113e+01
2.046617999391989713e+02 3.028892922313399438e+01
2.126959386668689831e+02 3.016892801191104212e+01
2.210454629971021632e+02 3.006384532328858228e+01
2.297227536071151235e+02 2.997282365772568369e+01
2.387406771860646870e+02 3.138372618999143526e+01
2.481126055137767707e+02 3.131184424433164537e+01
2.578524352884273867e+02 3.125314111732827982e+01
2.679746087325689246e+02 3.120696588500366175e+01
2.784941350080644042e+02 3.117272570304447754e+01
2.894266124716749005e+02 3.114988026277158184e+01
3.007882518043098798e+02 3.113793674483936513e+01
3.125959000482278043e+02 3.113644547486832437e+01
3.248670655878374873e+02 3.114499597456248736e+01
3.376199441111336910e+02 3.116321347933297758e+01
3.508734455902711034e+02 3.119075586179479131e+01
3.646472223212745121e+02 3.122731083375290595e+01
3.789616980644715909e+02 2.978101870376163518e+01
3.938380983288489006e+02 2.983364834846613078e+01
4.092984818452438276e+02 2.989434823049525036e+01
4.253657732750387481e+02 2.996191658906130328e+01
4.420637972028529816e+02 3.003234231076391936e+01
4.594173134636476448e+02 3.010967944333916080e+01
4.774520538566126220e+02 3.019377998206552505e+01
4.961947603002902838e+02 3.028451007385277194e+01
5.156732244854963483e+02 3.038174904470637827e+01
5.359163290848514407e+02 3.048538861499758568e+01
5.569540905800130304e+02 3.059533198488567862e+01
5.788177037701274230e+02 3.071149326292314186e+01
6.015395880274832052e+02 3.083379670083039770e+01
6.251534353689711452e+02 3.096217620970400120e+01
6.496942604146117901e+02 2.960796781714147485e+01
6.751984523072501361e+02 2.974547613297973214e+01
7.017038286703822223e+02 2.988881314255880994e+01
7.292496916841444090e+02 3.003124638209238384e+01
7.578768863625922450e+02 3.017432698323472806e+01
7.876278611187054821e+02 3.032266952763221468e+01
8.185467307069020535e+02 3.047625985168657792e+01
8.506793416364153018e+02 3.063508954860918365e+01
8.840733401525062618e+02 3.079915584014868912e+01
9.187782428863330324e+02 2.948219355018704846e+01
9.548455102782293125e+02 2.965318281142321410e+01
9.923286228832545248e+02 2.982935253023808997e+01
1.031283160672184749e+03 3.000609413601952369e+01
1.071766885445503476e+03 3.017844365104568283e+01
1.113839826482618264e+03 3.035556042087643291e+01
1.157564369553303550e+03 3.053746903383778388e+01
1.203005349423324333e+03 3.072419809144166081e+01
1.250230145991456084e+03 2.943041333066710763e+01
1.299308784200414493e+03 2.962287155369362779e+01
1.350314037869872209e+03 2.982019303551696154e+01
1.403321537605484764e+03 3.001690470498905583e+01
1.458409882943986304e+03 3.020826627833384492e+01
1.515660758900601195e+03 3.040415045757688262e+01
1.575159057091621207e+03 3.060460254552000592e+01
1.636993001611701857e+03 3.080967095898910202e+01
1.701254279852589207e+03 2.953179731854485368e+01
1.768038178457205049e+03 2.974189959094337965e+01
1.837443724610724757e+03 2.995620491762051074e+01
1.909573832878096709e+03 3.015907549665170606e+01
1.984535457805803162e+03 3.036631053521019652e+01
2.062439752514092561e+03 3.057796669839230930e+01
2.143402233514854743e+03 3.079410347853050212e+01
2.227542951999556408e+03 2.952717830939160493e+01
2.314986671851160736e+03 2.974789076668475118e+01
2.405863054644066779e+03 2.997145367654411530e+01
2.500306851906321299e+03 3.018394148892686601e+01
2.598458104929247384e+03 3.040070873677701258e+01
2.700462352420682237e+03 3.062182030595318594e+01
2.806470846309838635e+03 2.936310039884353884e+01
2.916640776023700710e+03 2.958840326132448695e+01
3.031135501567576284e+03 2.981821466618966809e+01
3.150124795755327796e+03 3.004479462815312729e+01
3.273785095948577236e+03 3.026557178276683402e+01
3.402299765678064432e+03 3.049059320084947800e+01
3.535859366535175923e+03 3.071993021730614970e+01
3.674661940736687939e+03 2.946718302074948070e+01
3.818913304781854094e+03 2.970052832042469149e+01
3.968827354637157896e+03 2.993837564292623199e+01
4.124626382901347824e+03 3.016320396148593730e+01
4.286541408420925109e+03 3.039133016004115007e+01
4.454812518844988517e+03 3.062370069534193462e+01
4.629689226627267999e+03 2.937579026400787185e+01
4.811430839003254732e+03 2.961195693627369252e+01
5.000306842491089810e+03 2.985256446626322102e+01
5.196597302486196895e+03 3.008644393027284991e+01
5.400593278542373810e+03 3.031706050857159696e+01
5.612597255954965476e+03 3.055186855277893443e+01
5.832923594286199659e+03 2.930774202240418091e+01
6.061898993497572519e+03 2.954618477272413202e+01
6.299862978380693676e+03 2.978902315420883795e+01
6.547168402004729614e+03 3.002976696165656634e+01
6.804181968927094204e+03 3.026240131774744668e+01
7.071284778942996127e+03 3.049918799369933708e+01
7.348872892180387680e+03 3.074020705327728820e+01
7.637357916378011396e+03 2.949832279871278828e+01
7.937167617217543011e+03 2.974298359730211061e+01
8.248746552614580651e+03 2.998888532594252965e+01
8.572556731909324299e+03 3.022317167340995425e+01
8.909078300934124854e+03 3.046158154434911935e+01
9.258810253973944782e+03 3.070419617020605685e+01
9.622271173675135287e+03 2.946456632869168502e+01
1.000000000000000000e+04 2.971073259316722215e+01
