1.000000000000000056e-01 8.078859184063332810e-01
1.039255682936712638e-01 7.827330556098383019e-01
1.080052374516252828e-01 7.048104364069350813e-01
1.122450568085306410e-01 6.342875851997524794e-01
1.166513131698196093e-01 6.140918822129753929e-01
1.212305401337652189e-01 5.515689142119404309e-01
1.259895277795027302e-01 5.328383481072327399e-01
1.309353327353610374e-01 5.136853375041138259e-01
1.360752886424333452e-01 4.594033990044504856e-01
1.414170170289023587e-01 4.420605819706073247e-01
1.469684386112446450e-01 3.937020576001913352e-01
1.527377850390713721e-01 3.765700632205769560e-01
1.587336111010209105e-01 3.597802343213794551e-01
1.649648074098020167e-01 3.420449864244530236e-01
1.714406135851970769e-01 3.249136356260307612e-01
1.781706319545730832e-01 3.068504307587718305e-01
1.851648417912155065e-01 2.890412084221882782e-01
1.924336141115980114e-01 2.710433228799291605e-01
1.999877270535286022e-01 2.529483234226976851e-01
2.078383818579757347e-01 2.351256602146717389e-01
2.159972194782718291e-01 2.339942892048765266e-01
2.244763378413223709e-01 2.154440445333687670e-01
2.332883097864157096e-01 2.123203253521340761e-01
2.424462017082328336e-01 1.935562926185024901e-01
2.519635929317015077e-01 1.889678572775205512e-01
2.618545958474232660e-01 1.839180392007049025e-01
2.721338768375307082e-01 1.785374805123260133e-01
2.828166780230032540e-01 1.725213610199305414e-01
2.939188398646885858e-01 1.663758045946452380e-01
3.054568246515431684e-01 1.603889819381099091e-01
3.174477409109192627e-01 1.540692335042884720e-01
3.299093687770939809e-01 1.480028058644911604e-01
3.428601863556585694e-01 1.420775773177722912e-01
3.563193971228584833e-01 1.362551006876005777e-01
3.703069584005140302e-01 1.308146797927105809e-01
3.848436109487430312e-01 1.163709221594028537e-01
3.999509097203664543e-01 1.113794718481717211e-01
4.156512558225988752e-01 1.066786413647500126e-01
4.319679297334173551e-01 1.095588155508875755e-01
4.489251258218605600e-01 1.043266105465341653e-01
4.665479882234472853e-01 9.898799817679909685e-02
4.848626481239080577e-01 9.351084135846646217e-02
5.038962625065149803e-01 9.458417566743823612e-02
5.236770544204653044e-01 8.824793340109067519e-02
5.442343548300266898e-01 8.799795604658257331e-02
5.655986461065004578e-01 9.365324626574801636e-02
5.878016072274911963e-01 9.180321073116815001e-02
6.108761607505036606e-01 9.615346713176449456e-02
6.348565216305216419e-01 9.965196170114823393e-02
6.597782479539537892e-01 1.103081898968894942e-01
6.856782936641739878e-01 1.123802836921288240e-01
7.125950633568408632e-01 1.221560968040363016e-01
7.405684692262436419e-01 1.416449071502711987e-01
7.696399902471157128e-01 1.509625309155387118e-01
7.998527336796710241e-01 1.715575305143756391e-01
8.312514989890629202e-01 1.931140314459574847e-01
8.638828442740447144e-01 2.153679456691392768e-01
8.977951553033320931e-01 2.560727845740015662e-01
9.330387172620362435e-01 3.024098371819057829e-01
9.696657893145520513e-01 3.820172186346319498e-01
1.007730682094461150e+00 4.467814975837168245e-01
1.047289838236358461e+00 5.605503740531267987e-01
1.088401916069005937e+00 6.534997556897037541e-01
1.131127876593921444e+00 8.213190143052949699e-01
1.175531073878369304e+00 9.615872179919507934e-01
1.221677348996791812e+00 1.132305124383803818e+00
1.269635127659973550e+00 1.342304186572502722e+00
1.319475521676706009e+00 1.487820259298122005e+00
1.371272434398400186e+00 1.789141001371212791e+00
1.425102670302997865e+00 1.872283823740636066e+00
1.481046048880674704e+00 2.126617225826632041e+00
1.539185522990205390e+00 2.264459273461260302e+00
1.599607301861486919e+00 2.256796561008334034e+00
1.662400978926611872e+00 2.439940939578014945e+00
1.727659664669035644e+00 2.469487865539881088e+00
1.795480124687831358e+00 2.333873431831965384e+00
1.865962923181746058e+00 2.393574384350603879e+00
1.939212572065829976e+00 2.293881451177925079e+00
2.015337685941732904e+00 2.210270630365246181e+00
2.094451143151469630e+00 2.138242304053649345e+00
2.176670253153459189e+00 1.931342401368855599e+00
2.262116930469025178e+00 1.886836303187226616e+00
2.350917875457286588e+00 1.717670012567414028e+00
2.443204762186487855e+00 1.689766625970111624e+00
2.539114433680346838e+00 1.547757359296163537e+00
2.638789104828933141e+00 1.422010172434296615e+00
2.742376573264949435e+00 1.309983322534064465e+00
2.850030438518106557e+00 1.301430061960344498e+00
2.961910329772553307e+00 1.203765073497072402e+00
3.078182142565078383e+00 1.114866398602317288e+00
3.199018284775064114e+00 1.033378176840197504e+00
3.324597932270939804e+00 9.594118472617388926e-01
3.455107294592218103e+00 8.920737307767868662e-01
3.590739891061053068e+00 8.293509943471679691e-01
3.731696837732751959e+00 8.309661283238070073e-01
3.878187145610721753e+00 7.733847627814607328e-01
4.030428030568050879e+00 7.204056468156200266e-01
4.188645235435270564e+00 6.709993742891157131e-01
4.353073364731890216e+00 6.727485815794777002e-01
4.523956232538053790e+00 6.260759314254372709e-01
4.701547224022132099e+00 5.828491369004924483e-01
4.886109671160325796e+00 5.425570134553214796e-01
5.077917243205400943e+00 5.429349560473835101e-01
5.277254352483537581e+00 5.039663137287405670e-01
5.484416576121017961e+00 5.035031109514659375e-01
5.699711094326075589e+00 4.665824736401849027e-01
5.923457145875802965e+00 4.648090000908040031e-01
6.155986501483507567e+00 4.624019167760785587e-01
6.397643955748426592e+00 4.265722253078714776e-01
6.648787838417263174e+00 4.226274910932364404e-01
6.909790545715641663e+00 4.176650120592680371e-01
7.181039092537348623e+00 4.115817058385464189e-01
7.462935686310133043e+00 4.043813877401080670e-01
7.755898323389001980e+00 4.255526871443788828e-01
8.060361408861341559e+00 4.141013052933046334e-01
8.376776400682915735e+00 4.312928746352635567e-01
8.705612479099860579e+00 4.462510574623002046e-01
9.047357242349292505e+00 4.931195183252098935e-01
9.402517429670131932e+00 5.398914012421709430e-01
9.771619672696177261e+00 6.284534482764152497e-01
1.015521127634568010e+01 7.233061682117355451e-01
1.055386103036522982e+01 9.500499833713871300e-01
1.096816005273137939e+01 1.229470922214001005e+00
1.139872266616051455e+01 1.944278297247607368e+00
1.184618730902683659e+01 3.738936050342982043e+00
1.231121748203889510e+01 2.625258994036370837e+02
1.279450273207873323e+01 2.948413947623041622e+02
1.329675967466211262e+01 3.352263275901252086e+02
1.381873305653632222e+01 3.597436906972459383e+02
1.436119685999078754e+01 3.912632987670666012e+02
1.492495545051828998e+01 4.315981299722894846e+02
1.551084476952840596e+01 4.829365899019489348e+02
1.611973357388157169e+01 5.083713072125035524e+02
1.675252472408215354e+01 5.431940482691053376e+02
1.741015652304015404e+01 5.876828655376287998e+02
1.809360410738716496e+01 5.986603805246069214e+02
1.880388089340914703e+01 6.645612707521123639e+02
1.954204007974053425e+01 6.933114451071868416e+02
2.030917620904734733e+01 7.330691405840278776e+02
2.110642679101554720e+01 7.827150842347465414e+02
2.193497398905057949e+01 7.852050957331681502e+02
2.279604637318979599e+01 8.567280412377562016e+02
2.369092074182632146e+01 8.771241116080047959e+02
2.462092401494625449e+01 9.063217935327836585e+02
2.558743520168586372e+01 9.441566256171954592e+02
2.659188744512693603e+01 9.935309263786521115e+02
2.763577014736157267e+01 9.776871903645064776e+02
2.872063117797828014e+01 1.043992027589881673e+03
2.984807916924324189e+01 1.043462523281064705e+03
3.101978590138096692e+01 1.050360245854962159e+03
3.223748878149029906e+01 1.064513679879111578e+03
3.350299341977229517e+01 1.086049018285006241e+03
3.481817630688966148e+01 1.113939812823647571e+03
3.618498759642746876e+01 1.148784601882032121e+03
3.760545399658171561e+01 1.107232254952358744e+03
3.908168177536263954e+01 1.153716719089138678e+03
4.061585988376979373e+01 1.122912816122331378e+03
4.221026320156898493e+01 1.182276309416858567e+03
4.386725591048498529e+01 1.160731777890231569e+03
4.558929499981059053e+01 1.144741407410677311e+03
4.737893390963144213e+01 1.133658059275183405e+03
4.923882631706736390e+01 1.126997587204831461e+03
5.117173007114605099e+01 1.124404970481167311e+03
5.318051128214197121e+01 1.125632073060430002e+03
5.526814857144603366e+01 1.130518163700042805e+03
5.743773748826581027e+01 1.138979347052547155e+03
5.969249509970733669e+01 1.069003006279539022e+03
6.203576476104268522e+01 1.083667421131598303e+03
6.447102107323868836e+01 1.101435575744852258e+03
6.700187503509583564e+01 1.121578498814812065e+03
6.963207939763883303e+01 1.063406057022711366e+03
7.236553422869657481e+01 1.089331091860814468e+03
7.520629269592407695e+01 1.037052418675114723e+03
7.815856707684091020e+01 1.066616842437558262e+03
8.122673500479712061e+01 1.020446678812674918e+03
8.441534596012985503e+01 1.053447027431306651e+03
8.772912801613355782e+01 1.012032641624663825e+03
9.117299484984921776e+01 9.739177133116033929e+02
9.475205302806537588e+01 1.010787117177905316e+03
9.847160957933773773e+01 9.759469058523012563e+02
1.023371798632519187e+02 9.432378454060042259e+02
1.063544957486011242e+02 9.843559974364724212e+02
1.105295141126021008e+02 9.538952045852649917e+02
1.148684256737553540e+02 9.263493916599418299e+02
1.193776641714435698e+02 9.702550523322914842e+02
1.240639159058831780e+02 9.442220738455300761e+02
1.289341296525714426e+02 9.205111663248136438e+02
1.339955269659338342e+02 8.988576390082716898e+02
1.392556128874462047e+02 9.448788602041419153e+02
1.447221870741134353e+02 9.240897367686981170e+02
1.504033553638023761e+02 9.050021888273209925e+02
1.563075417945815673e+02 8.868206542605889808e+02
1.624435010958865462e+02 8.693553588328865089e+02
1.688203316700362677e+02 8.532554199407420583e+02
1.754474890833459710e+02 9.033412619640570256e+02
1.823348000868440408e+02 8.882384502933123258e+02
1.894924771873821783e+02 8.736578124541874786e+02
1.969311337907421660e+02 8.601536502056170548e+02
2.046617999391989713e+02 8.476305251850573086e+02
2.126959386668689831e+02 8.360037385666488490e+02
2.210454629971021632e+02 8.251977577943132474e+02
2.297227536071151235e+02 8.151451603666572510e+02
2.387406771860646870e+02 8.055474800407291696e+02
2.481126055137767707e+02 8.569024183668288970e+02
2.578524352884273867e+02 8.476143720486886650e+02
2.679746087325689246e+02 8.389563873691472509e+02
2.784941350080644042e+02 8.308817028823132205e+02
2.894266124716749005e+02 8.233480001979447707e+02
3.007882518043098798e+02 8.163168737601083649e+02
3.125959000482278043e+02 8.097534223967451226e+02
3.248670655878374873e+02 8.032181383062039686e+02
3.376199441111336910e+02 7.970465233084106558e+02
3.508734455902711034e+02 7.912891794008544366e+02
3.646472223212745121e+02 7.859191864742624603e+02
3.789616980644715909e+02 7.809118818351926166e+02
3.938380983288489006e+02 7.762446393285202930e+02
4.092984818452438276e+02 7.718965983897742262e+02
4.253657732750387481e+02 7.678488158241623296e+02
4.420637972028529816e+02 7.640834489170995312e+02
4.594173134636476448e+02 7.605842794047373445e+02
4.774520538566126220e+02 7.573362377483541650e+02
4.961947603002902838e+02 7.543253827931027899e+02
5.156732244854963483e+02 7.515387869626492829e+02
5.359163290848514407e+02 7.489644542951664334e+02
5.569540905800130304e+02 7.465912341201745903e+02
5.788177037701274230e+02 7.444087433141530710e+02
6.015395880274832052e+02 7.424073380242375606e+02
6.251534353689711452e+02 7.405779837938354149e+02
6.496942604146117901e+02 7.389122709073391206e+02
6.751984523072501361e+02 7.374023343593437403e+02
7.017038286703822223e+02 7.360408213175628589e+02
7.292496916841444090e+02 7.348208238023343029e+02
7.578768863625922450e+02 7.337359452486984992e+02
7.876278611187054821e+02 7.327801115973334163e+02
8.185467307069020535e+02 7.319476001544331893e+02
8.506793416364153018e+02 7.312330773845350222e+02
8.840733401525062618e+02 7.306276298745215172e+02
9.187782428863330324e+02 7.300950566588065840e+02
9.548455102782293125e+02 7.296745491463329927e+02
9.923286228832545248e+02 7.293615512302171737e+02
1.031283160672184749e+03 7.291517540888054327e+02
1.071766885445503476e+03 7.290411360958936484e+02
1.113839826482618264e+03 7.290258333680950500e+02
1.157564369553303550e+03 7.291022528816207569e+02
1.203005349423324333e+03 7.292669960343123421e+02
1.250230145991456084e+03 7.295168026671937014e+02
1.299308784200414493e+03 7.298486420526352276e+02
1.350314037869872209e+03 7.302596062886080972e+02
1.403321537605484764e+03 7.307420698057676418e+02
1.458409882943986304e+03 7.312619762139871682e+02
1.515660758900601195e+03 7.318479495600054179e+02
1.575159057091621207e+03 7.324978282286043623e+02
1.636993001611701857e+03 7.332095480688074076e+02
1.701254279852589207e+03 7.339811284184858096e+02
1.768038178457205049e+03 7.348107777099895657e+02
1.837443724610724757e+03 7.356966581407530157e+02
1.909573832878096709e+03 7.366370949137642583e+02
1.984535457805803162e+03 7.376305313989466867e+02
2.062439752514092561e+03 7.386754041413682899e+02
2.143402233514854743e+03 7.397702708869082926e+02
2.227542951999556408e+03 7.409137552165368561e+02
2.314986671851160736e+03 7.421045286756392443e+02
2.405863054644066779e+03 7.433413782669683769e+02
2.500306851906321299e+03 7.446230731936208258e+02
2.598458104929247384e+03 7.459484893444530371e+02
2.700462352420682237e+03 7.473165458969166366e+02
2.806470846309838635e+03 7.487262071952286533e+02
2.916640776023700710e+03 7.501764976378043457e+02
3.031135501567576284e+03 7.516664654483635104e+02
3.150124795755327796e+03 7.531952136140723724e+02
3.273785095948577236e+03 7.547619312108421354e+02
3.402299765678064432e+03 7.563657644215476239e+02
3.535859366535175923e+03 7.580059479715060888e+02
3.674661940736687939e+03 7.596817442392706425e+02
3.818913304781854094e+03 7.071440907325858234e+02
3.968827354637157896e+03 7.087812747884771625e+02
4.124626382901347824e+03 7.104501243255502914e+02
4.286541408420925109e+03 7.121500512515665378e+02
4.454812518844988517e+03 7.138805301155339293e+02
4.629689226627267999e+03 7.156410136733569516e+02
4.811430839003254732e+03 7.174310334615006468e+02
5.000306842491089810e+03 7.192500992461160649e+02
5.196597302486196895e+03 7.210977650464883482e+02
5.400593278542373810e+03 7.229736393362110221e+02
5.612597255954965476e+03 7.248772828697730120e+02
5.832923594286199659e+03 7.268083204025901978e+02
6.061898993497572519e+03 7.287663903250053181e+02
6.299862978380693676e+03 7.307459591275145385e+02
6.547168402004729614e+03 7.326095348344631475e+02
6.804181968927094204e+03 7.344968965404930259e+02
7.071284778942996127e+03 7.364077159082017943e+02
7.348872892180387680e+03 7.383417372261861829e+02
7.637357916378011396e+03 7.402987046153028814e+02
7.937167617217543011e+03 7.422783658465828012e+02
8.248746552614580651e+03 7.442804745064207737e+02
8.572556731909324299e+03 7.463048728294904777e+02
8.909078300934124854e+03 7.483513165676022254e+02
9.258810253973944782e+03 7.504195991571095874e+02
9.622271173675135287e+03 7.525095538058341162e+02
1.000000000000000000e+04 7.546210056869202845e+02
