1.000000000000000021e-03 nan
1.055386103036524146e-03 nan
1.113839826482619470e-03 nan
1.175531073878369843e-03 nan
1.240639159058831839e-03 nan
1.309353327353610878e-03 nan
1.381873305653632221e-03 nan
1.458409882943986291e-03 nan
1.539185522990205385e-03 nan
1.624435010958867089e-03 nan
1.714406135851970214e-03 nan
1.809360410738716568e-03 nan
1.909573832878096698e-03 nan
2.015337685941732959e-03 nan
2.126959386668691738e-03 nan
2.244763378413223813e-03 nan
2.369092074182631985e-03 nan
2.500306851906324013e-03 nan
2.638789104828934487e-03 9.765248617871173337e+03
2.784941350080644140e-03 nan
2.939188398646887333e-03 nan
3.101978590138096837e-03 nan
3.273785095948577185e-03 nan
3.455107294592218038e-03 nan
3.646472223212748626e-03 nan
3.848436109487428890e-03 nan
4.061585988376979588e-03 2.663965237432864888e+04
4.286541408420925167e-03 2.366837765851645236e+04
4.523956232538053901e-03 2.102086417437972341e+04
4.774520538566130907e-03 1.868755113894971873e+04
5.038962625065149942e-03 1.775061075596878436e+04
5.318051128214196926e-03 1.578195497193321899e+04
5.612597255954972046e-03 1.314330294689160473e+04
5.923457145875806254e-03 1.250101923144388275e+04
6.251534353689711630e-03 1.111546152773546055e+04
6.597782479539533035e-03 9.890761102609618320e+03
6.963207939763882935e-03 8.807061759987822370e+03
7.348872892180387945e-03 7.840719138927901440e+03
7.755898323389001994e-03 7.450507896074546807e+03
8.185467307069028281e-03 6.209329169947471200e+03
8.638828442740444438e-03 5.530879111786767680e+03
9.117299484984920863e-03 5.256233387439887338e+03
9.622271173675134986e-03 4.680168692417646525e+03
1.015521127634568151e-02 3.900847431530426547e+03
1.071766885445502894e-02 3.710415444831388413e+03
1.131127876593921409e-02 3.302184974553696975e+03
1.193776641714436315e-02 2.940534383178460757e+03
1.259895277795027198e-02 2.619915380074114182e+03
1.329675967466211958e-02 2.330659016750876617e+03
1.403321537605484691e-02 2.074255084050113965e+03
1.481046048880674780e-02 1.847075927213549448e+03
1.563075417945815684e-02 1.645258268912255971e+03
1.649648074098019820e-02 1.463419387600715481e+03
1.741015652304015240e-02 1.391819813002844057e+03
1.837443724610725651e-02 1.159785938626144571e+03
1.939212572065828963e-02 1.102283902501989132e+03
2.046617999391989878e-02 9.185870586025703233e+02
2.159972194782718360e-02 8.175923784765736855e+02
2.279604637318979887e-02 7.281305467145532475e+02
2.405863054644065760e-02 6.481545025682543155e+02
2.539114433680347144e-02 5.766588708331653379e+02
2.679746087325690987e-02 5.133819158978797077e+02
2.828166780230032332e-02 4.573463665518721655e+02
2.984807916924325788e-02 6.022235752315247659e+00
3.150124795755327584e-02 4.104170396957976585e+00
3.324597932270940276e-02 2.980590338883346124e+00
3.508734455902711574e-02 2.470118954365997599e+00
3.703069584005139192e-02 2.045556784463087752e+00
3.908168177536264221e-02 1.692696143297973022e+00
4.124626382901350197e-02 1.399639569094796698e+00
4.353073364731887412e-02 1.236110085123940605e+00
4.594173134636474198e-02 1.020004970728179750e+00
4.848626481239078079e-02 8.979182826472575929e-01
5.117173007114604599e-02 7.906322884231753445e-01
5.400593278542371173e-02 6.948609075855562978e-01
5.699711094326075089e-02 6.101561459459778902e-01
6.015395880274835433e-02 5.355221515459698267e-01
6.348565216305217251e-02 4.688510002119656850e-01
6.700187503509587306e-02 4.105918252978427163e-01
7.071284778942996119e-02 3.584186381366062379e-01
7.462935686310133432e-02 3.341018193787791968e-01
7.876278611187055578e-02 2.909192184265229630e-01
8.312514989890627815e-02 2.529584660509537897e-01
8.772912801613355627e-02 2.345756346065444864e-01
9.258810253973949467e-02 2.029486285417018421e-01
9.771619672696171821e-02 1.872681508993801203e-01
1.031283160672184784e-01 1.614933735861081854e-01
1.088401916069005465e-01 1.482846383211130770e-01
1.148684256737553672e-01 1.357077453939756762e-01
1.212305401337651634e-01 1.237917706970566023e-01
1.279450273207873301e-01 1.125203352771250859e-01
1.350314037869872197e-01 1.018179691757607752e-01
1.425102670302997865e-01 9.170611344821308353e-02
1.504033553638023657e-01 8.218113586287435768e-02
1.587336111010208550e-01 7.828498456230931213e-02
1.675252472408213789e-01 6.926510412454767174e-02
1.768038178457206899e-01 6.504154434831334319e-02
1.865962923181745947e-01 6.048640971565252128e-02
1.969311337907421744e-01 5.574509438324271038e-02
2.078383818579757347e-01 5.086013757305882232e-02
2.193497398905057960e-01 4.908456870599690880e-02
2.314986671851160804e-01 4.677538259592670111e-02
2.443204762186486634e-01 4.419397296187831808e-02
2.578524352884273840e-01 4.135592586300036039e-02
2.721338768375305972e-01 3.839504928709638887e-02
2.872063117797828413e-01 3.788115212630443346e-02
3.031135501567576163e-01 3.482718095479588744e-02
3.199018284775063670e-01 3.193963143602592675e-02
3.376199441111336630e-01 3.126066761183875914e-02
3.563193971228584278e-01 2.860619257315703476e-02
3.760545399658167809e-01 2.795222540134269240e-02
3.968827354637161631e-01 2.553814239766876923e-02
4.188645235435271008e-01 2.483624881982173654e-02
4.420637972028529927e-01 2.250178500705011381e-02
4.665479882234472853e-01 2.159734645775622866e-02
4.923882631706736346e-01 2.044353047994509898e-02
5.196597302486196668e-01 2.035753602764169001e-02
5.484416576121015074e-01 2.128453919232885586e-02
5.788177037701274230e-01 2.181699915063477213e-02
6.108761607505033275e-01 2.348033780325872386e-02
6.447102107323869902e-01 2.648415254164583621e-02
6.804181968927094371e-01 2.937004110463018250e-02
7.181039092537349067e-01 3.197172997189721977e-02
7.578768863625922059e-01 3.891241674589202698e-02
7.998527336796708020e-01 4.341431943124708648e-02
8.441534596012976177e-01 5.416077558630055105e-02
8.909078300934133443e-01 7.082183282114945522e-02
9.402517429670123050e-01 9.121031791533300292e-02
9.923286228832545186e-01 1.245275431552594625e-01
1.047289838236358461e+00 1.586927818940366552e-01
1.105295141126021008e+00 2.171805832645055112e-01
1.166513131698196259e+00 2.811028840087100300e-01
1.231121748203889643e+00 3.455202558196919793e-01
1.299308784200415845e+00 4.320894664266327068e-01
1.371272434398399520e+00 4.827122460537397464e-01
1.447221870741134397e+00 5.140185778662368365e-01
1.527377850390712499e+00 5.573975289036565695e-01
1.611973357388157169e+00 5.752543623524580818e-01
1.701254279852587370e+00 5.281262221335872864e-01
1.795480124687830470e+00 5.247451277454602270e-01
1.894924771873819802e+00 4.942011200265077897e-01
1.999877270535284968e+00 4.395620309899231359e-01
2.110642679101552677e+00 3.944685173694433278e-01
2.227542951999556209e+00 3.566550387277936385e-01
2.350917875457284367e+00 3.244355305576251958e-01
2.481126055137767850e+00 2.965936979240221261e-01
2.618545958474232549e+00 2.722271480138145905e-01
2.763577014736157356e+00 2.347947547264668255e-01
2.916640776023703641e+00 2.165763334930730644e-01
3.078182142565077051e+00 2.000261888249154907e-01
3.248670655878374891e+00 1.848863345487308796e-01
3.428601863556583140e+00 1.600408717887797649e-01
3.618498759642746698e+00 1.478726855848106203e-01
3.818913304781850204e+00 1.363470788189507510e-01
4.030428030568050879e+00 1.254067406564939868e-01
4.253657732750382614e+00 1.228957978514039345e-01
4.489251258218603269e+00 1.122347652091670728e-01
4.737893390963138884e+00 1.019426205245776984e-01
5.000306842491089476e+00 9.818677890380260453e-02
5.277254352483532251e+00 9.389675536696617808e-02
5.569540905800129948e+00 9.473031465539671903e-02
5.878016072274911963e+00 9.415219695851717585e-02
6.203576476104267989e+00 9.768031031633249428e-02
6.547168402004736265e+00 1.121442597886884440e-01
6.909790545715638110e+00 1.402024129974974720e-01
7.292496916841444410e+00 2.289166814321876853e-01
7.696399902471150689e+00 5.389715601353584074e-01
8.122673500479711706e+00 6.124642606217233265e+01
8.572556731909315886e+00 7.582928107669216899e+01
9.047357242349292505e+00 9.186895809104140653e+01
9.548455102782282822e+00 1.168205504187722426e+02
1.007730682094459773e+01 1.462315642674999197e+02
1.063544957486011278e+01 1.802675131718195587e+02
1.122450568085305811e+01 2.182847204280888320e+02
1.184618730902682415e+01 2.594139875041076948e+02
1.250230145991453412e+01 3.222127302126185100e+02
1.319475521676706009e+01 3.910166003660856404e+02
1.392556128874461940e+01 4.624468401525537615e+02
1.469684386112444408e+01 5.313037145414574525e+02
1.551084476952840596e+01 5.919485475834760564e+02
1.636993001611702070e+01 5.966940517974392151e+02
1.727659664669034711e+01 6.188172024304778915e+02
1.823348000868438490e+01 5.778924129043358562e+02
1.924336141115979970e+01 5.529632600754493978e+02
2.030917620904734733e+01 5.405469684568075763e+02
2.143402233514854416e+01 5.041527285736536328e+02
2.262116930469021625e+01 4.479411615559405391e+02
2.387406771860646870e+01 4.317623278564673797e+02
2.519635929317013634e+01 3.952988732017998359e+02
2.659188744512691116e+01 3.666740249169480421e+02
2.806470846309833078e+01 3.443276224229942954e+02
2.961910329772553396e+01 3.055394431324961033e+02
3.125959000482277972e+01 2.926739239880049581e+02
3.299093687770935901e+01 2.829746266438157818e+02
3.481817630688966148e+01 2.581498038240655433e+02
3.674661940736687882e+01 2.534414755678938320e+02
3.878187145610719710e+01 2.347064322903398192e+02
4.092984818452433871e+01 2.187723702543533477e+02
4.319679297334173640e+01 2.191498613904183514e+02
4.558929499981059053e+01 2.065877537228127494e+02
4.811430839003254789e+01 1.959955905532218310e+02
5.077917243205393305e+01 1.867159704417775288e+02
5.359163290848514549e+01 1.910292808490235643e+02
5.655986461065002402e+01 1.837946619657315921e+02
5.969249509970727274e+01 1.775703099277591548e+02
6.299862978380680545e+01 1.721800673254163314e+02
6.648787838417263174e+01 1.676939934536726184e+02
7.017038286703822791e+01 1.639480323514726479e+02
7.405684692262427404e+01 1.606981248018743997e+02
7.815856707684091020e+01 1.580773153025595832e+02
8.248746552614581162e+01 1.560128309162896585e+02
8.705612479099856671e+01 1.544467870026032017e+02
9.187782428863320661e+01 1.533331742265420985e+02
9.696657893145520291e+01 1.526354936696984623e+02
1.023371798632519187e+02 1.425273424961776527e+02
1.080052374516251774e+02 1.425637920019555054e+02
1.139872266616050211e+02 1.429300161285847537e+02
1.203005349423324191e+02 1.436146478318835591e+02
1.269635127659972795e+02 1.446103347133348223e+02
1.339955269659337205e+02 1.366576609493907597e+02
1.414170170289021087e+02 1.380772429198026714e+02
1.492495545051829140e+02 1.397645943986045154e+02
1.575159057091621264e+02 1.417297434988761893e+02
1.662400978926610264e+02 1.348017201929953899e+02
1.754474890833459710e+02 1.371674201701106313e+02
1.851648417912153946e+02 1.396797926137132606e+02
1.954204007974051365e+02 1.333654004904401802e+02
2.062439752514088411e+02 1.362743886815659380e+02
2.176670253153459100e+02 1.393050178378127555e+02
2.297227536071151235e+02 1.334700177089600857e+02
2.424462017082325929e+02 1.368535375447616786e+02
2.558743520168583814e+02 1.313198557083233027e+02
2.700462352420682350e+02 1.348761034610515139e+02
2.850030438518105029e+02 1.386187810204104096e+02
3.007882518043095956e+02 1.334191600495297791e+02
3.174477409109186965e+02 1.373986790609686750e+02
3.350299341977229801e+02 1.324082345329682653e+02
3.535859366535175923e+02 1.365785173883384971e+02
3.731696837732748122e+02 1.317791627509826924e+02
3.938380983288481048e+02 1.360921648634189580e+02
4.156512558225987846e+02 1.314811861642354245e+02
4.386725591048494266e+02 1.359353423429105590e+02
4.629689226627258449e+02 1.314738471045116341e+02
4.886109671160326116e+02 1.360695310209625575e+02
5.156732244854963483e+02 1.317247073157292903e+02
5.442343548300260636e+02 1.364638189629546332e+02
5.743773748826574774e+02 1.322076442613270615e+02
6.061898993497571837e+02 1.370714059409966694e+02
6.397643955748424105e+02 1.329015533585905757e+02
6.751984523072494540e+02 1.289859791605503005e+02
7.125950633568396597e+02 1.337893691138070835e+02
7.520629269592407127e+02 1.299061733027654668e+02
7.937167617217542102e+02 1.348573066335754049e+02
8.376776400682906569e+02 1.309899395538767521e+02
8.840733401525044428e+02 1.360942719706372657e+02
9.330387172620360161e+02 1.322278205452670363e+02
9.847160957933764394e+02 1.285904615335103927e+02
1.039255682936711082e+03 1.336122754132053672e+02
1.096816005273137989e+03 1.299581989192431877e+02
1.157564369553303550e+03 1.351373673721332409e+02
1.221677348996790670e+03 1.314553375320879809e+02
1.289341296525713005e+03 1.367951256877122148e+02
1.360752886424333155e+03 1.330780293867535420e+02
1.436119685999077319e+03 1.295614142254365220e+02
1.515660758900601195e+03 1.348234639146250231e+02
1.599607301861484530e+03 1.312582672840889586e+02
1.688203316700362848e+03 1.366897149885256511e+02
1.781706319545728775e+03 1.330672902209591655e+02
1.880388089340912757e+03 1.296346309962796681e+02
1.984535457805799069e+03 1.349876534563669850e+02
2.094451143151468841e+03 1.314910544953366127e+02
2.210454629971019131e+03 1.370018965332363337e+02
2.332883097864153569e+03 1.334511117330846446e+02
2.462092401494625392e+03 1.300635834332088052e+02
2.598458104929247384e+03 1.355152745901808373e+02
2.742376573264946728e+03 1.320519146475311913e+02
2.894266124716745708e+03 1.287597979839353286e+02
3.054568246515431838e+03 1.341385376722349463e+02
3.223748878149026950e+03 1.307672741974510586e+02
3.402299765678064432e+03 1.363248190168674796e+02
3.590739891061047729e+03 1.328681725217233520e+02
3.789616980644716023e+03 1.295786712476980824e+02
3.999509097203661440e+03 1.350641844480726377e+02
4.221026320156894144e+03 1.316872591561647710e+02
4.454812518844979422e+03 1.284709682961010913e+02
4.701547224022129740e+03 1.338870752838071212e+02
4.961947603002898177e+03 1.305819324624560238e+02
5.236770544204644466e+03 1.361803532837204216e+02
5.526814857144591770e+03 1.327807677769722829e+02
5.832923594286199659e+03 1.295407786115280260e+02
6.155986501483501343e+03 1.350698603236265001e+02
6.496942604146111080e+03 1.317347620413590903e+02
6.856782936641738161e+03 1.285543721877211851e+02
7.236553422869649694e+03 1.340161829170293117e+02
7.637357916378011396e+03 1.307403672229928588e+02
8.060361408861328528e+03 1.363877813909211056e+02
8.506793416364153018e+03 1.330112958844125330e+02
8.977951553033313758e+03 1.297903721023535581e+02
9.475205302806527470e+03 1.353699668900271718e+02
1.000000000000000000e+04 1.320485335519103955e+02
