1.000000000000000056e-01 1.880861542576596768e-01
1.039255682936712638e-01 1.761659567326997744e-01
1.080052374516252828e-01 1.650893024579338508e-01
1.122450568085306410e-01 1.550678951324517274e-01
1.166513131698196093e-01 1.459893154180496311e-01
1.212305401337652189e-01 1.276962529543235469e-01
1.259895277795027302e-01 1.203935698043495511e-01
1.309353327353610374e-01 1.134668440838958042e-01
1.360752886424333452e-01 1.071169853957832513e-01
1.414170170289023587e-01 1.009039258155666613e-01
1.469684386112446450e-01 9.513394785049918145e-02
1.527377850390713721e-01 8.947620543169164387e-02
1.587336111010209105e-01 8.408405784289044171e-02
1.649648074098020167e-01 7.895788386940269521e-02
1.714406135851970769e-01 7.381679977228101930e-02
1.781706319545730832e-01 6.889436076303746825e-02
1.851648417912155065e-01 6.417501640200835855e-02
1.924336141115980114e-01 5.945796635620947262e-02
1.999877270535286022e-01 5.912781713167353237e-02
2.078383818579757347e-01 5.436428971198546678e-02
2.159972194782718291e-01 4.979856786221986686e-02
2.244763378413223709e-01 4.890816755951544331e-02
2.332883097864157096e-01 4.783932493799961799e-02
2.424462017082328336e-01 4.326485824407876740e-02
2.519635929317015077e-01 4.196627169367100896e-02
2.618545958474232660e-01 4.055582859888565844e-02
2.721338768375307082e-01 3.911577020929818405e-02
2.828166780230032540e-01 3.760294092668052535e-02
2.939188398646885858e-01 3.609453034688671347e-02
3.054568246515431684e-01 3.462002646175424414e-02
3.174477409109192627e-01 3.311516811954832301e-02
3.299093687770939809e-01 3.172012117829809547e-02
3.428601863556585694e-01 3.031585605321231863e-02
3.563193971228584833e-01 2.899722949523191387e-02
3.703069584005140302e-01 2.770699064546722559e-02
3.848436109487430312e-01 2.647517454447034096e-02
3.999509097203664543e-01 2.528507648111654252e-02
4.156512558225988752e-01 2.409487663806401253e-02
4.319679297334173551e-01 2.293847797404080860e-02
4.489251258218605600e-01 2.175502127817580122e-02
4.665479882234472853e-01 2.056513026112579898e-02
4.848626481239080577e-01 2.081703134861516771e-02
5.038962625065149803e-01 1.943670404348554065e-02
5.236770544204653044e-01 1.940403732838100540e-02
5.442343548300266898e-01 1.921336500914812978e-02
5.655986461065004578e-01 2.027477553596649870e-02
5.878016072274911963e-01 2.122611781332467071e-02
6.108761607505036606e-01 2.197685555937701693e-02
6.348565216305216419e-01 2.254568869230666461e-02
6.597782479539537892e-01 2.463704869042095125e-02
6.856782936641739878e-01 2.665266635213490304e-02
7.125950633568408632e-01 3.070719920258823885e-02
7.405684692262436419e-01 3.248542762041323195e-02
7.696399902471157128e-01 3.658984600394725450e-02
7.998527336796710241e-01 4.391957608534827195e-02
8.312514989890629202e-01 4.845630760413782018e-02
8.638828442740447144e-01 5.702161185762377738e-02
8.977951553033320931e-01 6.655019564200756466e-02
9.330387172620362435e-01 8.314535280985586863e-02
9.696657893145520513e-01 1.034828098674388519e-01
1.007730682094461150e+00 1.193928205622548783e-01
1.047289838236358461e+00 1.482416552246257069e-01
1.088401916069005937e+00 1.714219713953402113e-01
1.131127876593921444e+00 2.144261437239132484e-01
1.175531073878369304e+00 2.502190637578175503e-01
1.221677348996791812e+00 2.946061995090142882e-01
1.269635127659973550e+00 3.243380162978206638e-01
1.319475521676706009e+00 3.601626190022056972e-01
1.371272434398400186e+00 4.031797805865395823e-01
1.425102670302997865e+00 4.553873376074638046e-01
1.481046048880674704e+00 4.823401454480558681e-01
1.539185522990205390e+00 4.779926518736668517e-01
1.599607301861486919e+00 4.775713416968578873e-01
1.662400978926611872e+00 4.809764652161303555e-01
1.727659664669035644e+00 4.880020834621474068e-01
1.795480124687831358e+00 4.619652950315268347e-01
1.865962923181746058e+00 4.408437632652947857e-01
1.939212572065829976e+00 4.221839720767335269e-01
2.015337685941732904e+00 4.068907657649178944e-01
2.094451143151469630e+00 3.936877798393310091e-01
2.176670253153459189e+00 3.550706471789479290e-01
2.262116930469025178e+00 3.459545609468984706e-01
2.350917875457286588e+00 3.141543252988922008e-01
2.443204762186487855e+00 2.859915880765441787e-01
2.539114433680346838e+00 2.809179956262445321e-01
2.638789104828933141e+00 2.568828761662919624e-01
2.742376573264949435e+00 2.353149819197269121e-01
2.850030438518106557e+00 2.158272639600187226e-01
2.961910329772553307e+00 1.980596731602424776e-01
3.078182142565078383e+00 1.959438999168277296e-01
3.199018284775064114e+00 1.799505211160278839e-01
3.324597932270939804e+00 1.652731492345492215e-01
3.455107294592218103e+00 1.518442205494509867e-01
3.590739891061053068e+00 1.501776099278412102e-01
3.731696837732751959e+00 1.378388817666322541e-01
3.878187145610721753e+00 1.263950898473811257e-01
4.030428030568050879e+00 1.245975171182875374e-01
4.188645235435270564e+00 1.139610295896262282e-01
4.353073364731890216e+00 1.119539313792405899e-01
4.523956232538053790e+00 1.097435186984906386e-01
4.701547224022132099e+00 9.963958536928987919e-02
4.886109671160325796e+00 9.715401122252846633e-02
5.077917243205400943e+00 9.425319065935400253e-02
5.277254352483537581e+00 9.100564808295510955e-02
5.484416576121017961e+00 9.414765523698587213e-02
5.699711094326075589e+00 8.981032896892250650e-02
5.923457145875802965e+00 9.142920485498090555e-02
6.155986501483507567e+00 9.210863833037188919e-02
6.397643955748426592e+00 9.859121329466866146e-02
6.648787838417263174e+00 1.115005160017399494e-01
6.909790545715641663e+00 1.328671691772662089e-01
7.181039092537348623e+00 1.658943156365302318e-01
7.462935686310133043e+00 2.498392288327484223e-01
7.755898323389001980e+00 4.475854790763293400e-01
8.060361408861341559e+00 6.278687970381780303e+01
8.376776400682915735e+00 7.507632900897792183e+01
8.705612479099860579e+00 9.167328110893207338e+01
9.047357242349292505e+00 1.062598337668183319e+02
9.402517429670131932e+00 1.169903096289500581e+02
9.771619672696177261e+00 1.321104862073116522e+02
1.015521127634568010e+01 1.531702284677084265e+02
1.055386103036522982e+01 1.693337782897328054e+02
1.096816005273137939e+01 1.920266363054097951e+02
1.139872266616051455e+01 2.229694943579844733e+02
1.184618730902683659e+01 2.462438993720971609e+02
1.231121748203889510e+01 2.781813571304862762e+02
1.279450273207873323e+01 2.984265298027563063e+02
1.329675967466211262e+01 3.517952398341868729e+02
1.381873305653632222e+01 3.645862897065642869e+02
1.436119685999078754e+01 4.144004567713959091e+02
1.492495545051828998e+01 4.456958552748654938e+02
1.551084476952840596e+01 4.522160870846480520e+02
1.611973357388157169e+01 4.662473123044342742e+02
1.675252472408215354e+01 4.883894249651595487e+02
1.741015652304015404e+01 4.812334730214385559e+02
1.809360410738716496e+01 4.806756004462455394e+02
1.880388089340914703e+01 4.863185075595668536e+02
1.954204007974053425e+01 4.614747164302193028e+02
2.030917620904734733e+01 4.773628861516428401e+02
2.110642679101554720e+01 4.298247883321766381e+02
2.193497398905057949e+01 4.206929136145508892e+02
2.279604637318979599e+01 4.155117130104430316e+02
2.369092074182632146e+01 3.842012669958127731e+02
2.462092401494625449e+01 3.854771212746186961e+02
2.558743520168586372e+01 3.618589179617407581e+02
2.659188744512693603e+01 3.415584799856146674e+02
2.763577014736157267e+01 3.249451940692563312e+02
2.872063117797828014e+01 3.103798533864807609e+02
2.984807916924324189e+01 2.984578090745864642e+02
3.101978590138096692e+01 2.883977055375977443e+02
3.223748878149029906e+01 2.798949170809209477e+02
3.350299341977229517e+01 2.535452708983241337e+02
3.481817630688966148e+01 2.483675456511042512e+02
3.618498759642746876e+01 2.443458438109945519e+02
3.760545399658171561e+01 2.413458949693091142e+02
3.908168177536263954e+01 2.220200213265804905e+02
4.061585988376979373e+01 2.208021460097029092e+02
4.221026320156898493e+01 2.045609210163756870e+02
4.386725591048498529e+01 2.047174277703869620e+02
4.558929499981059053e+01 2.055143918500595532e+02
4.737893390963144213e+01 1.922433416767980248e+02
4.923882631706736390e+01 1.941223742982447220e+02
5.117173007114605099e+01 1.823696972232616531e+02
5.318051128214197121e+01 1.850267641633091102e+02
5.526814857144603366e+01 1.749060216785447039e+02
5.743773748826581027e+01 1.655450278443784100e+02
5.969249509970733669e+01 1.691065235765541104e+02
6.203576476104268522e+01 1.609360241762420003e+02
6.447102107323868836e+01 1.650135765476258030e+02
6.700187503509583564e+01 1.576520832884248193e+02
6.963207939763883303e+01 1.623362854006249165e+02
7.236553422869657481e+01 1.555697090336110762e+02
7.520629269592407695e+01 1.493540319161787124e+02
7.815856707684091020e+01 1.546421430879073569e+02
8.122673500479712061e+01 1.489664404105638482e+02
8.441534596012985503e+01 1.438652098584003340e+02
8.772912801613355782e+01 1.495220197392196155e+02
9.117299484984921776e+01 1.447999891794585778e+02
9.475205302806537588e+01 1.402725774851936364e+02
9.847160957933773773e+01 1.465590318895515338e+02
1.023371798632519187e+02 1.424410621044073935e+02
1.063544957486011242e+02 1.385249192136440399e+02
1.105295141126021008e+02 1.349608292940967544e+02
1.148684256737553540e+02 1.417310200832068290e+02
1.193776641714435698e+02 1.383307594250262298e+02
1.240639159058831780e+02 1.352204236612163299e+02
1.289341296525714426e+02 1.323697413367088416e+02
1.339955269659338342e+02 1.395184312732316698e+02
1.392556128874462047e+02 1.367655914273541384e+02
1.447221870741134353e+02 1.342328659676862799e+02
1.504033553638023761e+02 1.318991712632947895e+02
1.563075417945815673e+02 1.297201756943434816e+02
1.624435010958865462e+02 1.372594214341166321e+02
1.688203316700362677e+02 1.351560754973979215e+02
1.754474890833459710e+02 1.332103359034114476e+02
1.823348000868440408e+02 1.314085703894965320e+02
1.894924771873821783e+02 1.297124185306471986e+02
1.969311337907421660e+02 1.280473758365860419e+02
2.046617999391989713e+02 1.265032293834058947e+02
2.126959386668689831e+02 1.346033121632648317e+02
2.210454629971021632e+02 1.331850445343305580e+02
2.297227536071151235e+02 1.318671934493208084e+02
2.387406771860646870e+02 1.306421794046959519e+02
2.481126055137767707e+02 1.294593629606066543e+02
2.578524352884273867e+02 1.283209969772883881e+02
2.679746087325689246e+02 1.272629005177150816e+02
2.784941350080644042e+02 1.262793835110822158e+02
2.894266124716749005e+02 1.253652657619143582e+02
3.007882518043098798e+02 1.340271406253922066e+02
3.125959000482278043e+02 1.331854941950410023e+02
3.248670655878374873e+02 1.324039246255414639e+02
3.376199441111336910e+02 1.316785801577868824e+02
3.508734455902711034e+02 1.310059152864736802e+02
3.646472223212745121e+02 1.303826798714141546e+02
3.789616980644715909e+02 1.297848939014483278e+02
3.938380983288489006e+02 1.292118712395013631e+02
4.092984818452438276e+02 1.286831954504422697e+02
4.253657732750387481e+02 1.281962888696874359e+02
4.420637972028529816e+02 1.277487692938623240e+02
4.594173134636476448e+02 1.273384289095353523e+02
4.774520538566126220e+02 1.269632219518760792e+02
4.961947603002902838e+02 1.266212522122851709e+02
5.156732244854963483e+02 1.263107541488920447e+02
5.359163290848514407e+02 1.260300891523594657e+02
5.569540905800130304e+02 1.257777301866522350e+02
5.788177037701274230e+02 1.255522531586030652e+02
6.015395880274832052e+02 1.253523348325911968e+02
6.251534353689711452e+02 1.251767312239520180e+02
6.496942604146117901e+02 1.250242830523879434e+02
6.751984523072501361e+02 1.248939166530438456e+02
7.017038286703822223e+02 1.247846073780105911e+02
7.292496916841444090e+02 1.246954069327992727e+02
7.578768863625922450e+02 1.246254247210741255e+02
7.876278611187054821e+02 1.245738276501346462e+02
8.185467307069020535e+02 1.245398253577794065e+02
8.506793416364153018e+02 1.245226821577641374e+02
8.840733401525062618e+02 1.245217034126183080e+02
9.187782428863330324e+02 1.245362333432237705e+02
9.548455102782293125e+02 1.245656583616161299e+02
9.923286228832545248e+02 1.246093976140727193e+02
1.031283160672184749e+03 1.246669040835009525e+02
1.071766885445503476e+03 1.247376612028521947e+02
1.113839826482618264e+03 1.248211795918232667e+02
1.157564369553303550e+03 1.249170064457474041e+02
1.203005349423324333e+03 1.250246980320708872e+02
1.250230145991456084e+03 1.251438451517283710e+02
1.299308784200414493e+03 1.252740605560695428e+02
1.350314037869872209e+03 1.254149765646244958e+02
1.403321537605484764e+03 1.255662412937608963e+02
1.458409882943986304e+03 1.257275252275333628e+02
1.515660758900601195e+03 1.258985072359600821e+02
1.575159057091621207e+03 1.260789140058840303e+02
1.636993001611701857e+03 1.262684398261454248e+02
1.701254279852589207e+03 1.264668262386103379e+02
1.768038178457205049e+03 1.266738162796852976e+02
1.837443724610724757e+03 1.268891773033666226e+02
1.909573832878096709e+03 1.271126737091412906e+02
1.984535457805803162e+03 1.273440900670207725e+02
2.062439752514092561e+03 1.275832201464812812e+02
2.143402233514854743e+03 1.278298675888792673e+02
2.227542951999556408e+03 1.280838479417335805e+02
2.314986671851160736e+03 1.283449830176639637e+02
2.405863054644066779e+03 1.286131042416457149e+02
2.500306851906321299e+03 1.288880509762316819e+02
2.598458104929247384e+03 1.291696740024648022e+02
2.700462352420682237e+03 1.294578269893232516e+02
2.806470846309838635e+03 1.297523716248690846e+02
2.916640776023700710e+03 1.300531785850204756e+02
3.031135501567576284e+03 1.303409424644019055e+02
3.150124795755327796e+03 1.306320159789036381e+02
3.273785095948577236e+03 1.309285340777133513e+02
3.402299765678064432e+03 1.312303927994917672e+02
3.535859366535175923e+03 1.315375010662301065e+02
3.674661940736687939e+03 1.318497589683812805e+02
3.818913304781854094e+03 1.321670892636800829e+02
3.968827354637157896e+03 1.324894002940409905e+02
4.124626382901347824e+03 1.328166136154879382e+02
4.286541408420925109e+03 1.331486595651076357e+02
4.454812518844988517e+03 1.239959265905510364e+02
4.629689226627267999e+03 1.243155544884204460e+02
4.811430839003254732e+03 1.246395170234958414e+02
5.000306842491089810e+03 1.249677549468600404e+02
5.196597302486196895e+03 1.253002154568934401e+02
5.400593278542373810e+03 1.256368464247366461e+02
5.612597255954965476e+03 1.259776017632214717e+02
5.832923594286199659e+03 1.263224342242173321e+02
6.061898993497572519e+03 1.266713008035736436e+02
6.299862978380693676e+03 1.270241612299228962e+02
6.547168402004729614e+03 1.273809770072848693e+02
6.804181968927094204e+03 1.277417102136124782e+02
7.071284778942996127e+03 1.281063316545715907e+02
7.348872892180387680e+03 1.284748070148136208e+02
7.637357916378011396e+03 1.288471051525200153e+02
7.937167617217543011e+03 1.292231989835264301e+02
8.248746552614580651e+03 1.296030650141269405e+02
8.572556731909324299e+03 1.299866754419373365e+02
8.909078300934124854e+03 1.303538624016905771e+02
9.258810253973944782e+03 1.307175389738376055e+02
9.622271173675135287e+03 1.310845647438962658e+02
1.000000000000000000e+04 1.314549236922502473e+02
