1.000000000000000021e-03 nan
1.055386103036524146e-03 nan
1.113839826482619470e-03 nan
1.175531073878369843e-03 nan
1.240639159058831839e-03 nan
1.309353327353610878e-03 nan
1.381873305653632221e-03 nan
1.458409882943986291e-03 nan
1.539185522990205385e-03 nan
1.624435010958867089e-03 nan
1.714406135851970214e-03 nan
1.809360410738716568e-03 nan
1.909573832878096698e-03 nan
2.015337685941732959e-03 nan
2.126959386668691738e-03 nan
2.244763378413223813e-03 nan
2.369092074182631985e-03 nan
2.500306851906324013e-03 nan
2.638789104828934487e-03 nan
2.784941350080644140e-03 nan
2.939188398646887333e-03 nan
3.101978590138096837e-03 nan
3.273785095948577185e-03 nan
3.455107294592218038e-03 nan
3.646472223212748626e-03 nan
3.848436109487428890e-03 nan
4.061585988376979588e-03 nan
4.286541408420925167e-03 nan
4.523956232538053901e-03 nan
4.774520538566130907e-03 nan
5.038962625065149942e-03 nan
5.318051128214196926e-03 nan
5.612597255954972046e-03 nan
5.923457145875806254e-03 nan
6.251534353689711630e-03 nan
6.597782479539533035e-03 nan
6.963207939763882935e-03 nan
7.348872892180387945e-03 nan
7.755898323389001994e-03 nan
8.185467307069028281e-03 nan
8.638828442740444438e-03 nan
9.117299484984920863e-03 nan
9.622271173675134986e-03 nan
1.015521127634568151e-02 nan
1.071766885445502894e-02 nan
1.131127876593921409e-02 nan
1.193776641714436315e-02 nan
1.259895277795027198e-02 nan
1.329675967466211958e-02 nan
1.403321537605484691e-02 nan
1.481046048880674780e-02 nan
1.563075417945815684e-02 nan
1.649648074098019820e-02 nan
1.741015652304015240e-02 nan
1.837443724610725651e-02 nan
1.939212572065828963e-02 nan
2.046617999391989878e-02 nan
2.159972194782718360e-02 nan
2.279604637318979887e-02 nan
2.405863054644065760e-02 nan
2.539114433680347144e-02 nan
2.679746087325690987e-02 nan
2.828166780230032332e-02 nan
2.984807916924325788e-02 nan
3.150124795755327584e-02 nan
3.324597932270940276e-02 nan
3.508734455902711574e-02 nan
3.703069584005139192e-02 nan
3.908168177536264221e-02 nan
4.124626382901350197e-02 nan
4.353073364731887412e-02 nan
4.594173134636474198e-02 nan
4.848626481239078079e-02 nan
5.117173007114604599e-02 nan
5.400593278542371173e-02 nan
5.699711094326075089e-02 nan
6.015395880274835433e-02 nan
6.348565216305217251e-02 nan
6.700187503509587306e-02 nan
7.071284778942996119e-02 nan
7.462935686310133432e-02 nan
7.876278611187055578e-02 nan
8.312514989890627815e-02 nan
8.772912801613355627e-02 nan
9.258810253973949467e-02 nan
9.771619672696171821e-02 nan
1.031283160672184784e-01 nan
1.088401916069005465e-01 nan
1.148684256737553672e-01 3.471441376593532802e+00
1.212305401337651634e-01 2.503932037295323099e+00
1.279450273207873301e-01 2.112916936631133336e+00
1.350314037869872197e-01 1.768149420576648145e+00
1.425102670302997865e-01 1.593392134133823523e+00
1.504033553638023657e-01 1.310372735320035398e+00
1.587336111010208550e-01 1.259359622793984057e+00
1.675252472408213789e-01 1.102514926681267493e+00
1.768038178457206899e-01 1.036692161879654739e+00
1.865962923181745947e-01 9.621917215456455841e-01
1.969311337907421744e-01 9.570396916388191899e-01
2.078383818579757347e-01 9.392659448806340849e-01
2.193497398905057960e-01 9.083653653748773316e-01
2.314986671851160804e-01 9.427321440771881944e-01
2.443204762186486634e-01 9.669053784269070473e-01
2.578524352884273840e-01 9.059101941871268160e-01
2.721338768375305972e-01 9.171875574911774187e-01
2.872063117797828413e-01 8.534606229916457121e-01
3.031135501567576163e-01 7.302835356915763354e-01
3.199018284775063670e-01 5.754788926476526179e-01
3.376199441111336630e-01 4.531094693641613547e-01
3.563193971228584278e-01 3.556942834007189025e-01
3.760545399658167809e-01 3.025915302323661238e-01
3.968827354637161631e-01 2.564692580209385619e-01
4.188645235435271008e-01 2.159226360102003972e-01
4.420637972028529927e-01 1.799876902815301383e-01
4.665479882234472853e-01 1.604922755986649963e-01
4.923882631706736346e-01 1.521762449226160552e-01
5.196597302486196668e-01 1.406250185796098784e-01
5.484416576121015074e-01 1.370944845485054242e-01
5.788177037701274230e-01 1.407444188590766532e-01
6.108761607505033275e-01 1.526085779413250409e-01
6.447102107323869902e-01 1.611974953609588979e-01
6.804181968927094371e-01 1.658058712012067670e-01
7.181039092537349067e-01 1.801233637985114044e-01
7.578768863625922059e-01 2.055776708234578753e-01
7.998527336796708020e-01 2.457532521242686840e-01
8.441534596012976177e-01 3.334851305047506487e-01
8.909078300934133443e-01 4.729816460646458776e-01
9.402517429670123050e-01 7.640293051618034514e-01
9.923286228832545186e-01 1.374351064462183274e+02
1.047289838236358461e+00 1.441715207422072922e+02
1.105295141126021008e+00 1.511004905681378716e+02
1.166513131698196259e+00 1.557593271914800823e+02
1.231121748203889643e+00 1.698978658098406243e+02
1.299308784200415845e+00 1.791015400547003367e+02
1.371272434398399520e+00 1.966959348016777369e+02
1.447221870741134397e+00 2.059681032788074333e+02
1.527377850390712499e+00 2.226486516215160236e+02
1.611973357388157169e+00 2.472893084358562703e+02
1.701254279852587370e+00 2.591230319242164910e+02
1.795480124687830470e+00 3.009399153415060368e+02
1.894924771873819802e+00 3.280386609644637588e+02
1.999877270535284968e+00 3.948819288314614937e+02
2.110642679101552677e+00 4.825044548220151910e+02
2.227542951999556209e+00 5.975693742171080203e+02
2.350917875457284367e+00 8.118490353563915960e+02
2.481126055137767850e+00 1.208464293072614737e+03
2.618545958474232549e+00 2.509458971253664004e+03
2.763577014736157356e+00 4.080078534392880556e+03
2.916640776023703641e+00 5.686622454820124403e+03
3.078182142565077051e+00 7.420151427865146616e+03
3.248670655878374891e+00 9.083349298584360440e+03
3.428601863556583140e+00 1.456749713725219664e+00
3.618498759642746698e+00 1.066578666988108104e+00
3.818913304781850204e+00 8.423672785499962679e-01
4.030428030568050879e+00 7.178657951204673315e-01
4.253657732750382614e+00 6.071242658895819044e-01
4.489251258218603269e+00 5.533387290000442160e-01
4.737893390963138884e+00 4.995675405678702830e-01
5.000306842491089476e+00 4.841421539153199505e-01
5.277254352483532251e+00 4.256584587303647860e-01
5.569540905800129948e+00 4.332106312777060375e-01
5.878016072274911963e+00 4.296605403073903706e-01
6.203576476104267989e+00 4.455139032367793073e-01
6.547168402004736265e+00 5.126444915071931563e-01
6.909790545715638110e+00 7.476690791638174183e-01
7.292496916841444410e+00 1.966269626118239842e+02
7.696399902471150689e+00 2.643889325709412219e+02
8.122673500479711706e+00 2.109080713784775014e+02
8.572556731909315886e+00 2.431707178593518961e+02
9.047357242349292505e+00 3.187925605928665505e+02
9.548455102782282822e+00 4.394199064620063950e+02
1.007730682094459773e+01 8.831488602867227655e+02
1.063544957486011278e+01 3.196607820625295426e+04
1.122450568085305811e+01 2.986588296671810531e+04
1.184618730902682415e+01 3.412729026051409892e+04
1.250230145991453412e+01 2.661347552433477904e+04
1.319475521676706009e+01 2.355753657081646452e+04
1.392556128874461940e+01 2.051075055637010519e+04
1.469684386112444408e+01 2.054420426875153498e+04
1.551084476952840596e+01 1.836453679165065478e+04
1.636993001611702070e+01 1.863610228090245437e+04
1.727659664669034711e+01 1.814765040327687893e+04
1.823348000868438490e+01 1.686118967325051199e+04
1.924336141115979970e+01 1.757676739729113251e+04
2.030917620904734733e+01 1.738457699819079789e+04
2.143402233514854416e+01 1.767001311804241413e+04
2.262116930469021625e+01 1.694648830794803507e+04
2.387406771860646870e+01 1.663441776043396021e+04
2.519635929317013634e+01 1.666595384545133857e+04
2.659188744512691116e+01 1.701586538860296423e+04
2.806470846309833078e+01 1.769428182034304700e+04
2.961910329772553396e+01 1.871161517743106742e+04
3.125959000482277972e+01 1.851000080895110659e+04
3.299093687770935901e+01 1.857974764983040222e+04
3.481817630688966148e+01 1.890604196614394095e+04
3.674661940736687882e+01 1.949470358798501547e+04
3.878187145610719710e+01 2.034395421811313281e+04
4.092984818452433871e+01 2.147955876017262926e+04
4.319679297334173640e+01 1.127095211238632828e+03
4.558929499981059053e+01 9.827900383143822864e+02
4.811430839003254789e+01 8.609744106690155832e+02
5.077917243205393305e+01 7.566538827850203006e+02
5.359163290848514549e+01 6.683987679310758949e+02
5.655986461065002402e+01 6.440158013915977335e+02
5.969249509970727274e+01 6.230941736399022375e+02
6.299862978380680545e+01 5.571789960642305459e+02
6.648787838417263174e+01 5.435314957915102241e+02
7.017038286703822791e+01 5.319016257787810673e+02
7.405684692262427404e+01 4.809829773646749800e+02
7.815856707684091020e+01 4.740719518465156170e+02
8.248746552614581162e+01 4.688833631937026780e+02
8.705612479099856671e+01 4.652747382985897389e+02
9.187782428863320661e+01 4.263039577345271027e+02
9.696657893145520291e+01 4.254412531787343141e+02
1.023371798632519187e+02 4.257934201635483760e+02
1.080052374516251774e+02 4.273199885167687739e+02
1.139872266616050211e+02 3.958615167537832349e+02
1.203005349423324191e+02 3.991972785127409225e+02
1.269635127659972795e+02 4.035702480586944603e+02
1.339955269659337205e+02 4.089929807456013009e+02
1.414170170289021087e+02 3.822980639378268393e+02
1.492495545051829140e+02 3.888028143174336719e+02
1.575159057091621264e+02 3.963028627766875616e+02
1.662400978926610264e+02 3.727033883374718926e+02
1.754474890833459710e+02 3.811868055659801939e+02
1.851648417912153946e+02 3.904817043823017571e+02
1.954204007974051365e+02 3.689455750990970273e+02
2.062439752514088411e+02 3.792104455232172313e+02
2.176670253153459100e+02 3.592429468862828230e+02
2.297227536071151235e+02 3.701488162204984746e+02
2.424462017082325929e+02 3.819480650776116022e+02
2.558743520168583814e+02 3.631477328214613181e+02
2.700462352420682350e+02 3.756537837077055428e+02
2.850030438518105029e+02 3.579312213049448701e+02
3.007882518043095956e+02 3.709052986446108662e+02
3.174477409109186965e+02 3.542167433328505695e+02
3.350299341977229801e+02 3.676429924934369637e+02
3.535859366535175923e+02 3.517838785487801374e+02
3.731696837732748122e+02 3.656567874389078838e+02
3.938380983288481048e+02 3.504592904705574483e+02
4.156512558225987846e+02 3.647812717218498051e+02
4.386725591048494266e+02 3.501057740448677009e+02
4.629689226627258449e+02 3.648853178291178097e+02
4.886109671160326116e+02 3.506141665280292727e+02
5.156732244854963483e+02 3.658645780350098562e+02
5.442343548300260636e+02 3.518973481254796525e+02
5.743773748826574774e+02 3.676358963807854821e+02
6.061898993497571837e+02 3.538856901796726788e+02
6.397643955748424105e+02 3.701329814569943437e+02
6.751984523072494540e+02 3.565236233602950620e+02
7.125950633568396597e+02 3.733031915271654952e+02
7.520629269592407127e+02 3.597669785078620635e+02
7.937167617217542102e+02 3.471834483987302633e+02
8.376776400682906569e+02 3.635809630708099576e+02
8.840733401525044428e+02 3.509869882234781926e+02
9.330387172620360161e+02 3.679385048785190975e+02
9.847160957933764394e+02 3.552849910297741189e+02
1.039255682936711082e+03 3.728190941747221245e+02
1.096816005273137989e+03 3.600604054758511552e+02
1.157564369553303550e+03 3.481254295085979606e+02
1.221677348996790670e+03 3.653009165999225729e+02
1.289341296525713005e+03 3.532147668708096262e+02
1.360752886424333155e+03 3.709985599888603929e+02
1.436119685999077319e+03 3.587244423298206470e+02
1.515660758900601195e+03 3.472036814160179574e+02
1.599607301861484530e+03 3.646511977357825458e+02
1.688203316700362848e+03 3.529126624034325346e+02
1.781706319545728775e+03 3.709945774316750544e+02
1.880388089340912757e+03 3.590069428679359476e+02
1.984535457805799069e+03 3.477265305992189610e+02
2.094451143151468841e+03 3.654889919354462222e+02
2.210454629971019131e+03 3.539402672983838443e+02
2.332883097864153569e+03 3.723633927380935802e+02
2.462092401494625392e+03 3.605182278427421920e+02
2.598458104929247384e+03 3.493510113856748944e+02
2.742376573264946728e+03 3.674667546747371603e+02
2.894266124716745708e+03 3.559911485626880108e+02
3.054568246515431838e+03 3.747939399683713759e+02
3.223748878149026950e+03 3.629836699037307994e+02
3.402299765678064432e+03 3.518342333443299594e+02
3.590739891061047729e+03 3.703376876988050412e+02
3.789616980644716023e+03 3.588467258163034899e+02
3.999509097203661440e+03 3.479877283258941816e+02
4.221026320156894144e+03 3.662060564507934259e+02
4.454812518844979422e+03 3.550011009122831069e+02
4.701547224022129740e+03 3.739234140838200346e+02
4.961947603002898177e+03 3.623485200615353392e+02
5.236770544204644466e+03 3.514019300698384995e+02
5.526814857144591770e+03 3.700417161232768990e+02
5.832923594286199659e+03 3.587237018292405537e+02
6.155986501483501343e+03 3.480123229189574658e+02
6.496942604146111080e+03 3.663803871496211286e+02
6.856782936641738161e+03 3.552973913700806179e+02
7.236553422869649694e+03 3.743850385585912477e+02
7.637357916378011396e+03 3.629077024317170412e+02
8.060361408861328528e+03 3.520414320541722191e+02
8.506793416364153018e+03 3.708563691255198478e+02
8.977951553033313758e+03 3.595974431712768364e+02
9.475205302806527470e+03 3.489321994906300120e+02
1.000000000000000000e+04 3.674831554385942809e+02
