1.000000000000000021e-03 1.022901969361960317e+00
1.055386103036524146e-03 9.599295929589582999e-01
1.113839826482619470e-03 8.626878540794843397e-01
1.175531073878369843e-03 7.404242549776278715e-01
1.240639159058831839e-03 6.710435272420635089e-01
1.309353327353610878e-03 6.104160448402738970e-01
1.381873305653632221e-03 5.303456373263832901e-01
1.458409882943986291e-03 4.854950823779489166e-01
1.539185522990205385e-03 4.238681285176699731e-01
1.624435010958867089e-03 3.898958187947072496e-01
1.714406135851970214e-03 3.423621744607732165e-01
1.809360410738716568e-03 3.160646122736187613e-01
1.909573832878096698e-03 2.782984637789847615e-01
2.015337685941732959e-03 2.453084797648962812e-01
2.126959386668691738e-03 2.276052627893688507e-01
2.244763378413223813e-03 2.012304791898173739e-01
2.369092074182631985e-03 1.782341659179458027e-01
2.500306851906324013e-03 1.657947114805539690e-01
2.638789104828934487e-03 1.470329180282406722e-01
2.784941350080644140e-03 1.303748642877202712e-01
2.939188398646887333e-03 1.157692637734355073e-01
3.101978590138096837e-03 1.080520631219988176e-01
3.273785095948577185e-03 9.606146524072825543e-02
3.455107294592218038e-03 8.549567497986228226e-02
3.646472223212748626e-03 7.600742921106100336e-02
3.848436109487428890e-03 6.763030637860005523e-02
4.061585988376979588e-03 6.023126785347168027e-02
4.286541408420925167e-03 5.367248658586704774e-02
4.523956232538053901e-03 5.020121371586101083e-02
4.774520538566130907e-03 4.476340235952431384e-02
5.038962625065149942e-03 3.985868890714372448e-02
5.318051128214196926e-03 3.551654151709129903e-02
5.612597255954972046e-03 3.166835238796100044e-02
5.923457145875806254e-03 2.825458776833480318e-02
6.251534353689711630e-03 2.644737420606584413e-02
6.597782479539533035e-03 2.359781954056611522e-02
6.963207939763882935e-03 2.103441662764495360e-02
7.348872892180387945e-03 1.875014631590908240e-02
7.755898323389001994e-03 1.672277018335813562e-02
8.185467307069028281e-03 1.492209207197268961e-02
8.638828442740444438e-03 1.330500384062347982e-02
9.117299484984920863e-03 1.246719775194503332e-02
9.622271173675134986e-03 1.111930470104363286e-02
1.015521127634568151e-02 9.909464378883028890e-03
1.071766885445502894e-02 8.835327076578167876e-03
1.131127876593921409e-02 7.881099358014851189e-03
1.193776641714436315e-02 7.028761299319543666e-03
1.259895277795027198e-02 6.261972057312855180e-03
1.329675967466211958e-02 5.581200893322021094e-03
1.403321537605484691e-02 5.227721022628390758e-03
1.481046048880674780e-02 4.657821494413214719e-03
1.563075417945815684e-02 4.151706557578618492e-03
1.649648074098019820e-02 3.701230411753736373e-03
1.741015652304015240e-02 3.294531709956392135e-03
1.837443724610725651e-02 2.933673693397153420e-03
1.939212572065828963e-02 2.745496025449560475e-03
2.046617999391989878e-02 2.443682333979640790e-03
2.159972194782718360e-02 2.175852440486191180e-03
2.279604637318979887e-02 1.937363546740498467e-03
2.405863054644065760e-02 1.722363002368439405e-03
2.539114433680347144e-02 1.531771870110836811e-03
2.679746087325690987e-02 1.431233150242903476e-03
2.828166780230032332e-02 1.272114539579713779e-03
2.984807916924325788e-02 1.131067806438614811e-03
3.150124795755327584e-02 1.004646514161734987e-03
3.324597932270940276e-02 9.375619484040199816e-04
3.508734455902711574e-02 8.319185748200322436e-04
3.703069584005139192e-02 7.378543308604109275e-04
3.908168177536264221e-02 6.877276193219855789e-04
4.124626382901350197e-02 6.094829957339970494e-04
4.353073364731887412e-02 5.403048568721448763e-04
4.594173134636474198e-02 4.783004175106231586e-04
4.848626481239078079e-02 4.450237196021242648e-04
5.117173007114604599e-02 3.932099981841874828e-04
5.400593278542371173e-02 3.475083538644649730e-04
5.699711094326075089e-02 3.224151652328250848e-04
6.015395880274835433e-02 2.846429804994794494e-04
6.348565216305217251e-02 2.635999128390014855e-04
6.700187503509587306e-02 2.323887473159233486e-04
7.071284778942996119e-02 2.148217699504809445e-04
7.462935686310133432e-02 1.887695746352745934e-04
7.876278611187055578e-02 1.742224626416661606e-04
8.312514989890627815e-02 1.527293995718906783e-04
8.772912801613355627e-02 1.405550137005405378e-04
9.258810253973949467e-02 1.291783342231458249e-04
9.771619672696171821e-02 1.185451369843894596e-04
1.031283160672184784e-01 1.033816922871085307e-04
1.088401916069005465e-01 9.452517330976751826e-05
1.148684256737553672e-01 8.626128286633664283e-05
1.212305401337651634e-01 7.855393152328433569e-05
1.279450273207873301e-01 7.137052950557496876e-05
1.350314037869872197e-01 6.792248340520440646e-05
1.425102670302997865e-01 6.136000322922046161e-05
1.504033553638023657e-01 5.526230724482236468e-05
1.587336111010208550e-01 5.212271106349467898e-05
1.675252472408213789e-01 4.898204095019758497e-05
1.768038178457206899e-01 4.578927283147012181e-05
1.865962923181745947e-01 4.264095296186739523e-05
1.969311337907421744e-01 4.154112560589012391e-05
2.078383818579757347e-01 3.832821965662467262e-05
2.193497398905057960e-01 3.887221768726659236e-05
2.314986671851160804e-01 3.737734253197423168e-05
2.443204762186486634e-01 3.758850927571592501e-05
2.578524352884273840e-01 3.766828769208366279e-05
2.721338768375305972e-01 3.762954848513234794e-05
2.872063117797828413e-01 3.938189986402550603e-05
3.031135501567576163e-01 3.912731745913818716e-05
3.199018284775063670e-01 4.078728302331509191e-05
3.376199441111336630e-01 4.037395543581606314e-05
3.563193971228584278e-01 3.985515669567746050e-05
3.760545399658167809e-01 4.125606692809100513e-05
3.968827354637161631e-01 4.258479563519203216e-05
4.188645235435271008e-01 4.170211330404924316e-05
4.420637972028529927e-01 4.271663890298738899e-05
4.665479882234472853e-01 4.355212022914077660e-05
4.923882631706736346e-01 4.635181853609405888e-05
5.196597302486196668e-01 4.907893082071874123e-05
5.484416576121015074e-01 5.156397179886228210e-05
5.788177037701274230e-01 5.656858657501347381e-05
6.108761607505033275e-01 6.161394321432334467e-05
6.447102107323869902e-01 7.004854260955127544e-05
6.804181968927094371e-01 7.887736699902772250e-05
7.181039092537349067e-01 9.266325905255661779e-05
7.578768863625922059e-01 1.132059640066177209e-04
7.998527336796708020e-01 1.440589655400160995e-04
8.441534596012976177e-01 1.816393487568216129e-04
8.909078300934133443e-01 2.385952714243557576e-04
9.402517429670123050e-01 3.266296519334563764e-04
9.923286228832545186e-01 4.227710236019700503e-04
1.047289838236358461e+00 5.724346326843188096e-04
1.105295141126021008e+00 7.353454811089965961e-04
1.166513131698196259e+00 9.448031834606375511e-04
1.231121748203889643e+00 1.156103895780877765e-03
1.299308784200415845e+00 1.352164929170101637e-03
1.371272434398399520e+00 1.586545701469340482e-03
1.447221870741134397e+00 1.782757478874099711e-03
1.527377850390712499e+00 1.916014859147277798e-03
1.611973357388157169e+00 2.071500338209686810e-03
1.701254279852587370e+00 2.146120260568638773e-03
1.795480124687830470e+00 2.126883978813839428e-03
1.894924771873819802e+00 2.118168912765854353e-03
1.999877270535284968e+00 2.119882557151772651e-03
2.110642679101552677e+00 2.026129991883807071e-03
2.227542951999556209e+00 2.043870635096280836e-03
2.350917875457284367e+00 1.969635147285628100e-03
2.481126055137767850e+00 1.809937163563898497e-03
2.618545958474232549e+00 1.752281206714072356e-03
2.763577014736157356e+00 1.617794110862678502e-03
2.916640776023703641e+00 1.569234209498607995e-03
3.078182142565077051e+00 1.451796149854548464e-03
3.248670655878374891e+00 1.410834990651004938e-03
3.428601863556583140e+00 1.305739212898667217e-03
3.618498759642746698e+00 1.208390541962087780e-03
3.818913304781850204e+00 1.173217617047527927e-03
4.030428030568050879e+00 1.083564386664131237e-03
4.253657732750382614e+00 1.049863398561312914e-03
4.489251258218603269e+00 9.660963539583775289e-04
4.737893390963138884e+00 9.327288552095699004e-04
5.000306842491089476e+00 9.421143679000735507e-04
5.277254352483532251e+00 9.022189177195676438e-04
5.569540905800129948e+00 9.041095012761924841e-04
5.878016072274911963e+00 9.007882663707040541e-04
6.203576476104267989e+00 9.371612488379565823e-04
6.547168402004736265e+00 9.655816370940347240e-04
6.909790545715638110e+00 1.088362258560702416e-03
7.292496916841444410e+00 1.273417303629777566e-03
7.696399902471150689e+00 1.623585136735388509e-03
8.122673500479711706e+00 2.358291122093415446e-03
8.572556731909315886e+00 4.086700242952502268e-03
9.047357242349292505e+00 1.124711068594711622e-02
9.548455102782282822e+00 1.628693390453796186e-01
1.007730682094459773e+01 1.736129363406659021e+00
1.063544957486011278e+01 3.740829762512073220e+00
1.122450568085305811e+01 5.533008317394392250e+00
1.184618730902682415e+01 6.896555529193984846e+00
1.250230145991453412e+01 8.407098778603765865e+00
1.319475521676706009e+01 9.526398820268806134e+00
1.392556128874461940e+01 1.052199073989778277e+01
1.469684386112444408e+01 1.132488703502988514e+01
1.551084476952840596e+01 1.182938625806730393e+01
1.636993001611702070e+01 1.261756496710456510e+01
1.727659664669034711e+01 1.302927960569700438e+01
1.823348000868438490e+01 1.302404723413380694e+01
1.924336141115979970e+01 1.321924473320955684e+01
2.030917620904734733e+01 1.361556767042343807e+01
2.143402233514854416e+01 1.350305431704707360e+01
2.262116930469021625e+01 1.355634344435118521e+01
2.387406771860646870e+01 1.308173527890492949e+01
2.519635929317013634e+01 1.276276224072582366e+01
2.659188744512691116e+01 1.256983149020265955e+01
2.806470846309833078e+01 1.248417648207367492e+01
2.961910329772553396e+01 1.249436713299531299e+01
3.125959000482277972e+01 1.198003730616562734e+01
3.299093687770935901e+01 1.157744856866399452e+01
3.481817630688966148e+01 1.126302575692463570e+01
3.674661940736687882e+01 1.101083815482829031e+01
3.878187145610719710e+01 1.082995505910215073e+01
4.092984818452433871e+01 1.071053827935718417e+01
4.319679297334173640e+01 1.064571407293917815e+01
4.558929499981059053e+01 1.011907037057820702e+01
4.811430839003254789e+01 1.014996012035623707e+01
5.077917243205393305e+01 9.726949398459877827e+00
5.359163290848514549e+01 9.835142774093432294e+00
5.655986461065002402e+01 9.507509095906062413e+00
5.969249509970727274e+01 9.680639664482027840e+00
6.299862978380680545e+01 9.425387254136394333e+00
6.648787838417263174e+01 9.191780848125150172e+00
7.017038286703822791e+01 8.996652197598248080e+00
7.405684692262427404e+01 8.834751008600990829e+00
7.815856707684091020e+01 9.139317776509848557e+00
8.248746552614581162e+01 9.020929636829979614e+00
8.705612479099856671e+01 8.927620081321466117e+00
9.187782428863320661e+01 8.856846203450871258e+00
9.696657893145520291e+01 8.806541145092364076e+00
1.023371798632519187e+02 8.775031277216470471e+00
1.080052374516251774e+02 8.760963316735914219e+00
1.139872266616050211e+02 8.763253543918814614e+00
1.203005349423324191e+02 8.356072685820373991e+00
1.269635127659972795e+02 8.388205674275273083e+00
1.339955269659337205e+02 8.434534237347678598e+00
1.414170170289021087e+02 8.494731972171617684e+00
1.492495545051829140e+02 8.568608139983686200e+00
1.575159057091621264e+02 8.650871830310865818e+00
1.662400978926610264e+02 8.318493175268148576e+00
1.754474890833459710e+02 8.422259511630048934e+00
1.851648417912153946e+02 8.538675328035054690e+00
1.954204007974051365e+02 8.237799184146988196e+00
2.062439752514088411e+02 8.366700386264033895e+00
2.176670253153459100e+02 8.508001128977051408e+00
2.297227536071151235e+02 8.232446826594406630e+00
2.424462017082325929e+02 8.383891858776225448e+00
2.558743520168583814e+02 8.129158016298692502e+00
2.700462352420682350e+02 8.289459322513616613e+00
2.850030438518105029e+02 8.462272295369521302e+00
3.007882518043095956e+02 8.219847327537395998e+00
3.174477409109186965e+02 8.400567014475571526e+00
3.350299341977229801e+02 8.171247197033684628e+00
3.535859366535175923e+02 8.359284423895072536e+00
3.731696837732748122e+02 8.140641783705429901e+00
3.938380983288481048e+02 8.335584377594113192e+00
4.156512558225987846e+02 8.125618722337675237e+00
4.386725591048494266e+02 8.327188838352675759e+00
4.629689226627258449e+02 8.124233689746692022e+00
4.886109671160326116e+02 8.332257202716396804e+00
5.156732244854963483e+02 8.134908901706632278e+00
5.442343548300260636e+02 8.349292885958810473e+00
5.743773748826574774e+02 8.156356585060388298e+00
6.061898993497571837e+02 8.377072439007484661e+00
6.397643955748424105e+02 8.187520311539270068e+00
6.751984523072494540e+02 8.414591270782473487e+00
7.125950633568396597e+02 8.227530255581871899e+00
7.520629269592407127e+02 8.461022034811426451e+00
7.937167617217542102e+02 8.275668382589856265e+00
8.376776400682906569e+02 8.099946429155421512e+00
8.840733401525044428e+02 8.331341195548084499e+00
9.330387172620360161e+02 8.156311551400795778e+00
9.847160957933764394e+02 8.394058249998844090e+00
1.039255682936711082e+03 8.219163239233029827e+00
1.096816005273137989e+03 8.463415092357109870e+00
1.157564369553303550e+03 8.288148765935540396e+00
1.221677348996790670e+03 8.121125689145355153e+00
1.289341296525713005e+03 8.362978585306592549e+00
1.360752886424333155e+03 8.194995782173561949e+00
1.436119685999077319e+03 8.443417038727499602e+00
1.515660758900601195e+03 8.274085109635215929e+00
1.599607301861484530e+03 8.112270348718388036e+00
1.688203316700362848e+03 8.358229415710500376e+00
1.781706319545728775e+03 8.194664729852512153e+00
1.880388089340912757e+03 8.447299973124945183e+00
1.984535457805799069e+03 8.281670259620680596e+00
2.094451143151468841e+03 8.123063804098306306e+00
2.210454629971019131e+03 8.373203956837258488e+00
2.332883097864153569e+03 8.212257447065734794e+00
2.462092401494625392e+03 8.469207520200198402e+00
2.598458104929247384e+03 8.305654306072218773e+00
2.742376573264946728e+03 8.148793003095553544e+00
2.894266124716745708e+03 8.403226143256793179e+00
3.054568246515431838e+03 8.243569979170827011e+00
3.223748878149026950e+03 8.504962760351288509e+00
3.402299765678064432e+03 8.342277159593933789e+00
3.590739891061047729e+03 8.186068918778000025e+00
3.789616980644716023e+03 8.444924464915363416e+00
3.999509097203661440e+03 8.285560224878517843e+00
4.221026320156894144e+03 8.132428028770856798e+00
4.454812518844979422e+03 8.388802211856463131e+00
4.701547224022129740e+03 8.232417420573943545e+00
4.961947603002898177e+03 8.495832333931117475e+00
5.236770544204644466e+03 8.335996347180351762e+00
5.526814857144591770e+03 8.182305786200908315e+00
5.832923594286199659e+03 8.443212902916434004e+00
6.155986501483501343e+03 8.286010931706480065e+00
6.496942604146111080e+03 8.134775691102564821e+00
6.856782936641738161e+03 8.393223741566506746e+00
7.236553422869649694e+03 8.238434519192487926e+00
7.637357916378011396e+03 8.504009389528208729e+00
8.060361408861328528e+03 8.345487831241518606e+00
8.506793416364153018e+03 8.192924811355814185e+00
8.977951553033313758e+03 8.456006436763074063e+00
9.475205302806527470e+03 8.299691002833458953e+00
1.000000000000000000e+04 8.149196336677539065e+00
