1.000000000000000021e-03 nan
1.055386103036524146e-03 nan
1.113839826482619470e-03 nan
1.175531073878369843e-03 nan
1.240639159058831839e-03 nan
1.309353327353610878e-03 nan
1.381873305653632221e-03 nan
1.458409882943986291e-03 nan
1.539185522990205385e-03 nan
1.624435010958867089e-03 nan
1.714406135851970214e-03 nan
1.809360410738716568e-03 nan
1.909573832878096698e-03 nan
2.015337685941732959e-03 nan
2.126959386668691738e-03 nan
2.244763378413223813e-03 nan
2.369092074182631985e-03 nan
2.500306851906324013e-03 nan
2.638789104828934487e-03 nan
2.784941350080644140e-03 nan
2.939188398646887333e-03 nan
3.101978590138096837e-03 nan
3.273785095948577185e-03 nan
3.455107294592218038e-03 nan
3.646472223212748626e-03 nan
3.848436109487428890e-03 nan
4.061585988376979588e-03 nan
4.286541408420925167e-03 nan
4.523956232538053901e-03 nan
4.774520538566130907e-03 nan
5.038962625065149942e-03 nan
5.318051128214196926e-03 nan
5.612597255954972046e-03 nan
5.923457145875806254e-03 nan
6.251534353689711630e-03 nan
6.597782479539533035e-03 nan
6.963207939763882935e-03 nan
7.348872892180387945e-03 nan
7.755898323389001994e-03 nan
8.185467307069028281e-03 nan
8.638828442740444438e-03 nan
9.117299484984920863e-03 nan
9.622271173675134986e-03 nan
1.015521127634568151e-02 nan
1.071766885445502894e-02 nan
1.131127876593921409e-02 nan
1.193776641714436315e-02 nan
1.259895277795027198e-02 nan
1.329675967466211958e-02 nan
1.403321537605484691e-02 nan
1.481046048880674780e-02 nan
1.563075417945815684e-02 nan
1.649648074098019820e-02 nan
1.741015652304015240e-02 nan
1.837443724610725651e-02 nan
1.939212572065828963e-02 nan
2.046617999391989878e-02 nan
2.159972194782718360e-02 nan
2.279604637318979887e-02 nan
2.405863054644065760e-02 nan
2.539114433680347144e-02 nan
2.679746087325690987e-02 nan
2.828166780230032332e-02 nan
2.984807916924325788e-02 nan
3.150124795755327584e-02 nan
3.324597932270940276e-02 nan
3.508734455902711574e-02 nan
3.703069584005139192e-02 nan
3.908168177536264221e-02 nan
4.124626382901350197e-02 nan
4.353073364731887412e-02 nan
4.594173134636474198e-02 nan
4.848626481239078079e-02 nan
5.117173007114604599e-02 nan
5.400593278542371173e-02 nan
5.699711094326075089e-02 nan
6.015395880274835433e-02 nan
6.348565216305217251e-02 nan
6.700187503509587306e-02 nan
7.071284778942996119e-02 nan
7.462935686310133432e-02 nan
7.876278611187055578e-02 nan
8.312514989890627815e-02 nan
8.772912801613355627e-02 nan
9.258810253973949467e-02 nan
9.771619672696171821e-02 nan
1.031283160672184784e-01 nan
1.088401916069005465e-01 nan
1.148684256737553672e-01 nan
1.212305401337651634e-01 nan
1.279450273207873301e-01 nan
1.350314037869872197e-01 7.013152471606812988e+00
1.425102670302997865e-01 4.349427040658624399e+00
1.504033553638023657e-01 3.213576856446289653e+00
1.587336111010208550e-01 2.845513631834406088e+00
1.675252472408213789e-01 2.471433265428772064e+00
1.768038178457206899e-01 2.109155391558699133e+00
1.865962923181745947e-01 2.151146178317341562e+00
1.969311337907421744e-01 1.947522303446807657e+00
2.078383818579757347e-01 2.103425530103113505e+00
2.193497398905057960e-01 2.017330305618689312e+00
2.314986671851160804e-01 2.311931963888258945e+00
2.443204762186486634e-01 2.607427190335010803e+00
2.578524352884273840e-01 3.204791138129346795e+00
2.721338768375305972e-01 4.304902592332246591e+00
2.872063117797828413e-01 nan
3.031135501567576163e-01 nan
3.199018284775063670e-01 nan
3.376199441111336630e-01 nan
3.563193971228584278e-01 nan
3.760545399658167809e-01 1.313438911980114865e+00
3.968827354637161631e-01 7.668201252869695228e-01
4.188645235435271008e-01 5.340415583792348375e-01
4.420637972028529927e-01 4.020780400203686766e-01
4.665479882234472853e-01 3.596080945149471852e-01
4.923882631706736346e-01 3.115816040426234168e-01
5.196597302486196668e-01 2.867995629802929103e-01
5.484416576121015074e-01 2.795147070402066447e-01
5.788177037701274230e-01 2.883767220177235746e-01
6.108761607505033275e-01 2.861387680644302267e-01
6.447102107323869902e-01 3.023635068064963738e-01
6.804181968927094371e-01 3.406823530134126532e-01
7.181039092537349067e-01 3.687204241510784741e-01
7.578768863625922059e-01 4.201648037532207947e-01
7.998527336796708020e-01 5.511279206027288602e-01
8.441534596012976177e-01 8.245453260161671460e-01
8.909078300934133443e-01 2.503591174710275258e+00
9.402517429670123050e-01 3.233938975000136224e+02
9.923286228832545186e-01 3.342698412945079554e+02
1.047289838236358461e+00 3.529151287174612435e+02
1.105295141126021008e+00 3.362947497601006148e+02
1.166513131698196259e+00 3.467120919457216246e+02
1.231121748203889643e+00 3.815754366276240148e+02
1.299308784200415845e+00 4.019731161320015076e+02
1.371272434398399520e+00 4.441191836273165450e+02
1.447221870741134397e+00 4.624257175569264291e+02
1.527377850390712499e+00 5.506374307601643068e+02
1.611973357388157169e+00 6.108520749450785843e+02
1.701254279852587370e+00 7.673164951474195732e+02
1.795480124687830470e+00 9.823480320206613214e+02
1.894924771873819802e+00 1.406693971389958733e+03
1.999877270535284968e+00 2.989398689874903539e+03
2.110642679101552677e+00 6.249367647344012767e+03
2.227542951999556209e+00 8.887992573263771192e+03
2.350917875457284367e+00 1.058215222715658820e+04
2.481126055137767850e+00 1.287105148032081343e+04
2.618545958474232549e+00 1.449110672665703532e+04
2.763577014736157356e+00 1.839032085127931714e+04
2.916640776023703641e+00 2.156544292621537534e+04
3.078182142565077051e+00 2.846401712772256724e+04
3.248670655878374891e+00 3.825072699600853230e+04
3.428601863556583140e+00 5.760491545583885454e+04
3.618498759642746698e+00 1.066529226284629403e+05
3.818913304781850204e+00 nan
4.030428030568050879e+00 nan
4.253657732750382614e+00 1.652839560138277264e+00
4.489251258218603269e+00 1.250786096245767087e+00
4.737893390963138884e+00 1.025821314087382197e+00
5.000306842491089476e+00 9.107606304492112947e-01
5.277254352483532251e+00 7.913099038548545572e-01
5.569540905800129948e+00 8.135069445831443202e-01
5.878016072274911963e+00 8.054753884842680289e-01
6.203576476104267989e+00 8.314478497358577247e-01
6.547168402004736265e+00 1.051114851082213919e+00
6.909790545715638110e+00 8.387405423662451085e+02
7.292496916841444410e+00 3.749436276269523773e+02
7.696399902471150689e+00 3.679647939922473370e+02
8.122673500479711706e+00 4.402719082628442493e+02
8.572556731909315886e+00 5.037595591927453711e+02
9.047357242349292505e+00 7.245546710354502693e+02
9.548455102782282822e+00 nan
1.007730682094459773e+01 nan
1.063544957486011278e+01 nan
1.122450568085305811e+01 nan
1.184618730902682415e+01 nan
1.250230145991453412e+01 7.127354738650002400e+04
1.319475521676706009e+01 6.342923634924015641e+04
1.392556128874461940e+01 5.071368880757228180e+04
1.469684386112444408e+01 4.229782523952698830e+04
1.551084476952840596e+01 3.740368286187034391e+04
1.636993001611702070e+01 3.482531247877074202e+04
1.727659664669034711e+01 3.393422419303261267e+04
1.823348000868438490e+01 3.448269317968263931e+04
1.924336141115979970e+01 3.293486135930140154e+04
2.030917620904734733e+01 3.255867932094800926e+04
2.143402233514854416e+01 3.319580379333036399e+04
2.262116930469021625e+01 3.156311943703691577e+04
2.387406771860646870e+01 3.395129375500215974e+04
2.519635929317013634e+01 3.390717775084242749e+04
2.659188744512691116e+01 3.462805941015262215e+04
2.806470846309833078e+01 3.606637517934779316e+04
2.961910329772553396e+01 3.830570211295810441e+04
3.125959000482277972e+01 4.139867441737553600e+04
3.299093687770935901e+01 4.548848729769254714e+04
3.481817630688966148e+01 5.074996001166781934e+04
3.674661940736687882e+01 5.742500148635611549e+04
3.878187145610719710e+01 6.586100013502790534e+04
4.092984818452433871e+01 7.630598887262484641e+04
4.319679297334173640e+01 1.202964969090153027e+05
4.558929499981059053e+01 nan
4.811430839003254789e+01 nan
5.077917243205393305e+01 nan
5.359163290848514549e+01 nan
5.655986461065002402e+01 nan
5.969249509970727274e+01 nan
6.299862978380680545e+01 1.673725271553610128e+03
6.648787838417263174e+01 1.353445144716169580e+03
7.017038286703822791e+01 1.210126169167205035e+03
7.405684692262427404e+01 1.084378345512346414e+03
7.815856707684091020e+01 1.076573454641667922e+03
8.248746552614581162e+01 9.694219765841698973e+02
8.705612479099856671e+01 8.758361457709546585e+02
9.187782428863320661e+01 8.761012296018732286e+02
9.696657893145520291e+01 8.791766426644207968e+02
1.023371798632519187e+02 8.004445084950593809e+02
1.080052374516251774e+02 8.073081144498693220e+02
1.139872266616050211e+02 7.392054819693056515e+02
1.203005349423324191e+02 7.491229514058674113e+02
1.269635127659972795e+02 7.613625908756583840e+02
1.339955269659337205e+02 7.021897544889268374e+02
1.414170170289021087e+02 7.168255234787745849e+02
1.492495545051829140e+02 7.333946236513186250e+02
1.575159057091621264e+02 6.805684326943056703e+02
1.662400978926610264e+02 6.990258014830226330e+02
1.754474890833459710e+02 6.517321621210769536e+02
1.851648417912153946e+02 6.715406635497521393e+02
1.954204007974051365e+02 6.935821861312703049e+02
2.062439752514088411e+02 6.497437275420039668e+02
2.176670253153459100e+02 6.729907854695511560e+02
2.297227536071151235e+02 6.324460155867994899e+02
2.424462017082325929e+02 6.570778497134155032e+02
2.558743520168583814e+02 6.192188608890726300e+02
2.700462352420682350e+02 6.447708818812510572e+02
2.850030438518105029e+02 6.093905538106582753e+02
3.007882518043095956e+02 6.358057704106583969e+02
3.174477409109186965e+02 6.647393652185394330e+02
3.350299341977229801e+02 6.297114221060944601e+02
3.535859366535175923e+02 6.597019809072418184e+02
3.731696837732748122e+02 6.260968061323287657e+02
3.938380983288481048e+02 6.571035368588867414e+02
4.156512558225987846e+02 6.246514955788745738e+02
4.386725591048494266e+02 6.566569809980063610e+02
4.629689226627258449e+02 6.251309721533053789e+02
4.886109671160326116e+02 5.963430105242312038e+02
5.156732244854963483e+02 6.273421426254502649e+02
5.442343548300260636e+02 5.991535498931121992e+02
5.743773748826574774e+02 6.311315741968463726e+02
6.061898993497571837e+02 6.033140095892812269e+02
6.397643955748424105e+02 6.363792656246690740e+02
6.751984523072494540e+02 6.087739837382249561e+02
7.125950633568396597e+02 6.429910411071067529e+02
7.520629269592407127e+02 6.154562647773223034e+02
7.937167617217542102e+02 6.508938787215862476e+02
8.376776400682906569e+02 6.233010337217860979e+02
8.840733401525044428e+02 5.977893539226502071e+02
9.330387172620360161e+02 6.322644088318044169e+02
9.847160957933764394e+02 6.065591901927368781e+02
1.039255682936711082e+03 6.423155385684641487e+02
1.096816005273137989e+03 6.163070838932147808e+02
1.157564369553303550e+03 5.919941955837377918e+02
1.221677348996790670e+03 6.270290527122804178e+02
1.289341296525713005e+03 6.024855102263294384e+02
1.360752886424333155e+03 6.387171055752959319e+02
1.436119685999077319e+03 6.136978610795011946e+02
1.515660758900601195e+03 5.901732163595725069e+02
1.599607301861484530e+03 6.257982018981371084e+02
1.688203316700362848e+03 6.019513887210729308e+02
1.781706319545728775e+03 6.387944363680744573e+02
1.880388089340912757e+03 6.143422593103401823e+02
1.984535457805799069e+03 5.913158403071633984e+02
2.094451143151468841e+03 6.275713503188197819e+02
2.210454629971019131e+03 6.040854626680812771e+02
2.332883097864153569e+03 6.416571763688004921e+02
2.462092401494625392e+03 6.174644774089201746e+02
2.598458104929247384e+03 5.947267695962287917e+02
2.742376573264946728e+03 6.316559358033606486e+02
2.894266124716745708e+03 6.082818271437188287e+02
3.054568246515431838e+03 6.466852706417971604e+02
3.223748878149026950e+03 6.225208681805090691e+02
3.402299765678064432e+03 5.998693557056952841e+02
3.590739891061047729e+03 6.375623222050176082e+02
3.789616980644716023e+03 6.141097270809536894e+02
3.999509097203661440e+03 5.919370194621532164e+02
4.221026320156894144e+03 6.291226505217395015e+02
4.454812518844979422e+03 6.063084926949242117e+02
4.701547224022129740e+03 6.449385431237330977e+02
4.961947603002898177e+03 6.212599465083732184e+02
5.236770544204644466e+03 5.990223297029292553e+02
5.526814857144591770e+03 6.369880905213192364e+02
5.832923594286199659e+03 6.138866261617289410e+02
6.155986501483501343e+03 5.920113166816560124e+02
6.496942604146111080e+03 6.295040583509544376e+02
6.856782936641738161e+03 6.069309031949394466e+02
7.236553422869649694e+03 6.459103146158639674e+02
7.637357916378011396e+03 6.224201093134292933e+02
8.060361408861328528e+03 6.003335478136710890e+02
8.506793416364153018e+03 6.386763034502504297e+02
8.977951553033313758e+03 6.156804496165310638e+02
9.475205302806527470e+03 5.939345821391802929e+02
1.000000000000000000e+04 6.317742217475852158e+02
