1.000000000000000056e-01 2.015195067767595050e-01
1.059560179277615893e-01 1.828998556944159137e-01
1.122667773510813566e-01 1.549202306477012736e-01
1.189534067370319470e-01 1.415955676936793139e-01
1.260382929679727537e-01 1.297486891062820114e-01
1.335451562929898806e-01 1.190255519223655384e-01
1.414991297434576023e-01 1.013821493939772167e-01
1.499268432786045602e-01 9.277731284428480940e-02
1.588565129428052836e-01 8.472253016893885325e-02
1.683180353330956669e-01 7.706597660264037641e-02
1.783430876931909326e-01 6.968722160848218883e-02
1.889652339691209604e-01 6.259203741334261328e-02
2.002200371815584523e-01 5.993444060769766157e-02
2.121451784910629856e-01 5.289455766898813055e-02
2.247805833548725263e-01 4.982125266233514843e-02
2.381685551976158166e-01 4.641048600470836644e-02
2.523539170434765944e-01 4.287793785753597070e-02
2.673841615839946395e-01 4.233550975924628423e-02
2.833096101839324144e-01 3.859978944999725714e-02
3.001835813575589040e-01 3.505713065850799698e-02
3.180625692794120107e-01 3.415794948248924295e-02
3.370064329271929005e-01 3.088832629396914484e-02
3.570785964900463627e-01 3.004282773514966448e-02
3.783462617131930217e-01 2.711949300849308617e-02
4.008806328898465443e-01 2.634729407924917000e-02
4.247571552536899553e-01 2.367973029274852287e-02
4.500557675700498916e-01 2.279926277318594652e-02
4.768611697714470465e-01 2.174137723695418814e-02
5.052631065335680960e-01 2.049563569326124518e-02
5.353566677410726005e-01 2.044939400251710379e-02
5.672426068491979168e-01 2.153486167500709078e-02
6.010276782070382851e-01 2.222630292011497019e-02
6.368249944718588074e-01 2.417214400954191197e-02
6.747544053110694495e-01 2.574026018072990765e-02
7.149428986597579083e-01 3.100549991485477413e-02
7.575250258771913936e-01 3.655717870043258266e-02
8.026433522257175879e-01 4.207274979155134487e-02
8.504489341802679014e-01 5.110027809779937175e-02
9.011018251665020573e-01 6.551782335399096435e-02
9.547716114208059102e-01 8.936358038420427752e-02
1.011637979766207618e+00 1.122680193475788374e-01
1.071891319205128035e+00 1.518987023936193559e-01
1.135733358343105737e+00 2.063906183646018189e-01
1.203377840777589913e+00 2.637294935522391248e-01
1.275051240713013456e+00 3.173506783104225182e-01
1.350993521198027292e+00 3.889471995382319247e-01
1.431458937523479191e+00 4.194508348168968781e-01
1.516716888470923230e+00 4.608283743385462872e-01
1.607052818261639260e+00 4.780800941850272268e-01
1.702769172225900407e+00 5.052587943494507572e-01
1.804186409392072754e+00 4.676070250830344222e-01
1.911644075385702690e+00 4.721521281779267332e-01
2.025501939230667681e+00 4.165646144398841288e-01
2.146141197858404848e+00 3.991765979509543927e-01
2.273965752357928860e+00 3.589127581778883691e-01
2.409403560239525621e+00 3.251734763451637478e-01
2.552908068239517991e+00 2.965962583149665543e-01
2.704959730463135870e+00 2.715931700523058212e-01
2.866067616948251739e+00 2.320080589804936200e-01
3.036771118035459072e+00 2.143049050951296164e-01
3.217641750250737065e+00 1.980840924501831579e-01
3.409285069746812891e+00 1.706480519845122723e-01
3.612342699709432114e+00 1.580631664203357989e-01
3.827494478516312970e+00 1.465063779365093632e-01
4.055460735840830111e+00 1.358341525488544754e-01
4.297004704320841917e+00 1.255466327410547089e-01
4.552935074866949705e+00 1.157279535451491009e-01
4.824108704165371186e+00 1.063844401623089825e-01
5.111433483440167791e+00 1.046889389349193455e-01
5.415871378079473608e+00 9.509294554818577272e-02
5.738441648302395670e+00 9.211242351220975955e-02
6.080224261649424200e+00 9.485195679042839056e-02
6.442363508721373755e+00 9.592241558790259859e-02
6.826071834272389616e+00 1.094512905342063941e-01
7.232633896483537050e+00 1.293810327148791073e-01
7.663410868007458632e+00 1.955498072066186310e-01
8.119844993184013759e+00 3.963344216498674299e-01
8.603464416684504457e+00 7.922294207545500910e+01
9.115888299750823265e+00 9.902605434580874544e+01
9.658832241158703980e+00 1.126385523757366656e+02
1.023411402105453760e+01 1.355047418592863551e+02
1.084365968689610860e+01 1.599402230080058587e+02
1.148951000187309823e+01 1.989543832066365212e+02
1.217382727739662052e+01 2.245425526233301241e+02
1.289890261253309411e+01 2.655408834507840083e+02
1.366716356462007376e+01 3.048383309182723906e+02
1.448118227674534531e+01 3.384833848071319267e+02
1.534368408930013139e+01 3.627393665098907718e+02
1.625755666443794922e+01 4.024557396834880478e+02
1.722585965398787522e+01 4.278389789412161690e+02
1.825183494319044186e+01 4.354847958844799223e+02
1.933891750455232028e+01 4.551630032843609115e+02
2.049074689815848060e+01 4.528435333696634189e+02
2.171117945694505380e+01 4.276445249368072155e+02
2.300430119772919113e+01 4.444857699952297025e+02
2.437444150122221842e+01 4.049411279137613633e+02
2.582618760682677461e+01 4.043112975236989541e+02
2.736439997074672092e+01 3.802942423772976213e+02
2.899422853882878215e+01 3.629552928446706801e+02
3.072112998861759081e+01 3.255034601432164436e+02
3.255088599835060137e+01 3.181651374897116398e+02
3.448962260405759395e+01 2.913645563147691178e+02
3.654383070957258184e+01 2.902203007582278360e+02
3.872038781812557318e+01 2.705831654636072585e+02
4.102658105827194390e+01 2.546564423584441386e+02
4.347013158125026422e+01 2.408677119822766599e+02
4.605922041145108636e+01 2.297652176680564651e+02
4.880251583654433745e+01 2.201189165269069292e+02
5.170920242896760755e+01 2.122020868038850665e+02
5.478901179593945159e+01 2.057703828780787205e+02
5.805225516094901650e+01 2.002282843127984506e+02
6.150985788580504021e+01 1.956884406448976392e+02
6.517339604882427295e+01 1.920875718821589544e+02
6.905513520162330110e+01 1.892905092186997535e+02
7.316807143427199378e+01 1.738160470915026963e+02
7.752597488629464806e+01 1.723763678770200158e+02
8.214343584919430441e+01 1.714633427489696942e+02
8.703591361485165123e+01 1.710294343560904053e+02
9.221978823334330855e+01 1.589119125311354424e+02
9.771241535346501905e+01 1.592794402023487521e+02
1.035321843295662632e+02 1.600214749806370946e+02
1.096985797892384085e+02 1.611250296932272761e+02
1.162322468679852960e+02 1.509240159421078431e+02
1.231550603292826196e+02 1.524754121392400066e+02
1.304901978014403028e+02 1.543330290177989923e+02
1.382622173764656281e+02 1.454768972057509018e+02
1.464971398307286279e+02 1.477172216418739481e+02
1.552225357427047925e+02 1.501501864214693285e+02
1.644676177994664386e+02 1.420128611079756240e+02
1.742633386009650849e+02 1.448615200058166295e+02
1.846424942895544348e+02 1.373123179231526478e+02
1.956398343517064689e+02 1.403256966683875646e+02
2.072921779595371845e+02 1.436342558655781545e+02
2.196385372416546886e+02 1.366274845788503001e+02
2.327202478960409735e+02 1.400619633421609933e+02
2.465811075822603868e+02 1.336101559608210323e+02
2.612675225563328922e+02 1.371511213417367969e+02
2.768286630392066741e+02 1.409978383558933785e+02
2.933166278390045250e+02 1.347869348123893189e+02
3.107866187782013867e+02 1.387249977254769249e+02
3.292971255097151584e+02 1.328791801459080375e+02
3.489101213406773923e+02 1.369004466872191870e+02
3.696912707195028247e+02 1.313560544602321158e+02
3.917101490809260440e+02 1.354550038688267932e+02
4.150404757850476472e+02 1.398859382893543284e+02
4.397603609302720997e+02 1.343328242188236459e+02
4.659525668664682030e+02 1.388404265222404206e+02
4.937047852839003781e+02 1.334884193342931837e+02
5.231099308056263908e+02 1.380712491265839503e+02
5.542664520663107623e+02 1.328844435479465744e+02
5.872786613189482523e+02 1.375420181982864278e+02
6.222570836730230894e+02 1.324900240331373880e+02
6.593188271333548300e+02 1.372225902096669756e+02
6.985879746785249154e+02 1.322794664549800814e+02
7.401959996915644524e+02 1.370878067740756592e+02
7.842822061337682271e+02 1.322312509505498781e+02
8.309941949353395785e+02 1.371165767326041873e+02
8.804883581643464368e+02 1.323272727107659534e+02
9.329304026284686415e+02 1.372911217536257311e+02
9.884959046625585870e+02 1.325522221969731902e+02
1.047370897959450758e+03 1.375963866990699955e+02
1.109752496412072105e+03 1.328930894154040345e+02
1.175849554052158055e+03 1.380195759133919182e+02
1.245883364295008050e+03 1.333388265007063183e+02
1.320088400831419449e+03 1.287819030582755033e+02
1.398713102647238657e+03 1.338799256351959741e+02
1.482020705798860035e+03 1.293735805072095388e+02
1.570290124729377567e+03 1.345082737653468428e+02
1.663816886076130686e+03 1.300499792659203706e+02
1.762914118095947970e+03 1.352168854930504267e+02
1.867913599020784659e+03 1.308045903235612570e+02
1.979166867853557278e+03 1.359997493392832837e+02
2.097046401323234932e+03 1.316056924097217689e+02
2.221946860939523958e+03 1.368516827965958100e+02
2.354286414322420114e+03 1.324317134306523940e+02
2.494508135230316384e+03 1.280414761748903061e+02
2.643081486974108429e+03 1.333160190080517964e+02
2.800503894183631019e+03 1.289631773320713251e+02
2.967302408188872505e+03 1.342552251689531886e+02
3.144035471591500027e+03 1.299391607691077013e+02
3.331294787934677061e+03 1.352464144263097694e+02
3.529707302730650099e+03 1.309667375821434234e+02
3.739937302478801485e+03 1.362870746435835940e+02
3.962688638701478339e+03 1.319857825011755210e+02
4.198707084443914027e+03 1.373750510180001356e+02
4.448782831127585268e+03 1.330229930959237379e+02
4.713753134116728688e+03 1.287385632707424747e+02
4.994505115855139593e+03 1.341016213720351402e+02
5.291978735958447032e+03 1.298492626778134422e+02
5.607169938205458493e+03 1.352202948737636916e+02
5.941133984965039417e+03 1.310002809535270103e+02
6.294988990221887434e+03 1.363778579789880609e+02
6.669919663030128504e+03 1.321214466472118261e+02
7.067181273927491020e+03 1.375733509662521783e+02
7.488103857590030202e+03 1.332550270912452106e+02
7.934096665797492278e+03 1.290186642353631044e+02
8.406652885618334039e+03 1.344226354364556926e+02
8.907354638610438997e+03 1.302160483269066447e+02
9.437878277775391325e+03 1.356237240048388912e+02
1.000000000000000000e+04 1.314355890450219704e+02
