1.000000000000000021e-03 nan
1.055386103036524146e-03 nan
1.113839826482619470e-03 nan
1.175531073878369843e-03 nan
1.240639159058831839e-03 nan
1.309353327353610878e-03 nan
1.381873305653632221e-03 nan
1.458409882943986291e-03 nan
1.539185522990205385e-03 nan
1.624435010958867089e-03 nan
1.714406135851970214e-03 nan
1.809360410738716568e-03 2.117589355318155953e+00
1.909573832878096698e-03 1.885383708201305852e+00
2.015337685941732959e-03 1.680075915861906299e+00
2.126959386668691738e-03 1.573099988196455135e+00
2.244763378413223813e-03 1.335135813405170957e+00
2.369092074182631985e-03 1.251057074068368635e+00
2.500306851906324013e-03 1.115585936738384909e+00
2.638789104828934487e-03 9.945143030812433338e-01
2.784941350080644140e-03 8.871499058623181222e-01
2.939188398646887333e-03 7.918529098662354659e-01
3.101978590138096837e-03 7.067055472911611957e-01
3.273785095948577185e-03 6.623523488661025027e-01
3.455107294592218038e-03 5.914847928904088947e-01
3.646472223212748626e-03 5.274942645240539019e-01
3.848436109487428890e-03 4.706747217161336705e-01
4.061585988376979588e-03 4.201870890216556909e-01
4.286541408420925167e-03 3.752958958423207592e-01
4.523956232538053901e-03 3.348573644639583069e-01
4.774520538566130907e-03 2.987800599341970953e-01
5.038962625065149942e-03 2.667144527982041047e-01
5.318051128214196926e-03 2.501573220173436418e-01
5.612597255954972046e-03 2.232730280837769143e-01
5.923457145875806254e-03 1.993659189747505056e-01
6.251534353689711630e-03 1.780494494680823492e-01
6.597782479539533035e-03 1.588073168294771853e-01
6.963207939763882935e-03 1.417059303322305286e-01
7.348872892180387945e-03 1.264990920482499392e-01
7.755898323389001994e-03 1.129700031237439450e-01
8.185467307069028281e-03 1.007608130747527503e-01
8.638828442740444438e-03 9.449784515759356018e-02
9.117299484984920863e-03 8.430900450993335238e-02
9.622271173675134986e-03 7.518252396493700640e-02
1.015521127634568151e-02 6.707108003310877087e-02
1.071766885445502894e-02 5.985826506803883229e-02
1.131127876593921409e-02 5.340382762005128209e-02
1.193776641714436315e-02 5.002684720605031499e-02
1.259895277795027198e-02 4.244460349311712788e-02
1.329675967466211958e-02 3.977261514599228498e-02
1.403321537605484691e-02 3.545128505941563118e-02
1.481046048880674780e-02 3.161133919355764432e-02
1.563075417945815684e-02 2.819489555456285851e-02
1.649648074098019820e-02 2.510634350112987342e-02
1.741015652304015240e-02 2.236454575919125110e-02
1.837443724610725651e-02 2.093984213887085249e-02
1.939212572065828963e-02 1.864460529247589579e-02
2.046617999391989878e-02 1.660693466187907266e-02
2.159972194782718360e-02 1.479683848351726755e-02
2.279604637318979887e-02 1.315958153714841782e-02
2.405863054644065760e-02 1.231398909071812660e-02
2.539114433680347144e-02 1.094593055810952689e-02
2.679746087325690987e-02 9.732664506950232039e-03
2.828166780230032332e-02 8.656789831326266310e-03
2.984807916924325788e-02 7.696830377539154444e-03
3.150124795755327584e-02 7.183663520855273696e-03
3.324597932270940276e-02 6.381369223702400804e-03
3.508734455902711574e-02 5.662307083543424019e-03
3.703069584005139192e-02 5.025881578242180972e-03
3.908168177536264221e-02 4.683636065888234674e-03
4.124626382901350197e-02 4.153973441568236009e-03
4.353073364731887412e-02 3.682913085568752937e-03
4.594173134636474198e-02 3.426738433896438230e-03
4.848626481239078079e-02 3.032976325477386957e-03
5.117173007114604599e-02 2.681958586918309004e-03
5.400593278542371173e-02 2.491652437970373526e-03
5.699711094326075089e-02 2.201055355620834802e-03
6.015395880274835433e-02 1.944863095368771708e-03
6.348565216305217251e-02 1.801338586465976895e-03
6.700187503509587306e-02 1.587316244216075822e-03
7.071284778942996119e-02 1.469105194410779639e-03
7.462935686310133432e-02 1.290977622801263696e-03
7.876278611187055578e-02 1.191869525073683232e-03
8.312514989890627815e-02 1.045938452790327097e-03
8.772912801613355627e-02 9.629731259463895996e-04
9.258810253973949467e-02 8.854647915889334855e-04
9.771619672696171821e-02 8.130376814777327127e-04
1.031283160672184784e-01 7.453514455863491763e-04
1.088401916069005465e-01 6.495115130042823605e-04
1.148684256737553672e-01 5.931842727609112605e-04
1.212305401337651634e-01 5.406435831229198987e-04
1.279450273207873301e-01 4.916642998019029763e-04
1.350314037869872197e-01 4.682459166343256804e-04
1.425102670302997865e-01 4.235073493189033347e-04
1.504033553638023657e-01 3.819128180379556103e-04
1.587336111010208550e-01 3.606714569777240702e-04
1.675252472408213789e-01 3.394852000018398438e-04
1.768038178457206899e-01 3.026513255549959655e-04
1.865962923181745947e-01 2.965663994681416770e-04
1.969311337907421744e-01 2.755806110719358237e-04
2.078383818579757347e-01 2.676517492843261971e-04
2.193497398905057960e-01 2.590646374423114851e-04
2.314986671851160804e-01 2.621434948595451606e-04
2.443204762186486634e-01 2.516136600029408410e-04
2.578524352884273840e-01 2.528284912275775755e-04
2.721338768375305972e-01 2.532211238442639797e-04
2.872063117797828413e-01 2.655500487266937177e-04
3.031135501567576163e-01 2.645740668605374023e-04
3.199018284775063670e-01 2.630658053103623840e-04
3.376199441111336630e-01 2.743238800741119301e-04
3.563193971228584278e-01 2.855277346273937399e-04
3.760545399658167809e-01 2.823651785029463899e-04
3.968827354637161631e-01 2.784842982479279944e-04
4.188645235435271008e-01 2.875402820187238323e-04
4.420637972028529927e-01 2.959108874291543358e-04
4.665479882234472853e-01 3.033853429064368979e-04
4.923882631706736346e-01 3.093958370828030994e-04
5.196597302486196668e-01 3.294455090660446768e-04
5.484416576121015074e-01 3.321340421154657797e-04
5.788177037701274230e-01 3.674219897904324947e-04
6.108761607505033275e-01 4.037917225618350417e-04
6.447102107323869902e-01 4.406833883993989420e-04
6.804181968927094371e-01 5.016041253203189047e-04
7.181039092537349067e-01 5.669823577916958479e-04
7.578768863625922059e-01 6.681563491186234870e-04
7.998527336796708020e-01 8.207808708466359177e-04
8.441534596012976177e-01 1.000286768451558866e-03
8.909078300934133443e-01 1.269896077973320251e-03
9.402517429670123050e-01 1.681606688503348070e-03
9.923286228832545186e-01 2.212019128976539482e-03
1.047289838236358461e+00 2.894144125831738662e-03
1.105295141126021008e+00 3.772756146236438263e-03
1.166513131698196259e+00 4.909319002216941570e-03
1.231121748203889643e+00 6.071127051432957666e-03
1.299308784200415845e+00 7.525754766974383260e-03
1.371272434398399520e+00 8.903831768999025120e-03
1.447221870741134397e+00 1.007326135275972596e-02
1.527377850390712499e+00 1.144494658556699171e-02
1.611973357388157169e+00 1.244734090852322311e-02
1.701254279852587370e+00 1.361077482241558612e-02
1.795480124687830470e+00 1.423260736051988433e-02
1.894924771873819802e+00 1.498161553427820522e-02
1.999877270535284968e+00 1.507473635950785582e-02
2.110642679101552677e+00 1.450811922155231456e-02
2.227542951999556209e+00 1.474402492625317453e-02
2.350917875457284367e+00 1.429801245975128796e-02
2.481126055137767850e+00 1.392753352019212437e-02
2.618545958474232549e+00 1.361831072020086922e-02
2.763577014736157356e+00 1.269482104129718292e-02
2.916640776023703641e+00 1.247765621384304933e-02
3.078182142565077051e+00 1.168725930691815081e-02
3.248670655878374891e+00 1.097662489777254113e-02
3.428601863556583140e+00 1.084412839320478793e-02
3.618498759642746698e+00 1.022181716892331393e-02
3.818913304781850204e+00 9.628537021596663206e-03
4.030428030568050879e+00 9.087518605459503004e-03
4.253657732750382614e+00 8.586483516338481309e-03
4.489251258218603269e+00 8.527597599644227977e-03
4.737893390963138884e+00 8.053569716261194458e-03
5.000306842491089476e+00 7.617536048268556959e-03
5.277254352483532251e+00 7.202938882046177292e-03
5.569540905800129948e+00 7.157368107956728516e-03
5.878016072274911963e+00 6.761752490363155677e-03
6.203576476104267989e+00 6.393743905397005108e-03
6.547168402004736265e+00 6.342829329283807167e-03
6.909790545715638110e+00 6.288266936020863937e-03
7.292496916841444410e+00 6.228766789842763406e-03
7.696399902471150689e+00 5.871518194304504827e-03
8.122673500479711706e+00 6.091126796188197495e-03
8.572556731909315886e+00 6.011000681928633203e-03
9.047357242349292505e+00 6.218260644713616454e-03
9.548455102782282822e+00 6.425849353136379484e-03
1.007730682094459773e+01 6.614733812111842429e-03
1.063544957486011278e+01 7.144008884225523832e-03
1.122450568085305811e+01 7.691229824857757566e-03
1.184618730902682415e+01 8.671290550304147637e-03
1.250230145991453412e+01 1.024975147703355120e-02
1.319475521676706009e+01 1.206027998086536129e-02
1.392556128874461940e+01 1.487359410929466226e-02
1.469684386112444408e+01 1.918070949547281620e-02
1.551084476952840596e+01 2.718524949046928138e-02
1.636993001611702070e+01 4.029729069406869091e-02
1.727659664669034711e+01 7.222103664953663515e-02
1.823348000868438490e+01 1.810178109065934682e-01
1.924336141115979970e+01 6.003190942923536388e-01
2.030917620904734733e+01 1.688010830915980032e+00
2.143402233514854416e+01 3.867204346327207443e+00
2.262116930469021625e+01 6.592281547317381474e+00
2.387406771860646870e+01 9.266398205072306382e+00
2.519635929317013634e+01 1.188920014487431054e+01
2.659188744512691116e+01 1.394975297934456115e+01
2.806470846309833078e+01 1.651814132589284512e+01
2.961910329772553396e+01 1.786742303663780262e+01
3.125959000482277972e+01 1.948626340850675831e+01
3.299093687770935901e+01 2.143087086843355848e+01
3.481817630688966148e+01 2.258698617593971747e+01
3.674661940736687882e+01 2.400882450739252860e+01
3.878187145610719710e+01 2.443221430290453000e+01
4.092984818452433871e+01 2.631577660412090225e+01
4.319679297334173640e+01 2.582453315340296029e+01
4.558929499981059053e+01 2.675723309448864740e+01
4.811430839003254789e+01 2.789558510395158919e+01
5.077917243205393305e+01 2.781226547287376150e+01
5.359163290848514549e+01 2.927384299296243597e+01
5.655986461065002402e+01 2.945476753162166261e+01
5.969249509970727274e+01 2.976229597804011817e+01
6.299862978380680545e+01 3.019645772032066233e+01
6.648787838417263174e+01 3.076052111273903833e+01
7.017038286703822791e+01 2.990205271852130053e+01
7.405684692262427404e+01 3.066667914160846564e+01
7.815856707684091020e+01 3.154686284835386800e+01
8.248746552614581162e+01 3.096678658231690662e+01
8.705612479099856671e+01 3.201365994333786347e+01
9.187782428863320661e+01 3.160441569690331320e+01
9.696657893145520291e+01 3.127887425154339951e+01
1.023371798632519187e+02 3.100606780181762190e+01
1.080052374516251774e+02 3.080507351969308516e+01
1.139872266616050211e+02 3.221732615351633910e+01
1.203005349423324191e+02 3.214400089503185143e+01
1.269635127659972795e+02 3.212869561458801115e+01
1.339955269659337205e+02 3.216797142290259615e+01
1.414170170289021087e+02 3.225915412013532801e+01
1.492495545051829140e+02 3.240022596426863544e+01
1.575159057091621264e+02 3.258974094742578842e+01
1.662400978926610264e+02 3.282675933173726435e+01
1.754474890833459710e+02 3.311079725190165846e+01
1.851648417912153946e+02 3.183066272680283859e+01
1.954204007974051365e+02 3.217271352828214503e+01
2.062439752514088411e+02 3.255789113983322380e+01
2.176670253153459100e+02 3.298706635937823251e+01
2.297227536071151235e+02 3.184853886071526219e+01
2.424462017082325929e+02 3.231965101881122138e+01
2.558743520168583814e+02 3.283419601807750610e+01
2.700462352420682350e+02 3.178753526049653644e+01
2.850030438518105029e+02 3.233642898188104198e+01
3.007882518043095956e+02 3.292972585940961494e+01
3.174477409109186965e+02 3.194649582917318398e+01
3.350299341977229801e+02 3.256957061702857459e+01
3.535859366535175923e+02 3.164750288043304494e+01
3.731696837732748122e+02 3.229767564316796324e+01
3.938380983288481048e+02 3.299458389837448635e+01
4.156512558225987846e+02 3.210147236413377669e+01
4.386725591048494266e+02 3.282398893081671787e+01
4.629689226627258449e+02 3.197088828764102431e+01
4.886109671160326116e+02 3.271789472538226562e+01
5.156732244854963483e+02 3.189777756313328538e+01
5.442343548300260636e+02 3.266855996069035228e+01
5.743773748826574774e+02 3.187549954365009697e+01
6.061898993497571837e+02 3.266965784141714835e+01
6.397643955748424105e+02 3.189860293819835846e+01
6.751984523072494540e+02 3.271598437267473258e+01
7.125950633568396597e+02 3.196258635694280059e+01
7.520629269592407127e+02 3.280323608280797032e+01
7.937167617217542102e+02 3.206371463747620965e+01
8.376776400682906569e+02 3.292783896151337331e+01
8.840733401525044428e+02 3.219887672313809190e+01
9.330387172620360161e+02 3.308681560609546324e+01
9.847160957933764394e+02 3.236547482126972852e+01
1.039255682936711082e+03 3.168203027700647212e+01
1.096816005273137989e+03 3.256133588632509657e+01
1.157564369553303550e+03 3.188160593897201522e+01
1.221677348996790670e+03 3.278464250347849429e+01
1.289341296525713005e+03 3.210649667260357631e+01
1.360752886424333155e+03 3.303387711814333727e+01
1.436119685999077319e+03 3.235537104444581047e+01
1.515660758900601195e+03 3.170918771099324829e+01
1.599607301861484530e+03 3.262712160789935467e+01
1.688203316700362848e+03 3.197824133658000179e+01
1.781706319545728775e+03 3.292083367786465686e+01
1.880388089340912757e+03 3.226774373436226995e+01
1.984535457805799069e+03 3.164400044641688581e+01
2.094451143151468841e+03 3.257704138561333451e+01
2.210454629971019131e+03 3.194746428139902150e+01
2.332883097864153569e+03 3.290561170962674709e+01
2.462092401494625392e+03 3.226897018870091927e+01
2.598458104929247384e+03 3.165961008331833426e+01
2.742376573264946728e+03 3.260816672262145488e+01
2.894266124716745708e+03 3.199060545988531246e+01
3.054568246515431838e+03 3.296479464311813246e+01
3.223748878149026950e+03 3.233798936361004195e+01
3.402299765678064432e+03 3.173704771809858727e+01
3.590739891061047729e+03 3.270161812768553489e+01
3.789616980644716023e+03 3.209063893960285441e+01
3.999509097203661440e+03 3.150428654850199450e+01
4.221026320156894144e+03 3.245948486398122412e+01
4.454812518844979422e+03 3.186247044112153759e+01
4.701547224022129740e+03 3.284358979575130633e+01
4.961947603002898177e+03 3.223507605255623076e+01
5.236770544204644466e+03 3.165047970289907298e+01
5.526814857144591770e+03 3.262217007377791589e+01
5.832923594286199659e+03 3.202565038074613568e+01
6.155986501483501343e+03 3.145218190023248539e+01
6.496942604146111080e+03 3.241465264282355463e+01
6.856782936641738161e+03 3.182893617935594577e+01
7.236553422869649694e+03 3.281764256931707280e+01
7.637357916378011396e+03 3.221895790787080927e+01
8.060361408861328528e+03 3.164304558997111627e+01
8.506793416364153018e+03 3.262243760018742478e+01
8.977951553033313758e+03 3.203335507432301199e+01
9.475205302806527470e+03 3.146640584155206000e+01
1.000000000000000000e+04 3.243666173798637686e+01
