1.000000000000000021e-03 nan
1.055386103036524146e-03 nan
1.113839826482619470e-03 nan
1.175531073878369843e-03 nan
1.240639159058831839e-03 nan
1.309353327353610878e-03 nan
1.381873305653632221e-03 nan
1.458409882943986291e-03 nan
1.539185522990205385e-03 nan
1.624435010958867089e-03 nan
1.714406135851970214e-03 nan
1.809360410738716568e-03 nan
1.909573832878096698e-03 nan
2.015337685941732959e-03 nan
2.126959386668691738e-03 nan
2.244763378413223813e-03 nan
2.369092074182631985e-03 nan
2.500306851906324013e-03 nan
2.638789104828934487e-03 nan
2.784941350080644140e-03 nan
2.939188398646887333e-03 nan
3.101978590138096837e-03 nan
3.273785095948577185e-03 nan
3.455107294592218038e-03 nan
3.646472223212748626e-03 nan
3.848436109487428890e-03 nan
4.061585988376979588e-03 nan
4.286541408420925167e-03 nan
4.523956232538053901e-03 nan
4.774520538566130907e-03 nan
5.038962625065149942e-03 nan
5.318051128214196926e-03 nan
5.612597255954972046e-03 nan
5.923457145875806254e-03 nan
6.251534353689711630e-03 nan
6.597782479539533035e-03 nan
6.963207939763882935e-03 nan
7.348872892180387945e-03 nan
7.755898323389001994e-03 nan
8.185467307069028281e-03 nan
8.638828442740444438e-03 nan
9.117299484984920863e-03 nan
9.622271173675134986e-03 nan
1.015521127634568151e-02 nan
1.071766885445502894e-02 nan
1.131127876593921409e-02 nan
1.193776641714436315e-02 nan
1.259895277795027198e-02 nan
1.329675967466211958e-02 nan
1.403321537605484691e-02 nan
1.481046048880674780e-02 nan
1.563075417945815684e-02 nan
1.649648074098019820e-02 4.512332759006964807e+03
1.741015652304015240e-02 nan
1.837443724610725651e-02 nan
1.939212572065828963e-02 6.988994325597727766e+03
2.046617999391989878e-02 6.222209575567302636e+03
2.159972194782718360e-02 5.542658688440404148e+03
2.279604637318979887e-02 5.268486255532760879e+03
2.405863054644065760e-02 4.391729560942389071e+03
2.539114433680347144e-02 3.910482168568156339e+03
2.679746087325690987e-02 3.484140609518481597e+03
2.828166780230032332e-02 3.102356640249942757e+03
2.984807916924325788e-02 3.825070329152542570e+01
3.150124795755327584e-02 2.783250342219832874e+01
3.324597932270940276e-02 2.023608547433953220e+01
3.508734455902711574e-02 1.677544172670744160e+01
3.703069584005139192e-02 1.389659038543363145e+01
3.908168177536264221e-02 1.150333009591888001e+01
4.124626382901350197e-02 9.515222564426110807e+00
4.353073364731887412e-02 8.395724657646589151e+00
4.594173134636474198e-02 6.931014178307411733e+00
4.848626481239078079e-02 6.107394976180415824e+00
5.117173007114604599e-02 5.379533582319467655e+00
5.400593278542371173e-02 4.727523649812027884e+00
5.699711094326075089e-02 4.155547859754151752e+00
6.015395880274835433e-02 3.645109633556354645e+00
6.348565216305217251e-02 3.194872301595899522e+00
6.700187503509587306e-02 2.797265770665763096e+00
7.071284778942996119e-02 2.444150723728907071e+00
7.462935686310133432e-02 2.278602943972654504e+00
7.876278611187055578e-02 1.986561738965853419e+00
8.312514989890627815e-02 1.727140314388884157e+00
8.772912801613355627e-02 1.602214345142546348e+00
9.258810253973949467e-02 1.388139016270702797e+00
9.771619672696171821e-02 1.281579188148312509e+00
1.031283160672184784e-01 1.180529928509792104e+00
1.088401916069005465e-01 1.015930296010046696e+00
1.148684256737553672e-01 9.308151254190649704e-01
1.212305401337651634e-01 8.500043787764688386e-01
1.279450273207873301e-01 7.733484040947476990e-01
1.350314037869872197e-01 7.007395204786442955e-01
1.425102670302997865e-01 6.321071631435728477e-01
1.504033553638023657e-01 5.674136761063895973e-01
1.587336111010208550e-01 5.415670197744966163e-01
1.675252472408213789e-01 4.800889885544902813e-01
1.768038178457206899e-01 4.518665396724921290e-01
1.865962923181745947e-01 4.213564737532246030e-01
1.969311337907421744e-01 3.895433242116669859e-01
2.078383818579757347e-01 3.566414234117198934e-01
2.193497398905057960e-01 3.453466623443728900e-01
2.314986671851160804e-01 3.098030799486493070e-01
2.443204762186486634e-01 2.935312063748748423e-01
2.578524352884273840e-01 2.759076459676313986e-01
2.721338768375305972e-01 2.575139421917573834e-01
2.872063117797828413e-01 2.549130398049468949e-01
3.031135501567576163e-01 2.354108216644658635e-01
3.199018284775063670e-01 2.313117291408225973e-01
3.376199441111336630e-01 2.126179189297250083e-01
3.563193971228584278e-01 2.084451981675163046e-01
3.760545399658167809e-01 1.913451959145978098e-01
3.968827354637161631e-01 1.755279479774633500e-01
4.188645235435271008e-01 1.715783285037950079e-01
4.420637972028529927e-01 1.564636310947437603e-01
4.665479882234472853e-01 1.514120280353473125e-01
4.923882631706736346e-01 1.449846147185949730e-01
5.196597302486196668e-01 1.463662847152806812e-01
5.484416576121015074e-01 1.453656706164863088e-01
5.788177037701274230e-01 1.516198188975330929e-01
6.108761607505033275e-01 1.553870817401690196e-01
6.447102107323869902e-01 1.673668036263067926e-01
6.804181968927094371e-01 1.894242161007614889e-01
7.181039092537349067e-01 2.109581310787456698e-01
7.578768863625922059e-01 2.307912481557372886e-01
7.998527336796708020e-01 2.647512673270407957e-01
8.441534596012976177e-01 3.183851351563402043e-01
8.909078300934133443e-01 4.017643201225408744e-01
9.402517429670123050e-01 4.990732363707534036e-01
9.923286228832545186e-01 6.545410302962400007e-01
1.047289838236358461e+00 8.526436776545200935e-01
1.105295141126021008e+00 1.109075930857372771e+00
1.166513131698196259e+00 1.449783051272285572e+00
1.231121748203889643e+00 1.792865939490893679e+00
1.299308784200415845e+00 2.243150186436819737e+00
1.371272434398399520e+00 2.671429826340110392e+00
1.447221870741134397e+00 3.234964866050277887e+00
1.527377850390712499e+00 3.492698585967120462e+00
1.611973357388157169e+00 3.832749459288853355e+00
1.701254279852587370e+00 3.745674245657018897e+00
1.795480124687830470e+00 3.708942095977434850e+00
1.894924771873819802e+00 3.721592201034971570e+00
1.999877270535284968e+00 3.533327745390044239e+00
2.110642679101552677e+00 3.175099524468698142e+00
2.227542951999556209e+00 3.074441113340057097e+00
2.350917875457284367e+00 2.807991480984617816e+00
2.481126055137767850e+00 2.582356698128413619e+00
2.618545958474232549e+00 2.387202279427487639e+00
2.763577014736157356e+00 2.075407259969816565e+00
2.916640776023703641e+00 1.937138069120321937e+00
3.078182142565077051e+00 1.813680148563680428e+00
3.248670655878374891e+00 1.593694238560840581e+00
3.428601863556583140e+00 1.500462486503431947e+00
3.618498759642746698e+00 1.413755154658090429e+00
3.818913304781850204e+00 1.250183018875387964e+00
4.030428030568050879e+00 1.180731675531828229e+00
4.253657732750382614e+00 1.117081674958303239e+00
4.489251258218603269e+00 1.056164992191120922e+00
4.737893390963138884e+00 9.355103363801950955e-01
5.000306842491089476e+00 8.836845797745285225e-01
5.277254352483532251e+00 8.347060563886361528e-01
5.569540905800129948e+00 7.878150699232296938e-01
5.878016072274911963e+00 7.417271728724645907e-01
6.203576476104267989e+00 7.449869592916603667e-01
6.547168402004736265e+00 6.990629973237761918e-01
6.909790545715638110e+00 6.541587769054881818e-01
7.292496916841444410e+00 6.514541072625503748e-01
7.696399902471150689e+00 6.458651327906106410e-01
8.122673500479711706e+00 6.366847556404923170e-01
8.572556731909315886e+00 6.234295117001257269e-01
9.047357242349292505e+00 6.469822152229588452e-01
9.548455102782282822e+00 7.085461295102915003e-01
1.007730682094459773e+01 7.648049955606454064e-01
1.063544957486011278e+01 9.267111272674618538e-01
1.122450568085305811e+01 1.174633985077787823e+00
1.184618730902682415e+01 1.552875370688109768e+00
1.250230145991453412e+01 2.428936547726605166e+00
1.319475521676706009e+01 5.074141218067427239e+00
1.392556128874461940e+01 3.689088140803414717e+02
1.469684386112444408e+01 3.984744631820337304e+02
1.551084476952840596e+01 4.423316877319254559e+02
1.636993001611702070e+01 5.043046876721196554e+02
1.727659664669034711e+01 5.522850179944189222e+02
1.823348000868438490e+01 5.802060268572544146e+02
1.924336141115979970e+01 6.244317352898015088e+02
2.030917620904734733e+01 6.875062257061623541e+02
2.143402233514854416e+01 7.241966073168176763e+02
2.262116930469021625e+01 7.778189060516044719e+02
2.387406771860646870e+01 7.970647108695965244e+02
2.519635929317013634e+01 8.309439303040657023e+02
2.659188744512691116e+01 8.813860971501231916e+02
2.806470846309833078e+01 9.497227616369619909e+02
2.961910329772553396e+01 9.708142384536007512e+02
3.125959000482277972e+01 1.006404141221015493e+03
3.299093687770935901e+01 1.057005832023566199e+03
3.481817630688966148e+01 1.051399403315095469e+03
3.674661940736687882e+01 1.129440251762197249e+03
3.878187145610719710e+01 1.147637667494070683e+03
4.092984818452433871e+01 1.176639526750729146e+03
4.319679297334173640e+01 1.218017148679196453e+03
4.558929499981059053e+01 1.190011862376578392e+03
4.811430839003254789e+01 1.252954283809740900e+03
5.077917243205393305e+01 1.242909381145648922e+03
5.359163290848514549e+01 1.325738719646567461e+03
5.655986461065002402e+01 1.332997237103395719e+03
5.969249509970727274e+01 1.348669390226824817e+03
6.299862978380680545e+01 1.284003862362309292e+03
6.648787838417263174e+01 1.312887645571984876e+03
7.017038286703822791e+01 1.349828882471429097e+03
7.405684692262427404e+01 1.304238314214381944e+03
7.815856707684091020e+01 1.353119507424444919e+03
8.248746552614581162e+01 1.318483895398153436e+03
8.705612479099856671e+01 1.379199015336909042e+03
9.187782428863320661e+01 1.354171302965406539e+03
9.696657893145520291e+01 1.334045221022786336e+03
1.023371798632519187e+02 1.318684017607239184e+03
1.080052374516251774e+02 1.397288423583045187e+03
1.139872266616050211e+02 1.389565938169663923e+03
1.203005349423324191e+02 1.385510681232115530e+03
1.269635127659972795e+02 1.384852790353438422e+03
1.339955269659337205e+02 1.387384682444715736e+03
1.414170170289021087e+02 1.303361385659474081e+03
1.492495545051829140e+02 1.311409357640379312e+03
1.575159057091621264e+02 1.322175992139641039e+03
1.662400978926610264e+02 1.335634100150580252e+03
1.754474890833459710e+02 1.351788036259557430e+03
1.851648417912153946e+02 1.282205319458415488e+03
1.954204007974051365e+02 1.301285762470824920e+03
2.062439752514088411e+02 1.322882958322931472e+03
2.176670253153459100e+02 1.347092645066609293e+03
2.297227536071151235e+02 1.285090832935443814e+03
2.424462017082325929e+02 1.311345179437437537e+03
2.558743520168583814e+02 1.340249763896751347e+03
2.700462352420682350e+02 1.283208559587165610e+03
2.850030438518105029e+02 1.313776396014450029e+03
3.007882518043095956e+02 1.261264519588836038e+03
3.174477409109186965e+02 1.293295662229668551e+03
3.350299341977229801e+02 1.328114008357961211e+03
3.535859366535175923e+02 1.277801722371887990e+03
3.731696837732748122e+02 1.313971601417189277e+03
3.938380983288481048e+02 1.266519012239891026e+03
4.156512558225987846e+02 1.303971302118312224e+03
4.386725591048494266e+02 1.258841623619296115e+03
4.629689226627258449e+02 1.297538345802710182e+03
4.886109671160326116e+02 1.254291216730617407e+03
5.156732244854963483e+02 1.294217565591465018e+03
5.442343548300260636e+02 1.252486684262677727e+03
5.743773748826574774e+02 1.293645364324479488e+03
6.061898993497571837e+02 1.253122003273844712e+03
6.397643955748424105e+02 1.295529356083713083e+03
6.751984523072494540e+02 1.255950009264018263e+03
7.125950633568396597e+02 1.299633243500705703e+03
7.520629269592407127e+02 1.260770151274987938e+03
7.937167617217542102e+02 1.222498095013638476e+03
8.376776400682906569e+02 1.267419258382330781e+03
8.840733401525044428e+02 1.230080059769997888e+03
9.330387172620360161e+02 1.275764473481683581e+03
9.847160957933764394e+02 1.239321322862222587e+03
1.039255682936711082e+03 1.285697801995590225e+03
1.096816005273137989e+03 1.250125017766280507e+03
1.157564369553303550e+03 1.214248216604864183e+03
1.221677348996790670e+03 1.261610940501878986e+03
1.289341296525713005e+03 1.226447299168322616e+03
1.360752886424333155e+03 1.274343680864887119e+03
1.436119685999077319e+03 1.239953753171295375e+03
1.515660758900601195e+03 1.288342544153745166e+03
1.599607301861484530e+03 1.254469347633913912e+03
1.688203316700362848e+03 1.220321790300372641e+03
1.781706319545728775e+03 1.269342710791886475e+03
1.880388089340912757e+03 1.235909905638167857e+03
1.984535457805799069e+03 1.285330825960258153e+03
2.094451143151468841e+03 1.252515518092511911e+03
2.210454629971019131e+03 1.219207372533424405e+03
2.332883097864153569e+03 1.269082856717515369e+03
2.462092401494625392e+03 1.236455456531065010e+03
2.598458104929247384e+03 1.204248439539023593e+03
2.742376573264946728e+03 1.254481622413984041e+03
2.894266124716745708e+03 1.221893212986892195e+03
3.054568246515431838e+03 1.272433128569230121e+03
3.223748878149026950e+03 1.240508522398891273e+03
3.402299765678064432e+03 1.208667469734756878e+03
3.590739891061047729e+03 1.259465363671924024e+03
3.789616980644716023e+03 1.227515613223274613e+03
3.999509097203661440e+03 1.278582343602754236e+03
4.221026320156894144e+03 1.247291662513873462e+03
4.454812518844979422e+03 1.215560632135062178e+03
4.701547224022129740e+03 1.266812649591042145e+03
4.961947603002898177e+03 1.235447515544070939e+03
5.236770544204644466e+03 1.204479274654901701e+03
5.526814857144591770e+03 1.255873453492018825e+03
5.832923594286199659e+03 1.224419530108254321e+03
6.155986501483501343e+03 1.276042874845653614e+03
6.496942604146111080e+03 1.245227713996823240e+03
6.856782936641738161e+03 1.214083492714783006e+03
7.236553422869649694e+03 1.265805529211982275e+03
7.637357916378011396e+03 1.234867791208624567e+03
8.060361408861328528e+03 1.204336674061317581e+03
8.506793416364153018e+03 1.256130272607792904e+03
8.977951553033313758e+03 1.225062896103484036e+03
9.475205302806527470e+03 1.277060611409558533e+03
1.000000000000000000e+04 1.246624614044822010e+03
