1.000000000000000021e-03 nan
1.055386103036524146e-03 nan
1.113839826482619470e-03 nan
1.175531073878369843e-03 nan
1.240639159058831839e-03 nan
1.309353327353610878e-03 nan
1.381873305653632221e-03 nan
1.458409882943986291e-03 nan
1.539185522990205385e-03 nan
1.624435010958867089e-03 nan
1.714406135851970214e-03 nan
1.809360410738716568e-03 nan
1.909573832878096698e-03 nan
2.015337685941732959e-03 nan
2.126959386668691738e-03 nan
2.244763378413223813e-03 nan
2.369092074182631985e-03 nan
2.500306851906324013e-03 nan
2.638789104828934487e-03 nan
2.784941350080644140e-03 nan
2.939188398646887333e-03 nan
3.101978590138096837e-03 nan
3.273785095948577185e-03 nan
3.455107294592218038e-03 nan
3.646472223212748626e-03 nan
3.848436109487428890e-03 nan
4.061585988376979588e-03 nan
4.286541408420925167e-03 nan
4.523956232538053901e-03 nan
4.774520538566130907e-03 nan
5.038962625065149942e-03 nan
5.318051128214196926e-03 nan
5.612597255954972046e-03 nan
5.923457145875806254e-03 nan
6.251534353689711630e-03 nan
6.597782479539533035e-03 nan
6.963207939763882935e-03 nan
7.348872892180387945e-03 nan
7.755898323389001994e-03 nan
8.185467307069028281e-03 nan
8.638828442740444438e-03 nan
9.117299484984920863e-03 nan
9.622271173675134986e-03 nan
1.015521127634568151e-02 nan
1.071766885445502894e-02 nan
1.131127876593921409e-02 nan
1.193776641714436315e-02 nan
1.259895277795027198e-02 nan
1.329675967466211958e-02 nan
1.403321537605484691e-02 nan
1.481046048880674780e-02 nan
1.563075417945815684e-02 nan
1.649648074098019820e-02 nan
1.741015652304015240e-02 nan
1.837443724610725651e-02 nan
1.939212572065828963e-02 nan
2.046617999391989878e-02 nan
2.159972194782718360e-02 nan
2.279604637318979887e-02 nan
2.405863054644065760e-02 nan
2.539114433680347144e-02 nan
2.679746087325690987e-02 nan
2.828166780230032332e-02 3.314859546043260963e+01
2.984807916924325788e-02 2.277614622717023707e+01
3.150124795755327584e-02 1.684581170671352979e+01
3.324597932270940276e-02 1.458612672583604208e+01
3.508734455902711574e-02 1.255074000837688608e+01
3.703069584005139192e-02 1.072759693361358302e+01
3.908168177536264221e-02 9.893785580928097900e+00
4.124626382901350197e-02 9.055126915773614726e+00
4.353073364731887412e-02 8.218303076938536122e+00
4.594173134636474198e-02 7.394151618085644806e+00
4.848626481239078079e-02 7.150634063097277782e+00
5.117173007114604599e-02 6.848156497477241977e+00
5.400593278542371173e-02 7.044262053091358666e+00
5.699711094326075089e-02 6.597559380596794476e+00
6.015395880274835433e-02 6.647090765113036426e+00
6.348565216305217251e-02 6.638734840447138019e+00
6.700187503509587306e-02 6.586980000735495722e+00
7.071284778942996119e-02 6.510497051503607580e+00
7.462935686310133432e-02 5.918004237890981400e+00
7.876278611187055578e-02 5.385116618570519265e+00
8.312514989890627815e-02 4.910822349199090553e+00
8.772912801613355627e-02 3.802245328757571485e+00
9.258810253973949467e-02 3.200563685284482762e+00
9.771619672696171821e-02 2.481327042738034283e+00
1.031283160672184784e-01 2.089413967504871295e+00
1.088401916069005465e-01 1.758092391595248882e+00
1.148684256737553672e-01 1.603669081800713547e+00
1.212305401337651634e-01 1.340429028695293789e+00
1.279450273207873301e-01 1.208325896870356519e+00
1.350314037869872197e-01 1.169156861161264382e+00
1.425102670302997865e-01 1.115352629840979271e+00
1.504033553638023657e-01 1.044085703660923015e+00
1.587336111010208550e-01 1.041902387042269229e+00
1.675252472408213789e-01 1.019557375454586801e+00
1.768038178457206899e-01 1.063908853634386809e+00
1.865962923181745947e-01 1.092419895946904473e+00
1.969311337907421744e-01 1.104819979630688564e+00
2.078383818579757347e-01 1.195629908461005808e+00
2.193497398905057960e-01 1.272824886429039903e+00
2.314986671851160804e-01 1.446438049587818631e+00
2.443204762186486634e-01 1.611077544249707616e+00
2.578524352884273840e-01 1.910749768544687033e+00
2.721338768375305972e-01 2.413485552779955690e+00
2.872063117797828413e-01 3.253184461304343689e+00
3.031135501567576163e-01 4.682645422733513918e+00
3.199018284775063670e-01 7.834481310337764626e+00
3.376199441111336630e-01 1.030336660663721432e+03
3.563193971228584278e-01 1.030967983342323350e+03
3.760545399658167809e-01 1.084557861087107312e+03
3.968827354637161631e-01 1.097433485502859412e+03
4.188645235435271008e-01 1.152589400101251840e+03
4.420637972028529927e-01 1.151360920762198475e+03
4.665479882234472853e-01 1.285525638147021937e+03
4.923882631706736346e-01 1.246843629110498568e+03
5.196597302486196668e-01 1.343329730724740330e+03
5.484416576121015074e-01 1.358209039885370203e+03
5.788177037701274230e-01 1.397507068197689705e+03
6.108761607505033275e-01 1.460347639384099011e+03
6.447102107323869902e-01 1.547013486753862480e+03
6.804181968927094371e-01 1.658184921194982735e+03
7.181039092537349067e-01 1.797248117125287763e+03
7.578768863625922059e-01 1.810661051281549135e+03
7.998527336796708020e-01 1.999020245550637810e+03
8.441534596012976177e-01 2.045828013721512662e+03
8.909078300934133443e-01 2.290590215725536382e+03
9.402517429670123050e-01 2.375937585694099198e+03
9.923286228832545186e-01 2.689925314630317644e+03
1.047289838236358461e+00 2.817851242481797271e+03
1.105295141126021008e+00 2.963801476138510679e+03
1.166513131698196259e+00 3.397448102213136735e+03
1.231121748203889643e+00 3.598451172115687314e+03
1.299308784200415845e+00 4.150255823652807521e+03
1.371272434398399520e+00 4.415319178037954771e+03
1.447221870741134397e+00 5.112705405944680024e+03
1.527377850390712499e+00 5.930671302109937642e+03
1.611973357388157169e+00 6.887791438467840635e+03
1.701254279852587370e+00 8.688549593091689530e+03
1.795480124687830470e+00 1.096145240626422674e+04
1.894924771873819802e+00 1.382634160383349445e+04
1.999877270535284968e+00 1.893512950560563695e+04
2.110642679101552677e+00 2.199220710474769658e+04
2.227542951999556209e+00 2.774854954955974608e+04
2.350917875457284367e+00 2.968526384898470860e+04
2.481126055137767850e+00 3.452239063114101009e+04
2.618545958474232549e+00 3.699611892054838972e+04
2.763577014736157356e+00 3.967669693874852965e+04
2.916640776023703641e+00 4.257754914164451475e+04
3.078182142565077051e+00 4.571714353316614142e+04
3.248670655878374891e+00 4.908563394944682659e+04
3.428601863556583140e+00 5.272137304214292089e+04
3.618498759642746698e+00 5.214653883295322885e+04
3.818913304781850204e+00 5.603120434461594414e+04
4.030428030568050879e+00 6.021939777580078226e+04
4.253657732750382614e+00 5.959254634167038603e+04
4.489251258218603269e+00 6.405070237669898052e+04
4.737893390963138884e+00 6.884205346004724561e+04
5.000306842491089476e+00 6.807086534794128966e+04
5.277254352483532251e+00 1.449409481658818066e+01
5.569540905800129948e+00 1.210909057687525880e+01
5.878016072274911963e+00 1.096478814499096543e+01
6.203576476104267989e+00 9.921597505846875720e+00
6.547168402004736265e+00 9.744013167116838403e+00
6.909790545715638110e+00 9.566113173617679877e+00
7.292496916841444410e+00 8.638891610822312828e+00
7.696399902471150689e+00 8.464955351481362911e+00
8.122673500479711706e+00 8.292427583508766631e+00
8.572556731909315886e+00 8.121622562218481889e+00
9.047357242349292505e+00 7.949129285726989735e+00
9.548455102782282822e+00 7.773619821634724758e+00
1.007730682094459773e+01 7.601168885757293658e+00
1.063544957486011278e+01 7.431969578785098562e+00
1.122450568085305811e+01 7.259648549044011467e+00
1.184618730902682415e+01 7.088810315932391859e+00
1.250230145991453412e+01 6.922146776749169561e+00
1.319475521676706009e+01 6.757452352004328588e+00
1.392556128874461940e+01 6.590933399008717331e+00
1.469684386112444408e+01 6.429272881247805493e+00
1.551084476952840596e+01 6.272462683301808894e+00
1.636993001611702070e+01 6.640321282207186648e+00
1.727659664669034711e+01 6.471083438779023922e+00
1.823348000868438490e+01 6.307487260812702168e+00
1.924336141115979970e+01 6.143378189397194156e+00
2.030917620904734733e+01 5.982934121724599486e+00
2.143402233514854416e+01 6.331474048611835492e+00
2.262116930469021625e+01 6.163323393154906960e+00
2.387406771860646870e+01 5.998216732638475435e+00
2.519635929317013634e+01 5.839539366562974898e+00
2.659188744512691116e+01 5.682773303994332004e+00
2.806470846309833078e+01 6.005006675975977259e+00
2.961910329772553396e+01 5.843045283169168158e+00
3.125959000482277972e+01 5.683493659284295063e+00
3.299093687770935901e+01 6.004332529831508225e+00
3.481817630688966148e+01 5.839825196385538320e+00
3.674661940736687882e+01 5.677843913124725361e+00
3.878187145610719710e+01 5.519431868498818616e+00
4.092984818452433871e+01 5.830783615953540888e+00
4.319679297334173640e+01 5.666706759080353706e+00
4.558929499981059053e+01 5.506976449875668145e+00
4.811430839003254789e+01 5.816753193392144361e+00
5.077917243205393305e+01 5.650887686996143522e+00
5.359163290848514549e+01 5.490342550827672419e+00
5.655986461065002402e+01 5.337211147365538366e+00
5.969249509970727274e+01 5.631109732326143202e+00
6.299862978380680545e+01 5.470186332215692282e+00
6.648787838417263174e+01 5.316824063776335763e+00
7.017038286703822791e+01 5.608013506639973222e+00
7.405684692262427404e+01 5.447086728447938064e+00
7.815856707684091020e+01 5.292842586158243101e+00
8.248746552614581162e+01 5.582160619904573906e+00
8.705612479099856671e+01 5.421549552487610946e+00
9.187782428863320661e+01 5.266396603865374004e+00
9.696657893145520291e+01 5.554039175048699484e+00
1.023371798632519187e+02 5.394013198479638227e+00
1.080052374516251774e+02 5.238112241209277542e+00
1.139872266616050211e+02 5.524070361024298492e+00
1.203005349423324191e+02 5.364855089149565437e+00
1.269635127659972795e+02 5.208345512630446095e+00
1.339955269659337205e+02 5.492615416502859560e+00
1.414170170289021087e+02 5.334398300940738302e+00
1.492495545051829140e+02 5.177400463642550577e+00
1.575159057091621264e+02 5.459982593578370569e+00
1.662400978926610264e+02 5.302409225797051207e+00
1.754474890833459710e+02 5.145535538583212443e+00
1.851648417912153946e+02 5.426433713058439245e+00
1.954204007974051365e+02 5.268483577369450721e+00
2.062439752514088411e+02 5.554768633771458575e+00
2.176670253153459100e+02 5.392190308281556099e+00
2.297227536071151235e+02 5.233949114227973709e+00
2.424462017082325929e+02 5.518491400489123677e+00
2.558743520168583814e+02 5.357439137751113911e+00
2.700462352420682350e+02 5.198980329042953485e+00
2.850030438518105029e+02 5.481789919023272617e+00
3.007882518043095956e+02 5.322337114054471741e+00
3.174477409109186965e+02 5.163723582028907799e+00
3.350299341977229801e+02 5.444812204751642959e+00
3.535859366535175923e+02 5.285693969300372608e+00
3.731696837732748122e+02 5.128301237576091687e+00
3.938380983288481048e+02 5.407681943403902736e+00
4.156512558225987846e+02 5.248458101383397079e+00
4.386725591048494266e+02 5.092815272553096406e+00
4.629689226627258449e+02 5.370502165202158729e+00
4.886109671160326116e+02 5.211217391070752214e+00
5.156732244854963483e+02 5.494160478749835264e+00
5.442343548300260636e+02 5.333358355941330231e+00
5.743773748826574774e+02 5.174051035972712320e+00
6.061898993497571837e+02 5.455252889703631425e+00
6.397643955748424105e+02 5.295477536406263397e+00
6.751984523072494540e+02 5.137024372120611027e+00
7.125950633568396597e+02 5.416501552277094511e+00
7.520629269592407127e+02 5.256726167679719453e+00
7.937167617217542102e+02 5.100191055550882702e+00
8.376776400682906569e+02 5.377960566647480789e+00
8.840733401525044428e+02 5.218213052891381487e+00
9.330387172620360161e+02 5.501238424118853665e+00
9.847160957933764394e+02 5.339674063906942436e+00
1.039255682936711082e+03 5.179978615527232932e+00
1.096816005273137989e+03 5.461251538540921047e+00
1.157564369553303550e+03 5.301108971090428668e+00
1.221677348996790670e+03 5.142055519930208263e+00
1.289341296525713005e+03 5.421594473843812878e+00
1.360752886424333155e+03 5.261511171350846894e+00
1.436119685999077319e+03 5.104469897719179805e+00
1.515660758900601195e+03 5.382293452880711371e+00
1.599607301861484530e+03 5.222287757540846620e+00
1.688203316700362848e+03 5.067242417579626235e+00
1.781706319545728775e+03 5.343369186884801003e+00
1.880388089340912757e+03 5.183457255452142753e+00
1.984535457805799069e+03 5.464778095398769686e+00
2.094451143151468841e+03 5.304430881777631335e+00
2.210454629971019131e+03 5.145033896258476958e+00
2.332883097864153569e+03 5.424615538787522340e+00
2.462092401494625392e+03 5.264360628991071600e+00
2.598458104929247384e+03 5.107028342243179253e+00
2.742376573264946728e+03 5.384890236344625158e+00
2.894266124716745708e+03 5.224740601667599016e+00
3.054568246515431838e+03 5.069448281463048822e+00
3.223748878149026950e+03 5.345609752948787374e+00
3.402299765678064432e+03 5.185577052811295218e+00
3.590739891061047729e+03 5.466933055278980547e+00
3.789616980644716023e+03 5.306471758282776285e+00
3.999509097203661440e+03 5.146873916231231583e+00
4.221026320156894144e+03 5.426487735584469618e+00
4.454812518844979422e+03 5.266137059880938942e+00
4.701547224022129740e+03 5.108633226864060184e+00
4.961947603002898177e+03 5.386524793354845464e+00
5.236770544204644466e+03 5.226294729203255329e+00
5.526814857144591770e+03 5.070855433816087832e+00
5.832923594286199659e+03 5.347044470906280544e+00
6.155986501483501343e+03 5.186944163739115154e+00
6.496942604146111080e+03 5.468328297754749379e+00
6.856782936641738161e+03 5.307803195053531375e+00
7.236553422869649694e+03 5.148083589812365801e+00
7.637357916378011396e+03 5.427723787124213217e+00
8.060361408861328528e+03 5.267319433822089003e+00
8.506793416364153018e+03 5.109710234114574590e+00
8.977951553033313758e+03 5.387626687849055074e+00
9.475205302806527470e+03 5.227351411286896621e+00
1.000000000000000000e+04 5.071820531691689560e+00
