1.000000000000000021e-03 3.942376844454416052e-01
1.055386103036524146e-03 3.887058739372302729e-01
1.113839826482619470e-03 3.304436550467367839e-01
1.175531073878369843e-03 3.259609682579698298e-01
1.240639159058831839e-03 2.770922558815619441e-01
1.309353327353610878e-03 2.599892115121138492e-01
1.381873305653632221e-03 2.210454017001761695e-01
1.458409882943986291e-03 1.879716945075805834e-01
1.539185522990205385e-03 1.853981206430342366e-01
1.624435010958867089e-03 1.576422141123823839e-01
1.714406135851970214e-03 1.340661778527520720e-01
1.809360410738716568e-03 1.322428892161312541e-01
1.909573832878096698e-03 1.124519961385593153e-01
2.015337685941732959e-03 1.055253187674209253e-01
2.126959386668691738e-03 9.434493339248246901e-02
2.244763378413223813e-03 8.852412419938780752e-02
2.369092074182631985e-03 7.527296268070064744e-02
2.500306851906324013e-03 6.401565072750797780e-02
2.638789104828934487e-03 6.314827465499185666e-02
2.784941350080644140e-03 5.369539929694237129e-02
2.939188398646887333e-03 5.038974197356774209e-02
3.101978590138096837e-03 4.504563269298949429e-02
3.273785095948577185e-03 4.226596682102443797e-02
3.455107294592218038e-03 3.593446534014176769e-02
3.646472223212748626e-03 3.055586844864550608e-02
3.848436109487428890e-03 3.013893866487116213e-02
4.061585988376979588e-03 2.562272380240189842e-02
4.286541408420925167e-03 2.404229901832220795e-02
4.523956232538053901e-03 2.148738533723745792e-02
4.774520538566130907e-03 2.015763208543409901e-02
5.038962625065149942e-03 1.713307581728768653e-02
5.318051128214196926e-03 1.456402960984415525e-02
5.612597255954972046e-03 1.238158628819157302e-02
5.923457145875806254e-03 1.220456506486796919e-02
6.251534353689711630e-03 1.037284038322552025e-02
6.597782479539533035e-03 9.727483669313167700e-03
6.963207939763882935e-03 9.589039426190538312e-03
7.348872892180387945e-03 8.145895723917990008e-03
7.755898323389001994e-03 6.920411235573861210e-03
8.185467307069028281e-03 6.820063416381549372e-03
8.638828442740444438e-03 5.791875865521022189e-03
9.117299484984920863e-03 5.427813461420761924e-03
9.622271173675134986e-03 4.608492758373473885e-03
1.015521127634568151e-02 3.912907506916935702e-03
1.071766885445502894e-02 3.852014338595643236e-03
1.131127876593921409e-02 3.268987590381380176e-03
1.193776641714436315e-02 3.060548883347786586e-03
1.259895277795027198e-02 3.011830069584479734e-03
1.329675967466211958e-02 2.553541635419888465e-03
1.403321537605484691e-02 2.164783297201598386e-03
1.481046048880674780e-02 2.024421433185329827e-03
1.563075417945815684e-02 1.715176842777991822e-03
1.649648074098019820e-02 1.684695462989307642e-03
1.741015652304015240e-02 1.573671367692939475e-03
1.837443724610725651e-02 1.331311054410537877e-03
1.939212572065828963e-02 1.242455461603593839e-03
2.046617999391989878e-02 1.218234691232369200e-03
2.159972194782718360e-02 1.028701542968140422e-03
2.279604637318979887e-02 9.581203308968703645e-04
2.405863054644065760e-02 8.079724137114278632e-04
2.539114433680347144e-02 7.512922122605196831e-04
2.679746087325690987e-02 6.979984477109229353e-04
2.828166780230032332e-02 5.869535584471871235e-04
2.984807916924325788e-02 5.719502519419599135e-04
3.150124795755327584e-02 5.294006763679801443e-04
3.324597932270940276e-02 4.893201538009797754e-04
3.508734455902711574e-02 4.515391017768574373e-04
3.703069584005139192e-02 4.159092930326579313e-04
3.908168177536264221e-02 3.823020084382003879e-04
4.124626382901350197e-02 3.506097066613489475e-04
4.353073364731887412e-02 3.050974916233344320e-04
4.594173134636474198e-02 3.228714495133856266e-04
4.848626481239078079e-02 2.792918232114390453e-04
5.117173007114604599e-02 2.794610088473504237e-04
5.400593278542371173e-02 2.788012838617875532e-04
5.699711094326075089e-02 2.773357835901979094e-04
6.015395880274835433e-02 2.371430039318621222e-04
6.348565216305217251e-02 2.589577014754157664e-04
6.700187503509587306e-02 2.556977358774855627e-04
7.071284778942996119e-02 2.520924096340694336e-04
7.462935686310133432e-02 2.605465233204970802e-04
7.876278611187055578e-02 2.561939637523369330e-04
8.312514989890627815e-02 2.778858407075604389e-04
8.772912801613355627e-02 2.730035703205367973e-04
9.258810253973949467e-02 2.550270078519269092e-04
9.771619672696171821e-02 2.763065317029935169e-04
1.031283160672184784e-01 2.580113192332821092e-04
1.088401916069005465e-01 2.791934441194421314e-04
1.148684256737553672e-01 3.018224736990015580e-04
1.212305401337651634e-01 2.807335195951701909e-04
1.279450273207873301e-01 3.022498061189018677e-04
1.350314037869872197e-01 2.798177175650371959e-04
1.425102670302997865e-01 2.995693758519644783e-04
1.504033553638023657e-01 3.041804349348847434e-04
1.587336111010208550e-01 3.570690961874630029e-04
1.675252472408213789e-01 3.601653949302853247e-04
1.768038178457206899e-01 4.199866459787470157e-04
1.865962923181745947e-01 4.206521445994302862e-04
1.969311337907421744e-01 4.870036917836051849e-04
2.078383818579757347e-01 5.341795931189666701e-04
2.193497398905057960e-01 5.836997237299187914e-04
2.314986671851160804e-01 7.368200210835923469e-04
2.443204762186486634e-01 8.811718523025526819e-04
2.578524352884273840e-01 1.049837659285665636e-03
2.721338768375305972e-01 1.310033200186356585e-03
2.872063117797828413e-01 1.549745940652505049e-03
3.031135501567576163e-01 2.017786815360083849e-03
3.199018284775063670e-01 2.375764081105704879e-03
3.376199441111336630e-01 2.794167005011492701e-03
3.563193971228584278e-01 3.810888529454207595e-03
3.760545399658167809e-01 4.482840749841571736e-03
3.968827354637161631e-01 5.826947915256984641e-03
4.188645235435271008e-01 6.878600515920813355e-03
4.420637972028529927e-01 7.378256742240853552e-03
4.665479882234472853e-01 7.554121978985381056e-03
4.923882631706736346e-01 9.462551794750962558e-03
5.196597302486196668e-01 1.025781146254648758e-02
5.484416576121015074e-01 1.116230342140555644e-02
5.788177037701274230e-01 1.219312037778987230e-02
6.108761607505033275e-01 1.337069638466210734e-02
6.447102107323869902e-01 1.333281376533446312e-02
6.804181968927094371e-01 1.334197169942643799e-02
7.181039092537349067e-01 1.339544264138830404e-02
7.578768863625922059e-01 1.349036700076234468e-02
7.998527336796708020e-01 1.432052766906833675e-02
8.441534596012976177e-01 1.449828397211422315e-02
8.909078300934133443e-01 1.333489444570860188e-02
9.402517429670123050e-01 1.425705139238143265e-02
9.923286228832545186e-01 1.452745419507810512e-02
1.047289838236358461e+00 1.343938515559579307e-02
1.105295141126021008e+00 1.444467229272939496e-02
1.166513131698196259e+00 1.340200589268037215e-02
1.231121748203889643e+00 1.444485047169703079e-02
1.299308784200415845e+00 1.343315934746391188e-02
1.371272434398399520e+00 1.314711508393373758e-02
1.447221870741134397e+00 1.224949375447552911e-02
1.527377850390712499e+00 1.325149043384520227e-02
1.611973357388157169e+00 1.236420515687013805e-02
1.701254279852587370e+00 1.213559538044019573e-02
1.795480124687830470e+00 1.133615204938723253e-02
1.894924771873819802e+00 1.228954087824040732e-02
1.999877270535284968e+00 1.148973619810758975e-02
2.110642679101552677e+00 1.129362420038344979e-02
2.227542951999556209e+00 1.110695340037410814e-02
2.350917875457284367e+00 1.039059887783310397e-02
2.481126055137767850e+00 1.127962627395773763e-02
2.618545958474232549e+00 1.055700677484214603e-02
2.763577014736157356e+00 1.038664479785643066e-02
2.916640776023703641e+00 1.022250511912938496e-02
3.078182142565077051e+00 9.568896606960737225e-03
3.248670655878374891e+00 1.039205318807571651e-02
3.428601863556583140e+00 9.729846860141050727e-03
3.618498759642746698e+00 9.574964694531078527e-03
3.818913304781850204e+00 9.424911502263426388e-03
4.030428030568050879e+00 9.737277954948357281e-03
4.253657732750382614e+00 9.581816644987256257e-03
4.489251258218603269e+00 9.431051255467830241e-03
4.737893390963138884e+00 8.827851524062941754e-03
5.000306842491089476e+00 9.587182493404691752e-03
5.277254352483532251e+00 8.974641947040567710e-03
5.569540905800129948e+00 8.829633863231144478e-03
5.878016072274911963e+00 8.688933230631846333e-03
6.203576476104267989e+00 8.974554450409316653e-03
6.547168402004736265e+00 8.828243773559960386e-03
6.909790545715638110e+00 8.686265062609950516e-03
7.292496916841444410e+00 8.128025367064146967e-03
7.696399902471150689e+00 8.823169708203610836e-03
8.122673500479711706e+00 8.679940002961775494e-03
8.572556731909315886e+00 8.120255164598504799e-03
9.047357242349292505e+00 8.814211097043851001e-03
9.548455102782282822e+00 8.246375775016015139e-03
1.007730682094459773e+01 8.109216914579053803e-03
1.063544957486011278e+01 8.801725703757106237e-03
1.122450568085305811e+01 8.233012306646761425e-03
1.184618730902682415e+01 8.095210714585925407e-03
1.250230145991453412e+01 8.785973468818836923e-03
1.319475521676706009e+01 8.216700621884563335e-03
1.392556128874461940e+01 8.078452218909097302e-03
1.469684386112444408e+01 7.556278632367404574e-03
1.551084476952840596e+01 8.197720189916560263e-03
1.636993001611702070e+01 8.059226632490874842e-03
1.727659664669034711e+01 7.537053468177644378e-03
1.823348000868438490e+01 8.176389186457194355e-03
1.924336141115979970e+01 8.037844051961277880e-03
2.030917620904734733e+01 7.515925743082223047e-03
2.143402233514854416e+01 8.153032065110999219e-03
2.262116930469021625e+01 8.014620949192492044e-03
2.387406771860646870e+01 7.493198550507864514e-03
2.519635929317013634e+01 8.127997232750429693e-03
2.659188744512691116e+01 7.600000330746457984e-03
2.806470846309833078e+01 7.469155534461835791e-03
2.961910329772553396e+01 8.101566848056306752e-03
3.125959000482277972e+01 7.574394244045935289e-03
3.299093687770935901e+01 7.444011506368502194e-03
3.481817630688966148e+01 8.073973085868687075e-03
3.674661940736687882e+01 7.547780279041210738e-03
3.878187145610719710e+01 7.417959236082818236e-03
4.092984818452433871e+01 8.045423460785074490e-03
4.319679297334173640e+01 7.520343493694891905e-03
4.558929499981059053e+01 8.156745669509062741e-03
4.811430839003254789e+01 8.016100531287371697e-03
5.077917243205393305e+01 7.492246032174893974e-03
5.359163290848514549e+01 8.126007535050838032e-03
5.655986461065002402e+01 7.595919430806346781e-03
5.969249509970727274e+01 7.463628433050241429e-03
6.299862978380680545e+01 8.094728603534228489e-03
6.648787838417263174e+01 7.566055156146922998e-03
7.017038286703822791e+01 7.434611517497159532e-03
7.405684692262427404e+01 6.950808770631705311e-03
7.815856707684091020e+01 7.535850040722996343e-03
8.248746552614581162e+01 7.405298497457570191e-03
8.705612479099856671e+01 8.031042873867251519e-03
9.187782428863320661e+01 7.505400450327777417e-03
9.696657893145520291e+01 7.375777105827659164e-03
1.023371798632519187e+02 7.608168560527752040e-03
1.080052374516251774e+02 7.474788047358139551e-03
1.139872266616050211e+02 8.106529790850669145e-03
1.203005349423324191e+02 7.576447653313895213e-03
1.269635127659972795e+02 7.444081773824314484e-03
1.339955269659337205e+02 6.959154315364836189e-03
1.414170170289021087e+02 7.544671477024260560e-03
1.492495545051829140e+02 7.413339620425987188e-03
1.575159057091621264e+02 6.929973565174978728e-03
1.662400978926610264e+02 7.512893686493964628e-03
1.754474890833459710e+02 7.382610235877763022e-03
1.851648417912153946e+02 7.615155221449751953e-03
1.954204007974051365e+02 7.481159169795735878e-03
2.062439752514088411e+02 8.113269737384942379e-03
2.176670253153459100e+02 7.582391997538088547e-03
2.297227536071151235e+02 7.449505377769118433e-03
2.424462017082325929e+02 6.963942471667064656e-03
2.558743520168583814e+02 7.549735983809086406e-03
2.700462352420682350e+02 7.417963444675899042e-03
2.850030438518105029e+02 6.934058603535887821e-03
3.007882518043095956e+02 7.517215724808316499e-03
3.174477409109186965e+02 7.386559158494239441e-03
3.350299341977229801e+02 7.619199114026144540e-03
3.535859366535175923e+02 7.484854785465563237e-03
3.731696837732748122e+02 8.117183654303451734e-03
3.938380983288481048e+02 5.934204799945675020e-03
4.156512558225987846e+02 6.428610852569206606e-03
4.386725591048494266e+02 6.966748213700142689e-03
4.629689226627258449e+02 7.552707867346855446e-03
4.886109671160326116e+02 8.190986728253512109e-03
5.156732244854963483e+02 8.886530615122753204e-03
5.442343548300260636e+02 9.644782080848518166e-03
5.743773748826574774e+02 1.047173372032189978e-02
6.061898993497571837e+02 1.137398763130939051e-02
6.397643955748424105e+02 1.235882178780158512e-02
6.751984523072494540e+02 1.343426420664351091e-02
7.125950633568396597e+02 1.460917587387618351e-02
7.520629269592407127e+02 1.589334359482655334e-02
7.937167617217542102e+02 1.729758400464378662e-02
8.376776400682906569e+02 1.883386024631577074e-02
8.840733401525044428e+02 2.051541296119880481e-02
9.330387172620360161e+02 2.235690752861898070e-02
9.847160957933764394e+02 2.437459969150576611e-02
1.039255682936711082e+03 2.658652225997124724e-02
1.096816005273137989e+03 2.901269546993610893e-02
1.157564369553303550e+03 3.167536477039237242e-02
1.221677348996790670e+03 3.459926952826060387e-02
1.289341296525713005e+03 3.781194726531451195e-02
1.360752886424333155e+03 4.133478131918626175e-02
1.436119685999077319e+03 4.519330021675947023e-02
1.515660758900601195e+03 4.943658208354013983e-02
1.599607301861484530e+03 5.410591566918506595e-02
1.688203316700362848e+03 5.924740516328891315e-02
1.781706319545728775e+03 6.491258702676798442e-02
1.880388089340912757e+03 7.115913480425314908e-02
1.984535457805799069e+03 7.805166546387128090e-02
2.094451143151468841e+03 8.566266408703761270e-02
2.210454629971019131e+03 9.406265676986912128e-02
2.332883097864153569e+03 1.032685211350075072e-01
2.462092401494625392e+03 1.134445073715651120e-01
2.598458104929247384e+03 1.247021017371868212e-01
2.742376573264946728e+03 1.371669785230173189e-01
2.894266124716745708e+03 1.509810318252439165e-01
3.054568246515431838e+03 1.663047383139202029e-01
3.223748878149026950e+03 1.831825300957772573e-01
3.402299765678064432e+03 2.018384309417043943e-01
3.590739891061047729e+03 2.225628243312485766e-01
3.789616980644716023e+03 2.456102696106144123e-01
3.999509097203661440e+03 2.712708614511282756e-01
4.221026320156894144e+03 2.996998284518876954e-01
4.454812518844979422e+03 3.311456161486317495e-01
4.701547224022129740e+03 3.662272482393457151e-01
4.961947603002898177e+03 4.054202991001700784e-01
5.236770544204644466e+03 4.492612802708685349e-01
5.526814857144591770e+03 4.976272412501355213e-01
5.832923594286199659e+03 5.518117482392528306e-01
6.155986501483501343e+03 6.126232572325431835e-01
6.496942604146111080e+03 6.807857622536057640e-01
6.856782936641738161e+03 7.564924983741257991e-01
7.236553422869649694e+03 8.417978634049986253e-01
7.637357916378011396e+03 9.381444973926600372e-01
8.060361408861328528e+03 1.045602517357636208e+00
8.506793416364153018e+03 1.166993952261301093e+00
8.977951553033313758e+03 1.304900277239294137e+00
9.475205302806527470e+03 1.459484237426972753e+00
1.000000000000000000e+04 1.635432949129468350e+00
