1.000000000000000021e-03 nan
1.055386103036524146e-03 nan
1.113839826482619470e-03 nan
1.175531073878369843e-03 nan
1.240639159058831839e-03 nan
1.309353327353610878e-03 nan
1.381873305653632221e-03 nan
1.458409882943986291e-03 nan
1.539185522990205385e-03 nan
1.624435010958867089e-03 nan
1.714406135851970214e-03 nan
1.809360410738716568e-03 nan
1.909573832878096698e-03 nan
2.015337685941732959e-03 nan
2.126959386668691738e-03 nan
2.244763378413223813e-03 nan
2.369092074182631985e-03 nan
2.500306851906324013e-03 nan
2.638789104828934487e-03 nan
2.784941350080644140e-03 nan
2.939188398646887333e-03 nan
3.101978590138096837e-03 nan
3.273785095948577185e-03 nan
3.455107294592218038e-03 nan
3.646472223212748626e-03 nan
3.848436109487428890e-03 nan
4.061585988376979588e-03 nan
4.286541408420925167e-03 nan
4.523956232538053901e-03 nan
4.774520538566130907e-03 nan
5.038962625065149942e-03 nan
5.318051128214196926e-03 nan
5.612597255954972046e-03 nan
5.923457145875806254e-03 nan
6.251534353689711630e-03 nan
6.597782479539533035e-03 nan
6.963207939763882935e-03 nan
7.348872892180387945e-03 nan
7.755898323389001994e-03 nan
8.185467307069028281e-03 nan
8.638828442740444438e-03 nan
9.117299484984920863e-03 nan
9.622271173675134986e-03 nan
1.015521127634568151e-02 nan
1.071766885445502894e-02 nan
1.131127876593921409e-02 nan
1.193776641714436315e-02 nan
1.259895277795027198e-02 nan
1.329675967466211958e-02 nan
1.403321537605484691e-02 nan
1.481046048880674780e-02 nan
1.563075417945815684e-02 nan
1.649648074098019820e-02 nan
1.741015652304015240e-02 nan
1.837443724610725651e-02 nan
1.939212572065828963e-02 nan
2.046617999391989878e-02 nan
2.159972194782718360e-02 nan
2.279604637318979887e-02 nan
2.405863054644065760e-02 nan
2.539114433680347144e-02 nan
2.679746087325690987e-02 nan
2.828166780230032332e-02 nan
2.984807916924325788e-02 nan
3.150124795755327584e-02 nan
3.324597932270940276e-02 nan
3.508734455902711574e-02 nan
3.703069584005139192e-02 nan
3.908168177536264221e-02 nan
4.124626382901350197e-02 nan
4.353073364731887412e-02 nan
4.594173134636474198e-02 nan
4.848626481239078079e-02 nan
5.117173007114604599e-02 nan
5.400593278542371173e-02 nan
5.699711094326075089e-02 nan
6.015395880274835433e-02 nan
6.348565216305217251e-02 nan
6.700187503509587306e-02 nan
7.071284778942996119e-02 nan
7.462935686310133432e-02 nan
7.876278611187055578e-02 nan
8.312514989890627815e-02 nan
8.772912801613355627e-02 nan
9.258810253973949467e-02 nan
9.771619672696171821e-02 nan
1.031283160672184784e-01 nan
1.088401916069005465e-01 nan
1.148684256737553672e-01 nan
1.212305401337651634e-01 nan
1.279450273207873301e-01 nan
1.350314037869872197e-01 nan
1.425102670302997865e-01 2.983928459780480935e+01
1.504033553638023657e-01 2.213597159471916243e+01
1.587336111010208550e-01 1.966841919814920203e+01
1.675252472408213789e-01 1.715403790332845091e+01
1.768038178457206899e-01 1.470608733025185977e+01
1.865962923181745947e-01 1.366167395902113846e+01
1.969311337907421744e-01 1.372530707034322361e+01
2.078383818579757347e-01 1.352024121573771076e+01
2.193497398905057960e-01 1.440192831789113015e+01
2.314986671851160804e-01 1.506239741712378688e+01
2.443204762186486634e-01 1.709163231037995345e+01
2.578524352884273840e-01 1.914079069092358765e+01
2.721338768375305972e-01 2.590458220611882112e+01
2.872063117797828413e-01 nan
3.031135501567576163e-01 nan
3.199018284775063670e-01 nan
3.376199441111336630e-01 nan
3.563193971228584278e-01 nan
3.760545399658167809e-01 1.423554507190774210e+01
3.968827354637161631e-01 5.658586176114760669e+00
4.188645235435271008e-01 3.985710683949875488e+00
4.420637972028529927e-01 3.040112087271814811e+00
4.665479882234472853e-01 2.504238927750375154e+00
4.923882631706736346e-01 2.216153741547178146e+00
5.196597302486196668e-01 2.094720989442055092e+00
5.484416576121015074e-01 1.906390448186715325e+00
5.788177037701274230e-01 1.841443681918575326e+00
6.108761607505033275e-01 1.888958866799052227e+00
6.447102107323869902e-01 2.065316499088772684e+00
6.804181968927094371e-01 2.185883872984784482e+00
7.181039092537349067e-01 2.237069321724550530e+00
7.578768863625922059e-01 2.684367502692623031e+00
7.998527336796708020e-01 3.079323069520372602e+00
8.441534596012976177e-01 4.081189234817646394e+00
8.909078300934133443e-01 6.199270595477566204e+00
9.402517429670123050e-01 2.396390664619322706e+03
9.923286228832545186e-01 2.283774714814987419e+03
1.047289838236358461e+00 2.265782298767589964e+03
1.105295141126021008e+00 2.269579224911173696e+03
1.166513131698196259e+00 2.248785436147538348e+03
1.231121748203889643e+00 2.394640874102466114e+03
1.299308784200415845e+00 2.454907411956379292e+03
1.371272434398399520e+00 2.651116630714146595e+03
1.447221870741134397e+00 2.711470956694281995e+03
1.527377850390712499e+00 3.181058369331324229e+03
1.611973357388157169e+00 3.493325118750623915e+03
1.701254279852587370e+00 3.946151559213952169e+03
1.795480124687830470e+00 4.570012639195106203e+03
1.894924771873819802e+00 5.398023296474008930e+03
1.999877270535284968e+00 7.161989490386454236e+03
2.110642679101552677e+00 9.598347367579721322e+03
2.227542951999556209e+00 1.911497140868847418e+04
2.350917875457284367e+00 3.758259902958261227e+04
2.481126055137767850e+00 5.526753040874463477e+04
2.618545958474232549e+00 6.779301396109376219e+04
2.763577014736157356e+00 7.673152834495312709e+04
2.916640776023703641e+00 8.843176094102615025e+04
3.078182142565077051e+00 1.036675814243633358e+05
3.248670655878374891e+00 1.235396180530098791e+05
3.428601863556583140e+00 1.496380998859669780e+05
3.618498759642746698e+00 1.839897622616367298e+05
3.818913304781850204e+00 2.293388017986442137e+05
4.030428030568050879e+00 2.897856363649376435e+05
4.253657732750382614e+00 4.507732521377070807e+05
4.489251258218603269e+00 7.777635570740733529e+05
4.737893390963138884e+00 nan
5.000306842491089476e+00 nan
5.277254352483532251e+00 1.452251308698079058e+01
5.569540905800129948e+00 1.040961005024330888e+01
5.878016072274911963e+00 8.139779213240206701e+00
6.203576476104267989e+00 6.966118815365602401e+00
6.547168402004736265e+00 6.520089194658429399e+00
6.909790545715638110e+00 6.040800806653422228e+00
7.292496916841444410e+00 5.537798194486314607e+00
7.696399902471150689e+00 5.533722807273169231e+00
8.122673500479711706e+00 5.448620083023540062e+00
8.572556731909315886e+00 5.263177214864106723e+00
9.047357242349292505e+00 5.474191929770226395e+00
9.548455102782282822e+00 6.070224958067848675e+00
1.007730682094459773e+01 7.828013739875077981e+00
1.063544957486011278e+01 1.147563955085148990e+01
1.122450568085305811e+01 3.591724562261386382e+03
1.184618730902682415e+01 2.536188016641722243e+03
1.250230145991453412e+01 2.477383717453236841e+03
1.319475521676706009e+01 2.494484258140051679e+03
1.392556128874461940e+01 2.998965964719558997e+03
1.469684386112444408e+01 3.043457333251577438e+03
1.551084476952840596e+01 3.103461257329293858e+03
1.636993001611702070e+01 3.280571742760924735e+03
1.727659664669034711e+01 3.965246918002671464e+03
1.823348000868438490e+01 4.951898935930402331e+03
1.924336141115979970e+01 7.763519930887560804e+03
2.030917620904734733e+01 nan
2.143402233514854416e+01 nan
2.262116930469021625e+01 nan
2.387406771860646870e+01 nan
2.519635929317013634e+01 nan
2.659188744512691116e+01 nan
2.806470846309833078e+01 nan
2.961910329772553396e+01 nan
3.125959000482277972e+01 nan
3.299093687770935901e+01 nan
3.481817630688966148e+01 nan
3.674661940736687882e+01 nan
3.878187145610719710e+01 nan
4.092984818452433871e+01 nan
4.319679297334173640e+01 nan
4.558929499981059053e+01 nan
4.811430839003254789e+01 nan
5.077917243205393305e+01 nan
5.359163290848514549e+01 nan
5.655986461065002402e+01 nan
5.969249509970727274e+01 nan
6.299862978380680545e+01 nan
6.648787838417263174e+01 nan
7.017038286703822791e+01 nan
7.405684692262427404e+01 nan
7.815856707684091020e+01 nan
8.248746552614581162e+01 nan
8.705612479099856671e+01 nan
9.187782428863320661e+01 nan
9.696657893145520291e+01 nan
1.023371798632519187e+02 nan
1.080052374516251774e+02 nan
1.139872266616050211e+02 nan
1.203005349423324191e+02 nan
1.269635127659972795e+02 nan
1.339955269659337205e+02 nan
1.414170170289021087e+02 nan
1.492495545051829140e+02 nan
1.575159057091621264e+02 nan
1.662400978926610264e+02 nan
1.754474890833459710e+02 nan
1.851648417912153946e+02 nan
1.954204007974051365e+02 nan
2.062439752514088411e+02 nan
2.176670253153459100e+02 nan
2.297227536071151235e+02 nan
2.424462017082325929e+02 nan
2.558743520168583814e+02 nan
2.700462352420682350e+02 nan
2.850030438518105029e+02 nan
3.007882518043095956e+02 nan
3.174477409109186965e+02 nan
3.350299341977229801e+02 nan
3.535859366535175923e+02 nan
3.731696837732748122e+02 nan
3.938380983288481048e+02 nan
4.156512558225987846e+02 6.658287409296031110e+05
4.386725591048494266e+02 6.309055805408251472e+05
4.629689226627258449e+02 5.996077703591026366e+05
4.886109671160326116e+02 6.290690285098032327e+05
5.156732244854963483e+02 5.989115436504438985e+05
5.442343548300260636e+02 6.292585733818081208e+05
5.743773748826574774e+02 5.998801166223483160e+05
6.061898993497571837e+02 6.336192997170301387e+05
6.397643955748424105e+02 6.023496858675980475e+05
6.751984523072494540e+02 6.369668910219866084e+05
7.125950633568396597e+02 6.063024945390494540e+05
7.520629269592407127e+02 6.417093982618475566e+05
7.937167617217542102e+02 6.116875507779545151e+05
8.376776400682906569e+02 5.865883473783812951e+05
8.840733401525044428e+02 6.215995926157924114e+05
9.330387172620360161e+02 5.929178138526255498e+05
9.847160957933764394e+02 6.288397605957990745e+05
1.039255682936711082e+03 6.002671666145866038e+05
1.096816005273137989e+03 6.371501239735059207e+05
1.157564369553303550e+03 6.127726113664360018e+05
1.221677348996790670e+03 5.854813642555889674e+05
1.289341296525713005e+03 6.218403173140545841e+05
1.360752886424333155e+03 5.944866517485051882e+05
1.436119685999077319e+03 6.318352751913364045e+05
1.515660758900601195e+03 6.085915080898759188e+05
1.599607301861484530e+03 6.427456489494119305e+05
1.688203316700362848e+03 6.190632782849388896e+05
1.781706319545728775e+03 5.925064245877101785e+05
1.880388089340912757e+03 6.303772968828559387e+05
1.984535457805799069e+03 6.078144417612247635e+05
2.094451143151468841e+03 6.425377688503416721e+05
2.210454629971019131e+03 6.194175026987369638e+05
2.332883097864153569e+03 5.970891461072067032e+05
2.462092401494625392e+03 6.318110290221823379e+05
2.598458104929247384e+03 6.096130826495164074e+05
2.742376573264946728e+03 5.841901185424671276e+05
2.894266124716745708e+03 6.221570668556909077e+05
3.054568246515431838e+03 6.003787244081038516e+05
3.223748878149026950e+03 6.354716686936654150e+05
3.402299765678064432e+03 6.133966131627584109e+05
3.590739891061047729e+03 5.914045818328638561e+05
3.789616980644716023e+03 6.267639358799353940e+05
3.999509097203661440e+03 6.053769280738388188e+05
4.221026320156894144e+03 6.408867115635494702e+05
4.454812518844979422e+03 6.187547467713576043e+05
4.701547224022129740e+03 5.972776415768881561e+05
4.961947603002898177e+03 6.328582761337498669e+05
5.236770544204644466e+03 6.113290928077510325e+05
5.526814857144591770e+03 5.896328137866777834e+05
5.832923594286199659e+03 6.253824120037492830e+05
6.155986501483501343e+03 6.044081114625980845e+05
6.496942604146111080e+03 6.401681843380988576e+05
6.856782936641738161e+03 6.183812912204856984e+05
7.236553422869649694e+03 5.971984287512224400e+05
7.637357916378011396e+03 6.330658415776863694e+05
8.060361408861328528e+03 6.117794237766406732e+05
8.506793416364153018e+03 5.903594029573296430e+05
8.977951553033313758e+03 6.263493414515288314e+05
9.475205302806527470e+03 6.055253855100474320e+05
1.000000000000000000e+04 6.416398643686276628e+05
