1.000000000000000021e-03 nan
1.055386103036524146e-03 1.737645062266775494e+04
1.113839826482619470e-03 1.886695559440815123e+04
1.175531073878369843e-03 1.475682663016288825e+04
1.240639159058831839e-03 1.602544110230249134e+04
1.309353327353610878e-03 1.740552813146131302e+04
1.381873305653632221e-03 1.361566811522024727e+04
1.458409882943986291e-03 1.137860835664812112e+04
1.539185522990205385e-03 4.621052195023717104e+03
1.624435010958867089e-03 5.018324629206988902e+03
1.714406135851970214e-03 3.927311058680713813e+03
1.809360410738716568e-03 4.265450774693343192e+03
1.909573832878096698e-03 4.633336126740032341e+03
2.015337685941732959e-03 3.626222641508643392e+03
2.126959386668691738e-03 3.939439896881192453e+03
2.244763378413223813e-03 4.280270251906066733e+03
2.369092074182631985e-03 3.350139090738729010e+03
2.500306851906324013e-03 3.640419341223294850e+03
2.638789104828934487e-03 3.956342253961787719e+03
2.784941350080644140e-03 2.382757124388064767e+03
2.939188398646887333e-03 1.343997995265079453e+03
3.101978590138096837e-03 1.460452457470590161e+03
3.273785095948577185e-03 1.143555117222139415e+03
3.455107294592218038e-03 1.242863405099646798e+03
3.646472223212748626e-03 1.351039100097604887e+03
3.848436109487428890e-03 1.468900300497231683e+03
4.061585988376979588e-03 1.150412978256759061e+03
4.286541408420925167e-03 4.995676921668149930e+02
4.523956232538053901e-03 3.913578115591461710e+02
4.774520538566130907e-03 4.255222094325284843e+02
5.038962625065149942e-03 3.333971753016779758e+02
5.318051128214196926e-03 3.626356673453375947e+02
5.612597255954972046e-03 8.178440477771499673e+01
5.923457145875806254e-03 8.888459917343911343e+01
6.251534353689711630e-03 6.960167857490463916e+01
6.597782479539533035e-03 5.448575846451595339e+01
6.963207939763882935e-03 4.263710221302655157e+01
7.348872892180387945e-03 2.565045541891900527e+01
7.755898323389001994e-03 2.005380044688287811e+01
8.185467307069028281e-03 1.567311646498946054e+01
8.638828442740444438e-03 1.592044875896125689e+01
9.117299484984920863e-03 1.243295687931720828e+01
9.622271173675134986e-03 9.706744916940978740e+00
1.015521127634568151e-02 1.052561150334121898e+01
1.071766885445502894e-02 8.209699021280790987e+00
1.131127876593921409e-02 6.401955985821917494e+00
1.193776641714436315e-02 6.491044799412075683e+00
1.259895277795027198e-02 5.402024828003605172e+00
1.329675967466211958e-02 4.207129581633482829e+00
1.403321537605484691e-02 4.258823635511146399e+00
1.481046048880674780e-02 3.313016592519998582e+00
1.563075417945815684e-02 3.350260513261458684e+00
1.649648074098019820e-02 2.780615779513215813e+00
1.741015652304015240e-02 2.628604151502983655e+00
1.837443724610725651e-02 2.178254224937206995e+00
1.939212572065828963e-02 2.055864833560724581e+00
2.046617999391989878e-02 1.700632451953020263e+00
2.159972194782718360e-02 1.711194578009476164e+00
2.279604637318979887e-02 1.322329599311112158e+00
2.405863054644065760e-02 1.242259421580717005e+00
2.539114433680347144e-02 1.245276011639080860e+00
2.679746087325690987e-02 9.581341696537383212e-01
2.828166780230032332e-02 9.571186639102273741e-01
2.984807916924325788e-02 8.933176521003975967e-01
3.150124795755327584e-02 8.320705619099914019e-01
3.324597932270940276e-02 6.348546250969693272e-01
3.508734455902711574e-02 5.880764121514366893e-01
3.703069584005139192e-02 5.430263676307235388e-01
3.908168177536264221e-02 4.996033686956694031e-01
4.124626382901350197e-02 4.577407516746851424e-01
4.353073364731887412e-02 5.082607923072379741e-01
4.594173134636474198e-02 4.607836275269173165e-01
4.848626481239078079e-02 3.886357782158815777e-01
5.117173007114604599e-02 3.964352647644749372e-01
5.400593278542371173e-02 3.294761997656103780e-01
5.699711094326075089e-02 3.308177342021031420e-01
6.015395880274835433e-02 3.084808291132969948e-01
6.348565216305217251e-02 3.049628306324208005e-01
6.700187503509587306e-02 2.803091258983047007e-01
7.071284778942996119e-02 2.562439645323981163e-01
7.462935686310133432e-02 2.841538672472429528e-01
7.876278611187055578e-02 2.414091719406397107e-01
8.312514989890627815e-02 2.188614658860427997e-01
8.772912801613355627e-02 2.416879916121277561e-01
9.258810253973949467e-02 2.191980158210791729e-01
9.771619672696171821e-02 1.863699077307386653e-01
1.031283160672184784e-01 1.695652522270732765e-01
1.088401916069005465e-01 1.880392076338790741e-01
1.148684256737553672e-01 1.712266776754823305e-01
1.212305401337651634e-01 1.557146715194029085e-01
1.279450273207873301e-01 1.608710240148191195e-01
1.350314037869872197e-01 1.448360720801200874e-01
1.425102670302997865e-01 1.474894979537555439e-01
1.504033553638023657e-01 1.486836435787751431e-01
1.587336111010208550e-01 1.481853242820904415e-01
1.675252472408213789e-01 1.460176368749451226e-01
1.768038178457206899e-01 1.734567020304023099e-01
1.865962923181745947e-01 1.566578105359495987e-01
1.969311337907421744e-01 1.707013188316807983e-01
2.078383818579757347e-01 2.245237704266198620e-01
2.193497398905057960e-01 2.244522037590128694e-01
2.314986671851160804e-01 2.372984481724304540e-01
2.443204762186486634e-01 2.830668818290197897e-01
2.578524352884273840e-01 3.342688762768738497e-01
2.721338768375305972e-01 3.911057599454270117e-01
2.872063117797828413e-01 4.542978048102664923e-01
3.031135501567576163e-01 5.985851594292644906e-01
3.199018284775063670e-01 6.899832886831294143e-01
3.376199441111336630e-01 9.075470937778938874e-01
3.563193971228584278e-01 1.050255226519749563e+00
3.760545399658167809e-01 1.490572861692319284e+00
3.968827354637161631e-01 1.749256407120903356e+00
4.188645235435271008e-01 2.073605139771991901e+00
4.420637972028529927e-01 2.178296239548807467e+00
4.665479882234472853e-01 2.639233681849314728e+00
4.923882631706736346e-01 2.835952855751898483e+00
5.196597302486196668e-01 3.081328693081835102e+00
5.484416576121015074e-01 3.383689848486791885e+00
5.788177037701274230e-01 3.291124033175617747e+00
6.108761607505033275e-01 3.934684686337711845e+00
6.447102107323869902e-01 3.645112360975704124e+00
6.804181968927094371e-01 3.635539806673883323e+00
7.181039092537349067e-01 3.651326695496766028e+00
7.578768863625922059e-01 3.690335677459893660e+00
7.998527336796708020e-01 3.288728488622572055e+00
8.441534596012976177e-01 3.357691910229905652e+00
8.909078300934133443e-01 3.020842109676420861e+00
9.402517429670123050e-01 3.321873637293337289e+00
9.923286228832545186e-01 2.816939869630421978e+00
1.047289838236358461e+00 3.118334614759509016e+00
1.105295141126021008e+00 2.839698697597329069e+00
1.166513131698196259e+00 2.592310472980878799e+00
1.231121748203889643e+00 2.371317732839154591e+00
1.299308784200415845e+00 2.647047695206139029e+00
1.371272434398399520e+00 2.427727151723771737e+00
1.447221870741134397e+00 2.229478332837918853e+00
1.527377850390712499e+00 2.189764672502085840e+00
1.611973357388157169e+00 2.014684030802233128e+00
1.701254279852587370e+00 1.855054406434903713e+00
1.795480124687830470e+00 2.082459170508135671e+00
1.894924771873819802e+00 1.918555950608261007e+00
1.999877270535284968e+00 1.889034163108616715e+00
2.110642679101552677e+00 1.741396646521830016e+00
2.227542951999556209e+00 1.715445803878737907e+00
2.350917875457284367e+00 1.581792512540760365e+00
2.481126055137767850e+00 1.558527335351620247e+00
2.618545958474232549e+00 1.639528515058426228e+00
2.763577014736157356e+00 1.614569414370727873e+00
2.916640776023703641e+00 1.488087714356801872e+00
3.078182142565077051e+00 1.465222975938772931e+00
3.248670655878374891e+00 1.350284130629697321e+00
3.428601863556583140e+00 1.329280325569977439e+00
3.618498759642746698e+00 1.397190047208192620e+00
3.818913304781850204e+00 1.374204588561009244e+00
4.030428030568050879e+00 1.351598042890602702e+00
4.253657732750382614e+00 1.244037488506606781e+00
4.489251258218603269e+00 1.223284469623762583e+00
4.737893390963138884e+00 1.284216859134685196e+00
5.000306842491089476e+00 1.261550779330769423e+00
5.277254352483532251e+00 1.239300100612815037e+00
5.569540905800129948e+00 1.139303563676467235e+00
5.878016072274911963e+00 1.119047160546794872e+00
6.203576476104267989e+00 1.172876894952286309e+00
6.547168402004736265e+00 1.150932739024059348e+00
6.909790545715638110e+00 1.129495708454320679e+00
7.292496916841444410e+00 1.037404931601767943e+00
7.696399902471150689e+00 1.160593430071330534e+00
8.122673500479711706e+00 1.065123354265738342e+00
8.572556731909315886e+00 1.044357040861748409e+00
9.047357242349292505e+00 1.168289037827777044e+00
9.548455102782282822e+00 1.071298026298589390e+00
1.007730682094459773e+01 1.049705524030928983e+00
1.063544957486011278e+01 1.028759477222141117e+00
1.122450568085305811e+01 1.075886221358793415e+00
1.184618730902682415e+01 1.053576770134715845e+00
1.250230145991453412e+01 9.658324285638347773e-01
1.319475521676706009e+01 1.079006949253251468e+00
1.392556128874461940e+01 1.056089678217727812e+00
1.469684386112444408e+01 9.676002506352090471e-01
1.551084476952840596e+01 1.080797971009394454e+00
1.636993001611702070e+01 9.896537145678977465e-01
1.727659664669034711e+01 9.683210926014053088e-01
1.823348000868438490e+01 9.477588866224223585e-01
1.924336141115979970e+01 9.897754066713339016e-01
2.030917620904734733e+01 9.681209729355605420e-01
2.143402233514854416e+01 9.472784966913413429e-01
2.262116930469021625e+01 9.890192690717328761e-01
2.387406771860646870e+01 9.671253759940636741e-01
2.519635929317013634e+01 9.460786370415047442e-01
2.659188744512691116e+01 9.875142433119097340e-01
2.806470846309833078e+01 9.654515839719165493e-01
2.961910329772553396e+01 8.837639718674470402e-01
3.125959000482277972e+01 9.853685805599076142e-01
3.299093687770935901e+01 9.631982706817757700e-01
3.481817630688966148e+01 8.815222988890528688e-01
3.674661940736687882e+01 9.826786938366601776e-01
3.878187145610719710e+01 9.604540470840378097e-01
4.092984818452433871e+01 8.788683438734662401e-01
4.319679297334173640e+01 9.795304298332657700e-01
4.558929499981059053e+01 8.959845925345820694e-01
4.811430839003254789e+01 9.991866665943702763e-01
5.077917243205393305e+01 9.759992933642891444e-01
5.359163290848514549e+01 8.926578239862967834e-01
5.655986461065002402e+01 9.952809813434572161e-01
5.969249509970727274e+01 9.721510613595701900e-01
6.299862978380680545e+01 8.890672446885342639e-01
6.648787838417263174e+01 9.910837779788499446e-01
7.017038286703822791e+01 9.680425933454757104e-01
7.405684692262427404e+01 8.852609992581719212e-01
7.815856707684091020e+01 9.866490041472454342e-01
8.248746552614581162e+01 9.019774849207783385e-01
8.705612479099856671e+01 8.812803606702684922e-01
9.187782428863320661e+01 9.820228499105766451e-01
9.696657893145520291e+01 8.977277435093918845e-01
1.023371798632519187e+02 8.771605485260404178e-01
1.080052374516251774e+02 9.772446797323175449e-01
1.139872266616050211e+02 8.933539195580868508e-01
1.203005349423324191e+02 9.958570234281951539e-01
1.269635127659972795e+02 9.723479158923401533e-01
1.339955269659337205e+02 8.888841205666710987e-01
1.414170170289021087e+02 9.906824177983797330e-01
1.492495545051829140e+02 9.053703066196500115e-01
1.575159057091621264e+02 8.843421005915124145e-01
1.662400978926610264e+02 9.854306161546539933e-01
1.754474890833459710e+02 9.005945375540904685e-01
1.851648417912153946e+02 8.797478779790963710e-01
1.954204007974051365e+02 9.801239285050129535e-01
2.062439752514088411e+02 8.957764885514232223e-01
2.176670253153459100e+02 8.751182772841821222e-01
2.297227536071151235e+02 9.747810876140005076e-01
2.424462017082325929e+02 8.909318453789607517e-01
2.558743520168583814e+02 9.929624596031574324e-01
2.700462352420682350e+02 9.072886510423342488e-01
2.850030438518105029e+02 8.860737309473198930e-01
3.007882518043095956e+02 9.873585343798680913e-01
3.174477409109186965e+02 9.022171979575966949e-01
3.350299341977229801e+02 8.812130943295219954e-01
3.535859366535175923e+02 9.817551494144740598e-01
3.731696837732748122e+02 8.971500291802666505e-01
3.938380983288481048e+02 8.763590439870219129e-01
4.156512558225987846e+02 9.761624110625539696e-01
4.386725591048494266e+02 8.920955708539596296e-01
4.629689226627258449e+02 9.942590320250369595e-01
4.886109671160326116e+02 9.083808980746698181e-01
5.156732244854963483e+02 8.870607921059970868e-01
5.442343548300260636e+02 9.884583341999853001e-01
5.743773748826574774e+02 9.031443092479541912e-01
6.061898993497571837e+02 8.820514325399716471e-01
6.397643955748424105e+02 9.826893359782078452e-01
6.751984523072494540e+02 8.979381481912764862e-01
7.125950633568396597e+02 8.770721967949555165e-01
7.520629269592407127e+02 9.143842822397191261e-01
7.937167617217542102e+02 8.927667118787675493e-01
8.376776400682906569e+02 8.721269195424036225e-01
8.840733401525044428e+02 9.090131936055585449e-01
9.330387172620360161e+02 8.876334849093342472e-01
9.847160957933764394e+02 9.890973425634201899e-01
1.039255682936711082e+03 9.036845937357810277e-01
1.096816005273137989e+03 8.825412687074219997e-01
1.157564369553303550e+03 9.832360699773877721e-01
1.221677348996790670e+03 8.984009967792563334e-01
1.289341296525713005e+03 8.774922929612267719e-01
1.360752886424333155e+03 9.148222694411461964e-01
1.436119685999077319e+03 8.931643826811339615e-01
1.515660758900601195e+03 8.724883076724933018e-01
1.599607301861484530e+03 9.093902457084962476e-01
1.688203316700362848e+03 8.879762868580496349e-01
1.781706319545728775e+03 9.894807252284550936e-01
1.880388089340912757e+03 9.040103444528277965e-01
1.984535457805799069e+03 8.828378676767992816e-01
2.094451143151468841e+03 9.835679840389489614e-01
2.210454629971019131e+03 8.986835442259836215e-01
2.332883097864153569e+03 8.777499737874060459e-01
2.462092401494625392e+03 9.150919881689258961e-01
2.598458104929247384e+03 8.934105332618637041e-01
2.742376573264946728e+03 8.727131942926470431e-01
2.894266124716745708e+03 9.096259087734256399e-01
3.054568246515431838e+03 8.881917608528447916e-01
3.223748878149026950e+03 9.897225328811103395e-01
3.402299765678064432e+03 9.042172966023781511e-01
3.590739891061047729e+03 8.830274726572434618e-01
3.789616980644716023e+03 9.837809579468721477e-01
3.999509097203661440e+03 8.988662776366325158e-01
4.221026320156894144e+03 8.779177508163781285e-01
4.454812518844979422e+03 9.152685682973360493e-01
4.701547224022129740e+03 8.935728228138248852e-01
4.961947603002898177e+03 8.728625387766822952e-01
5.236770544204644466e+03 9.097833279092548686e-01
5.526814857144591770e+03 8.883367778479436261e-01
5.832923594286199659e+03 9.898860011590724373e-01
6.155986501483501343e+03 9.043585190835810028e-01
6.496942604146111080e+03 8.831578834834151737e-01
6.856782936641738161e+03 9.839281303615664553e-01
7.236553422869649694e+03 8.989937938801209061e-01
7.637357916378011396e+03 9.381444973926600372e-01
8.060361408861328528e+03 1.045602517357636208e+00
8.506793416364153018e+03 1.166993952261301093e+00
8.977951553033313758e+03 1.304900277239294137e+00
9.475205302806527470e+03 1.459484237426972753e+00
1.000000000000000000e+04 1.635432949129468350e+00
