1.000000000000000021e-03 nan
1.055386103036524146e-03 nan
1.113839826482619470e-03 nan
1.175531073878369843e-03 nan
1.240639159058831839e-03 nan
1.309353327353610878e-03 nan
1.381873305653632221e-03 nan
1.458409882943986291e-03 nan
1.539185522990205385e-03 nan
1.624435010958867089e-03 nan
1.714406135851970214e-03 nan
1.809360410738716568e-03 nan
1.909573832878096698e-03 nan
2.015337685941732959e-03 nan
2.126959386668691738e-03 nan
2.244763378413223813e-03 nan
2.369092074182631985e-03 nan
2.500306851906324013e-03 nan
2.638789104828934487e-03 nan
2.784941350080644140e-03 nan
2.939188398646887333e-03 nan
3.101978590138096837e-03 nan
3.273785095948577185e-03 nan
3.455107294592218038e-03 nan
3.646472223212748626e-03 nan
3.848436109487428890e-03 nan
4.061585988376979588e-03 nan
4.286541408420925167e-03 nan
4.523956232538053901e-03 nan
4.774520538566130907e-03 nan
5.038962625065149942e-03 nan
5.318051128214196926e-03 nan
5.612597255954972046e-03 nan
5.923457145875806254e-03 nan
6.251534353689711630e-03 nan
6.597782479539533035e-03 nan
6.963207939763882935e-03 nan
7.348872892180387945e-03 nan
7.755898323389001994e-03 nan
8.185467307069028281e-03 nan
8.638828442740444438e-03 nan
9.117299484984920863e-03 nan
9.622271173675134986e-03 nan
1.015521127634568151e-02 nan
1.071766885445502894e-02 nan
1.131127876593921409e-02 nan
1.193776641714436315e-02 nan
1.259895277795027198e-02 nan
1.329675967466211958e-02 nan
1.403321537605484691e-02 nan
1.481046048880674780e-02 nan
1.563075417945815684e-02 nan
1.649648074098019820e-02 nan
1.741015652304015240e-02 nan
1.837443724610725651e-02 nan
1.939212572065828963e-02 nan
2.046617999391989878e-02 nan
2.159972194782718360e-02 nan
2.279604637318979887e-02 nan
2.405863054644065760e-02 nan
2.539114433680347144e-02 nan
2.679746087325690987e-02 nan
2.828166780230032332e-02 nan
2.984807916924325788e-02 nan
3.150124795755327584e-02 nan
3.324597932270940276e-02 nan
3.508734455902711574e-02 nan
3.703069584005139192e-02 nan
3.908168177536264221e-02 nan
4.124626382901350197e-02 nan
4.353073364731887412e-02 nan
4.594173134636474198e-02 nan
4.848626481239078079e-02 nan
5.117173007114604599e-02 nan
5.400593278542371173e-02 nan
5.699711094326075089e-02 nan
6.015395880274835433e-02 nan
6.348565216305217251e-02 nan
6.700187503509587306e-02 nan
7.071284778942996119e-02 nan
7.462935686310133432e-02 nan
7.876278611187055578e-02 nan
8.312514989890627815e-02 nan
8.772912801613355627e-02 nan
9.258810253973949467e-02 nan
9.771619672696171821e-02 nan
1.031283160672184784e-01 nan
1.088401916069005465e-01 nan
1.148684256737553672e-01 2.376100565408991017e+01
1.212305401337651634e-01 1.863839138203510615e+01
1.279450273207873301e-01 1.449934676078118656e+01
1.350314037869872197e-01 1.215426810631528021e+01
1.425102670302997865e-01 1.097418310235007155e+01
1.504033553638023657e-01 9.824347271618346866e+00
1.587336111010208550e-01 8.715589972948340147e+00
1.675252472408213789e-01 7.651505636564231772e+00
1.768038178457206899e-01 7.217484467547634175e+00
1.865962923181745947e-01 6.723270885262578211e+00
1.969311337907421744e-01 6.715392227506121081e+00
2.078383818579757347e-01 6.619625805798810880e+00
2.193497398905057960e-01 6.436696325226408888e+00
2.314986671851160804e-01 6.177787821295346760e+00
2.443204762186486634e-01 6.369877233971413588e+00
2.578524352884273840e-01 6.514231525984633286e+00
2.721338768375305972e-01 6.092209306215943698e+00
2.872063117797828413e-01 5.683918127154204747e+00
3.031135501567576163e-01 5.301712322686545242e+00
3.199018284775063670e-01 4.190784218477123346e+00
3.376199441111336630e-01 3.309311522106586523e+00
3.563193971228584278e-01 2.610033794169297039e+00
3.760545399658167809e-01 2.228560842871579517e+00
3.968827354637161631e-01 1.747126193920290227e+00
4.188645235435271008e-01 1.481005780134543981e+00
4.420637972028529927e-01 1.352442863076193769e+00
4.665479882234472853e-01 1.220189492352730776e+00
4.923882631706736346e-01 1.082084165561459699e+00
5.196597302486196668e-01 1.020086140731249147e+00
5.484416576121015074e-01 1.017102852572161042e+00
5.788177037701274230e-01 9.856889910890830331e-01
6.108761607505033275e-01 1.009849604954238700e+00
6.447102107323869902e-01 1.008126759859066635e+00
6.804181968927094371e-01 1.066729543714548312e+00
7.181039092537349067e-01 1.196375554925676266e+00
7.578768863625922059e-01 1.306007849084231065e+00
7.998527336796708020e-01 1.502501183281709007e+00
8.441534596012976177e-01 1.814694500489608231e+00
8.909078300934133443e-01 2.299598697249435109e+00
9.402517429670123050e-01 3.326441286604489900e+00
9.923286228832545186e-01 5.505977752552964510e+00
1.047289838236358461e+00 1.015210920004992772e+03
1.105295141126021008e+00 1.019774433153170548e+03
1.166513131698196259e+00 1.102638149524677374e+03
1.231121748203889643e+00 1.075297603867914404e+03
1.299308784200415845e+00 1.199726709774555502e+03
1.371272434398399520e+00 1.186787598172678372e+03
1.447221870741134397e+00 1.325438353869820276e+03
1.527377850390712499e+00 1.409596056323324319e+03
1.611973357388157169e+00 1.544063908388461641e+03
1.701254279852587370e+00 1.597080997821617984e+03
1.795480124687830470e+00 1.690678388974186873e+03
1.894924771873819802e+00 1.826758085901619552e+03
1.999877270535284968e+00 2.008912567271963098e+03
2.110642679101552677e+00 2.244419835677838364e+03
2.227542951999556209e+00 2.763450950513415592e+03
2.350917875457284367e+00 3.174355161061955187e+03
2.481126055137767850e+00 3.685600376120718920e+03
2.618545958474232549e+00 4.696168788997792035e+03
2.763577014736157356e+00 6.558501389512375681e+03
2.916640776023703641e+00 9.990280949988133216e+03
3.078182142565077051e+00 1.953678435205059941e+04
3.248670655878374891e+00 2.992649978623146308e+04
3.428601863556583140e+00 3.926383715166131879e+04
3.618498759642746698e+00 4.801527113733443548e+04
3.818913304781850204e+00 5.954524060114975146e+04
4.030428030568050879e+00 6.895019411745600519e+04
4.253657732750382614e+00 8.740710553710444586e+00
4.489251258218603269e+00 7.112371744418855002e+00
4.737893390963138884e+00 5.760768086970455393e+00
5.000306842491089476e+00 5.054656718194075360e+00
5.277254352483532251e+00 4.420468931786516897e+00
5.569540905800129948e+00 4.183900107840060834e+00
5.878016072274911963e+00 3.631874805352256264e+00
6.203576476104267989e+00 3.411264258191101462e+00
6.547168402004736265e+00 3.186002333305246292e+00
6.909790545715638110e+00 3.214497950760902611e+00
7.292496916841444410e+00 2.966590475213662259e+00
7.696399902471150689e+00 2.950469973059920648e+00
8.122673500479711706e+00 2.906398535783129233e+00
8.572556731909315886e+00 2.828561709893950837e+00
9.047357242349292505e+00 2.938249933878068099e+00
9.548455102782282822e+00 3.244118167893139226e+00
1.007730682094459773e+01 3.481610596896801635e+00
1.063544957486011278e+01 4.610390717529995186e+00
1.122450568085305811e+01 6.311317142655723522e+00
1.184618730902682415e+01 1.336750337577935852e+03
1.250230145991453412e+01 1.682516633345739592e+03
1.319475521676706009e+01 1.664452811684655217e+03
1.392556128874461940e+01 1.471620393195392126e+03
1.469684386112444408e+01 1.466515266358882172e+03
1.551084476952840596e+01 1.641354193925134723e+03
1.636993001611702070e+01 1.745476136466025764e+03
1.727659664669034711e+01 1.917298442163403479e+03
1.823348000868438490e+01 2.000152992817311997e+03
1.924336141115979970e+01 2.332374862736101022e+03
2.030917620904734733e+01 2.576314761444701162e+03
2.143402233514854416e+01 2.921280126970455512e+03
2.262116930469021625e+01 3.689037300666906503e+03
2.387406771860646870e+01 4.385876609791625924e+03
2.519635929317013634e+01 5.781187942912788458e+03
2.659188744512691116e+01 nan
2.806470846309833078e+01 nan
2.961910329772553396e+01 nan
3.125959000482277972e+01 nan
3.299093687770935901e+01 nan
3.481817630688966148e+01 nan
3.674661940736687882e+01 nan
3.878187145610719710e+01 nan
4.092984818452433871e+01 nan
4.319679297334173640e+01 nan
4.558929499981059053e+01 nan
4.811430839003254789e+01 nan
5.077917243205393305e+01 nan
5.359163290848514549e+01 nan
5.655986461065002402e+01 nan
5.969249509970727274e+01 nan
6.299862978380680545e+01 nan
6.648787838417263174e+01 nan
7.017038286703822791e+01 nan
7.405684692262427404e+01 nan
7.815856707684091020e+01 nan
8.248746552614581162e+01 nan
8.705612479099856671e+01 nan
9.187782428863320661e+01 nan
9.696657893145520291e+01 nan
1.023371798632519187e+02 nan
1.080052374516251774e+02 nan
1.139872266616050211e+02 nan
1.203005349423324191e+02 nan
1.269635127659972795e+02 nan
1.339955269659337205e+02 nan
1.414170170289021087e+02 nan
1.492495545051829140e+02 nan
1.575159057091621264e+02 nan
1.662400978926610264e+02 nan
1.754474890833459710e+02 nan
1.851648417912153946e+02 nan
1.954204007974051365e+02 nan
2.062439752514088411e+02 nan
2.176670253153459100e+02 nan
2.297227536071151235e+02 nan
2.424462017082325929e+02 nan
2.558743520168583814e+02 nan
2.700462352420682350e+02 nan
2.850030438518105029e+02 nan
3.007882518043095956e+02 nan
3.174477409109186965e+02 3.183747273430241039e+05
3.350299341977229801e+02 3.294504111374024651e+05
3.535859366535175923e+02 3.143485598774231621e+05
3.731696837732748122e+02 3.259409355573952780e+05
3.938380983288481048e+02 3.115273686937959865e+05
4.156512558225987846e+02 3.236373763231289340e+05
4.386725591048494266e+02 3.097992838456869940e+05
4.629689226627258449e+02 3.223707609496852965e+05
4.886109671160326116e+02 3.090145301333814859e+05
5.156732244854963483e+02 3.220080046756270458e+05
5.442343548300260636e+02 3.090617466079241131e+05
5.743773748826574774e+02 3.224445166505162488e+05
6.061898993497571837e+02 3.098487659687785781e+05
6.397643955748424105e+02 3.235972132605538936e+05
6.751984523072494540e+02 3.113038763406219077e+05
7.125950633568396597e+02 2.996241701609055744e+05
7.520629269592407127e+02 3.133744652736854623e+05
7.937167617217542102e+02 3.018140014432851458e+05
8.376776400682906569e+02 3.160108261177085224e+05
8.840733401525044428e+02 3.045140883695175871e+05
9.330387172620360161e+02 3.190560366690479568e+05
9.847160957933764394e+02 3.076971116421881597e+05
1.039255682936711082e+03 3.225438277831825544e+05
1.096816005273137989e+03 3.113397228646807489e+05
1.157564369553303550e+03 3.006115459648796241e+05
1.221677348996790670e+03 3.154247050080182962e+05
1.289341296525713005e+03 3.046063390817638137e+05
1.360752886424333155e+03 3.197758651654847199e+05
1.436119685999077319e+03 3.089957962239751942e+05
1.515660758900601195e+03 2.987583928640185622e+05
1.599607301861484530e+03 3.137746972949426272e+05
1.688203316700362848e+03 3.033769262775262468e+05
1.781706319545728775e+03 3.188234332198724151e+05
1.880388089340912757e+03 3.083478956254532095e+05
1.984535457805799069e+03 3.240778724431236042e+05
2.094451143151468841e+03 3.136737004767206963e+05
2.210454629971019131e+03 3.035282594675124856e+05
2.332883097864153569e+03 3.192221042091341806e+05
2.462092401494625392e+03 3.089727787339012139e+05
2.598458104929247384e+03 2.992109359869894688e+05
2.742376573264946728e+03 3.147525840486075613e+05
2.894266124716745708e+03 3.047338322824557545e+05
3.054568246515431838e+03 3.206585519443564117e+05
3.223748878149026950e+03 3.105759290353135439e+05
3.402299765678064432e+03 3.008778745594578795e+05
3.590739891061047729e+03 3.167399626420156565e+05
3.789616980644716023e+03 3.067564835875396384e+05
3.999509097203661440e+03 3.228967518499533762e+05
4.221026320156894144e+03 3.129445405896032462e+05
4.454812518844979422e+03 3.032367868005739292e+05
4.701547224022129740e+03 3.193095896809627302e+05
4.961947603002898177e+03 3.094253241620647605e+05
5.236770544204644466e+03 2.999684666777750244e+05
5.526814857144591770e+03 3.159262491409411305e+05
5.832923594286199659e+03 3.061483730931387399e+05
6.155986501483501343e+03 3.224251477467005607e+05
6.496942604146111080e+03 3.126265834041198832e+05
6.856782936641738161e+03 3.030732664895074558e+05
7.236553422869649694e+03 3.192703929972153273e+05
7.637357916378011396e+03 3.095176884351396584e+05
8.060361408861328528e+03 3.001678981051245937e+05
8.506793416364153018e+03 3.162629926263061352e+05
8.977951553033313758e+03 3.065721314656614559e+05
9.475205302806527470e+03 3.229699339732212247e+05
1.000000000000000000e+04 3.132689515896061203e+05
