1.000000000000000021e-03 nan
1.055386103036524146e-03 nan
1.113839826482619470e-03 nan
1.175531073878369843e-03 nan
1.240639159058831839e-03 nan
1.309353327353610878e-03 nan
1.381873305653632221e-03 nan
1.458409882943986291e-03 nan
1.539185522990205385e-03 nan
1.624435010958867089e-03 nan
1.714406135851970214e-03 nan
1.809360410738716568e-03 nan
1.909573832878096698e-03 nan
2.015337685941732959e-03 nan
2.126959386668691738e-03 nan
2.244763378413223813e-03 nan
2.369092074182631985e-03 nan
2.500306851906324013e-03 nan
2.638789104828934487e-03 nan
2.784941350080644140e-03 nan
2.939188398646887333e-03 nan
3.101978590138096837e-03 nan
3.273785095948577185e-03 nan
3.455107294592218038e-03 nan
3.646472223212748626e-03 nan
3.848436109487428890e-03 nan
4.061585988376979588e-03 nan
4.286541408420925167e-03 nan
4.523956232538053901e-03 nan
4.774520538566130907e-03 nan
5.038962625065149942e-03 nan
5.318051128214196926e-03 nan
5.612597255954972046e-03 nan
5.923457145875806254e-03 nan
6.251534353689711630e-03 nan
6.597782479539533035e-03 nan
6.963207939763882935e-03 nan
7.348872892180387945e-03 nan
7.755898323389001994e-03 nan
8.185467307069028281e-03 nan
8.638828442740444438e-03 nan
9.117299484984920863e-03 nan
9.622271173675134986e-03 nan
1.015521127634568151e-02 nan
1.071766885445502894e-02 nan
1.131127876593921409e-02 nan
1.193776641714436315e-02 nan
1.259895277795027198e-02 nan
1.329675967466211958e-02 nan
1.403321537605484691e-02 nan
1.481046048880674780e-02 nan
1.563075417945815684e-02 nan
1.649648074098019820e-02 nan
1.741015652304015240e-02 nan
1.837443724610725651e-02 nan
1.939212572065828963e-02 nan
2.046617999391989878e-02 nan
2.159972194782718360e-02 nan
2.279604637318979887e-02 nan
2.405863054644065760e-02 nan
2.539114433680347144e-02 nan
2.679746087325690987e-02 nan
2.828166780230032332e-02 nan
2.984807916924325788e-02 nan
3.150124795755327584e-02 nan
3.324597932270940276e-02 nan
3.508734455902711574e-02 4.123690058900243827e+01
3.703069584005139192e-02 2.920993008580737538e+01
3.908168177536264221e-02 2.239347255774164935e+01
4.124626382901350197e-02 1.867272086727605895e+01
4.353073364731887412e-02 1.694088763891164717e+01
4.594173134636474198e-02 1.513187975450474099e+01
4.848626481239078079e-02 1.469143020535498145e+01
5.117173007114604599e-02 1.403158530456560982e+01
5.400593278542371173e-02 1.455116809111183507e+01
5.699711094326075089e-02 1.483684553985236398e+01
6.015395880274835433e-02 1.646121895621908848e+01
6.348565216305217251e-02 1.628916277281760827e+01
6.700187503509587306e-02 1.946660703557323657e+01
7.071284778942996119e-02 2.309392701051553232e+01
7.462935686310133432e-02 3.667406272290320146e+01
7.876278611187055578e-02 nan
8.312514989890627815e-02 5.270767696397387695e+11
8.772912801613355627e-02 nan
9.258810253973949467e-02 9.457757426743599854e+11
9.771619672696171821e-02 2.665578320644485840e+12
1.031283160672184784e-01 8.988804974743739962e+00
1.088401916069005465e-01 5.737124633079247360e+00
1.148684256737553672e-01 3.975643729080245770e+00
1.212305401337651634e-01 3.316364583076075068e+00
1.279450273207873301e-01 2.721459502230910932e+00
1.350314037869872197e-01 2.418946195632770024e+00
1.425102670302997865e-01 2.099976268724425665e+00
1.504033553638023657e-01 2.166886534223402272e+00
1.587336111010208550e-01 1.964196300073581591e+00
1.675252472408213789e-01 2.115488751584179372e+00
1.768038178457206899e-01 2.006631628505101350e+00
1.865962923181745947e-01 2.056344735565673432e+00
1.969311337907421744e-01 2.280303569508112638e+00
2.078383818579757347e-01 2.475562278860201637e+00
2.193497398905057960e-01 2.623547593970259495e+00
2.314986671851160804e-01 2.990741725842889664e+00
2.443204762186486634e-01 3.648610430487718492e+00
2.578524352884273840e-01 4.749258619671391735e+00
2.721338768375305972e-01 6.563774628839415648e+00
2.872063117797828413e-01 1.284897217087012855e+01
3.031135501567576163e-01 2.388526690473815961e+03
3.199018284775063670e-01 2.479739443189361737e+03
3.376199441111336630e-01 2.545079160258899719e+03
3.563193971228584278e-01 2.539409162062913765e+03
3.760545399658167809e-01 2.435183268642365420e+03
3.968827354637161631e-01 2.459610381733429676e+03
4.188645235435271008e-01 2.597119571371146321e+03
4.420637972028529927e-01 2.578554800762653485e+03
4.665479882234472853e-01 2.646483980274436817e+03
4.923882631706736346e-01 2.797696796615839503e+03
5.196597302486196668e-01 3.034076450922513231e+03
5.484416576121015074e-01 3.045977907748249891e+03
5.788177037701274230e-01 3.446047773370220966e+03
6.108761607505033275e-01 3.591432770036431975e+03
6.447102107323869902e-01 3.801053138848369599e+03
6.804181968927094371e-01 4.077498910007245286e+03
7.181039092537349067e-01 4.891858785130984870e+03
7.578768863625922059e-01 5.364340742398691873e+03
7.998527336796708020e-01 5.932108626318865390e+03
8.441534596012976177e-01 6.609252689449101126e+03
8.909078300934133443e-01 8.181208971845262568e+03
9.402517429670123050e-01 1.016003960337546050e+04
9.923286228832545186e-01 1.539176433400885799e+04
1.047289838236358461e+00 3.124835820021318068e+04
1.105295141126021008e+00 3.862661814060191682e+04
1.166513131698196259e+00 4.789627047125426179e+04
1.231121748203889643e+00 5.975921612037965679e+04
1.299308784200415845e+00 6.143810773081271327e+04
1.371272434398399520e+00 7.017437752853154961e+04
1.447221870741134397e+00 7.293136824293695099e+04
1.527377850390712499e+00 8.414594525898918801e+04
1.611973357388157169e+00 8.828534548703272594e+04
1.701254279852587370e+00 9.294174322742670483e+04
1.795480124687830470e+00 9.824390185538359219e+04
1.894924771873819802e+00 1.042085988794588484e+05
1.999877270535284968e+00 1.107962343231656123e+05
2.110642679101552677e+00 1.181309188284276897e+05
2.227542951999556209e+00 1.262579713802449405e+05
2.350917875457284367e+00 1.352240423601001385e+05
2.481126055137767850e+00 1.312894577587753884e+05
2.618545958474232549e+00 1.410211573832496942e+05
2.763577014736157356e+00 1.516876853255078022e+05
2.916640776023703641e+00 1.633486836238797405e+05
3.078182142565077051e+00 1.760923971954317822e+05
3.248670655878374891e+00 1.719767244951027678e+05
3.428601863556583140e+00 1.856299453646711190e+05
3.618498759642746698e+00 2.004498491861012299e+05
3.818913304781850204e+00 2.165147050092392019e+05
4.030428030568050879e+00 2.117354638576326251e+05
4.253657732750382614e+00 2.287751593508101651e+05
4.489251258218603269e+00 2.472201160714851867e+05
4.737893390963138884e+00 2.671580659114089794e+05
5.000306842491089476e+00 2.886812580478109885e+05
5.277254352483532251e+00 3.118885303348677699e+05
5.569540905800129948e+00 3.050107576182783814e+05
5.878016072274911963e+00 3.293468432368958020e+05
6.203576476104267989e+00 3.554512715273281210e+05
6.547168402004736265e+00 3.834936434436872951e+05
6.909790545715638110e+00 4.136172214289154508e+05
7.292496916841444410e+00 4.459204467882245081e+05
7.696399902471150689e+00 4.805434810214018216e+05
8.122673500479711706e+00 5.176269930413411348e+05
8.572556731909315886e+00 5.573205763059095480e+05
9.047357242349292505e+00 5.431688469111334998e+05
9.548455102782282822e+00 5.842777820704141632e+05
1.007730682094459773e+01 6.280576088394195540e+05
1.063544957486011278e+01 6.748452425756331068e+05
1.122450568085305811e+01 7.248062912550701294e+05
1.184618730902682415e+01 7.782112818770693848e+05
1.250230145991453412e+01 8.352150562122529373e+05
1.319475521676706009e+01 8.960888944019118790e+05
1.392556128874461940e+01 9.610691091796798864e+05
1.469684386112444408e+01 1.029775888533327496e+06
1.551084476952840596e+01 1.103040211052824510e+06
1.636993001611702070e+01 1.181183767773054307e+06
1.727659664669034711e+01 1.264513960428135702e+06
1.823348000868438490e+01 1.494193592222165084e+06
1.924336141115979970e+01 1.448005704709819984e+06
2.030917620904734733e+01 1.547842425060526235e+06
2.143402233514854416e+01 1.654191659232644830e+06
2.262116930469021625e+01 1.950726640984601807e+06
2.387406771860646870e+01 2.300014049831910990e+06
2.519635929317013634e+01 7.598185143601170000e+15
2.659188744512691116e+01 2.671124935202974500e+15
2.806470846309833078e+01 8.274434411110651000e+15
2.961910329772553396e+01 nan
3.125959000482277972e+01 3.328759238747637500e+15
3.299093687770935901e+01 1.343211191759269750e+15
3.481817630688966148e+01 8.955898976603081055e+11
3.674661940736687882e+01 2.037931964705716797e+13
3.878187145610719710e+01 2.090661006144606000e+16
4.092984818452433871e+01 7.006105792342414551e+11
4.319679297334173640e+01 2.164138357040232500e+15
4.558929499981059053e+01 1.133216772215287600e+16
4.811430839003254789e+01 1.582799458063829200e+16
5.077917243205393305e+01 3.463752665548892800e+16
5.359163290848514549e+01 4.991570018991808800e+16
5.655986461065002402e+01 1.974512467448798750e+15
5.969249509970727274e+01 2.539669986488405500e+15
6.299862978380680545e+01 nan
6.648787838417263174e+01 4.696661860295839000e+15
7.017038286703822791e+01 2.004473777912586750e+15
7.405684692262427404e+01 1.227060774140106880e+17
7.815856707684091020e+01 8.229404971346695312e+13
8.248746552614581162e+01 1.563716850709807680e+17
8.705612479099856671e+01 3.860687819575537500e+14
9.187782428863320661e+01 nan
9.696657893145520291e+01 8.827774976329788000e+15
1.023371798632519187e+02 6.781698046115098750e+14
1.080052374516251774e+02 1.838538475971247750e+15
1.139872266616050211e+02 8.813809099251851000e+15
1.203005349423324191e+02 6.744106415478848000e+15
1.269635127659972795e+02 1.193289824972566562e+14
1.339955269659337205e+02 1.320436275306155750e+15
1.414170170289021087e+02 nan
1.492495545051829140e+02 2.110441866416674000e+16
1.575159057091621264e+02 8.043287066805247000e+15
1.662400978926610264e+02 1.608047692801534200e+16
1.754474890833459710e+02 5.567110964503118400e+16
1.851648417912153946e+02 1.064188252622072812e+14
1.954204007974051365e+02 2.867766966447000320e+17
2.062439752514088411e+02 7.474972213226590000e+14
2.176670253153459100e+02 1.039260827836912891e+13
2.297227536071151235e+02 8.203904979894386000e+15
2.424462017082325929e+02 5.270567985541873280e+17
2.558743520168583814e+02 4.235924069515436000e+15
2.700462352420682350e+02 1.197824208198683250e+15
2.850030438518105029e+02 5.271640921491661000e+15
3.007882518043095956e+02 1.537500889477942500e+15
3.174477409109186965e+02 7.792540497925606250e+13
3.350299341977229801e+02 3.443142904049483520e+17
3.535859366535175923e+02 9.604672878363820000e+15
3.731696837732748122e+02 7.129024025772844000e+16
3.938380983288481048e+02 4.436892732797971200e+16
4.156512558225987846e+02 1.570374642497230600e+16
4.386725591048494266e+02 1.577891037188223000e+15
4.629689226627258449e+02 nan
4.886109671160326116e+02 3.636106821105623500e+15
5.156732244854963483e+02 2.198558992495274560e+17
5.442343548300260636e+02 5.397839030004361600e+17
5.743773748826574774e+02 8.341754062448530000e+15
6.061898993497571837e+02 2.160924931366985000e+15
6.397643955748424105e+02 2.184986396094158000e+15
6.751984523072494540e+02 9.675824922743094000e+15
7.125950633568396597e+02 2.377090177284698000e+16
7.520629269592407127e+02 2.115599580348258250e+15
7.937167617217542102e+02 2.104199473675582250e+15
8.376776400682906569e+02 1.197449611764084000e+15
8.840733401525044428e+02 3.795098060772406500e+15
9.330387172620360161e+02 1.682535327568227750e+15
9.847160957933764394e+02 1.162089488630514600e+16
1.039255682936711082e+03 1.064769299810529492e+13
1.096816005273137989e+03 4.747297005264815200e+16
1.157564369553303550e+03 nan
1.221677348996790670e+03 2.256771179589414720e+17
1.289341296525713005e+03 7.403496724796846400e+16
1.360752886424333155e+03 1.917546213147737280e+17
1.436119685999077319e+03 8.176799167752132000e+15
1.515660758900601195e+03 7.321006003374215000e+14
1.599607301861484530e+03 1.301566322103787750e+15
1.688203316700362848e+03 7.594907350729400000e+15
1.781706319545728775e+03 3.125809828594977200e+16
1.880388089340912757e+03 4.603111770805040000e+15
1.984535457805799069e+03 9.481202131656022000e+15
2.094451143151468841e+03 8.716309738680009600e+16
2.210454629971019131e+03 3.191325972250176800e+16
2.332883097864153569e+03 8.423900280335894000e+15
2.462092401494625392e+03 6.653150253717515520e+17
2.598458104929247384e+03 4.187728301648465600e+16
2.742376573264946728e+03 nan
2.894266124716745708e+03 nan
3.054568246515431838e+03 3.524537299198985000e+15
3.223748878149026950e+03 4.058483035327673438e+13
3.402299765678064432e+03 7.052419831751281000e+15
3.590739891061047729e+03 2.556040134598497266e+13
3.789616980644716023e+03 nan
3.999509097203661440e+03 2.048353995256016320e+17
4.221026320156894144e+03 1.714538844354508250e+15
4.454812518844979422e+03 4.642136045396301270e+11
4.701547224022129740e+03 2.905055304736185600e+17
4.961947603002898177e+03 8.681080450997049000e+15
5.236770544204644466e+03 4.068320627676844000e+15
5.526814857144591770e+03 2.184326833528447750e+15
5.832923594286199659e+03 4.650691710086840000e+16
6.155986501483501343e+03 nan
6.496942604146111080e+03 3.837258016981964800e+16
6.856782936641738161e+03 1.236097519549094560e+17
7.236553422869649694e+03 3.335639603480586500e+15
7.637357916378011396e+03 2.409986673463033500e+15
8.060361408861328528e+03 2.571614041932851500e+15
8.506793416364153018e+03 2.555064319848253500e+15
8.977951553033313758e+03 5.406522804083587200e+16
9.475205302806527470e+03 2.560273996174750400e+16
1.000000000000000000e+04 5.589012120392389760e+17
