1.000000000000000056e-01 2.414189476162489427e+03
1.039255682936712638e-01 2.130097099365659233e+03
1.080052374516252828e-01 2.006224797335961284e+03
1.122450568085306410e-01 1.885933038557222289e+03
1.166513131698196093e-01 1.772402376454801470e+03
1.212305401337652189e-01 1.665018628142087437e+03
1.259895277795027302e-01 1.562818451123140449e+03
1.309353327353610374e-01 1.463621638620530348e+03
1.360752886424333452e-01 1.369748005454046961e+03
1.414170170289023587e-01 1.280908002677474542e+03
1.469684386112446450e-01 1.196566140246035729e+03
1.527377850390713721e-01 1.191781666538370018e+03
1.587336111010209105e-01 1.110001930551135501e+03
1.649648074098020167e-01 1.032548013280081477e+03
1.714406135851970769e-01 9.584718992430573508e+02
1.781706319545730832e-01 9.489460283751026282e+02
1.851648417912155065e-01 8.776803333987735414e+02
1.924336141115980114e-01 8.101912662857774876e+02
1.999877270535286022e-01 7.971069905753549847e+02
2.078383818579757347e-01 7.327232473856773822e+02
2.159972194782718291e-01 7.173880259854090582e+02
2.244763378413223709e-01 7.009096366674248202e+02
2.332883097864157096e-01 6.396062943531618430e+02
2.424462017082328336e-01 6.216769377610241918e+02
2.519635929317015077e-01 6.023137095850673859e+02
2.618545958474232660e-01 5.823996945639873957e+02
2.721338768375307082e-01 5.608244252776665917e+02
2.828166780230032540e-01 5.392577010943183495e+02
2.939188398646885858e-01 5.166417605199169429e+02
3.054568246515431684e-01 4.942292028850444581e+02
3.174477409109192627e-01 4.709448475515724226e+02
3.299093687770939809e-01 4.786885465377058040e+02
3.428601863556585694e-01 4.549154014302930591e+02
3.563193971228584833e-01 4.310571566004884403e+02
3.703069584005140302e-01 4.358910498584342577e+02
3.848436109487430312e-01 4.122503790868838109e+02
3.999509097203664543e-01 4.160435738332811297e+02
4.156512558225988752e-01 3.925506874937814814e+02
4.319679297334173551e-01 3.703297276976545618e+02
4.489251258218605600e-01 3.731338095189838100e+02
4.665479882234472853e-01 3.520552612362616856e+02
4.848626481239080577e-01 3.546317414390541103e+02
5.038962625065149803e-01 3.342507946556562501e+02
5.236770544204653044e-01 3.367829488420347275e+02
5.442343548300266898e-01 3.178305931028551754e+02
5.655986461065004578e-01 3.204838506988472773e+02
5.878016072274911963e-01 3.026357905935785197e+02
6.108761607505036606e-01 3.051547543844992560e+02
6.348565216305216419e-01 2.881420391481975116e+02
6.597782479539537892e-01 2.907928932782468223e+02
6.856782936641739878e-01 2.749056318642139445e+02
7.125950633568408632e-01 2.774853578193843759e+02
7.405684692262436419e-01 2.619735351355535045e+02
7.696399902471157128e-01 2.642429047997451903e+02
7.998527336796710241e-01 2.495043325793201063e+02
8.312514989890629202e-01 2.515525902877122633e+02
8.638828442740447144e-01 2.372725555682880554e+02
8.977951553033320931e-01 2.388375025693396481e+02
9.330387172620362435e-01 2.402317676038159959e+02
9.696657893145520513e-01 2.259823456852288359e+02
1.007730682094461150e+00 2.268622042513682686e+02
1.047289838236358461e+00 2.275039299624218359e+02
1.088401916069005937e+00 2.279169974683179305e+02
1.131127876593921444e+00 2.280864539432207323e+02
1.175531073878369304e+00 2.280028685789820031e+02
1.221677348996791812e+00 2.276632569729438558e+02
1.269635127659973550e+00 2.270708215170169524e+02
1.319475521676706009e+00 2.262345392455640649e+02
1.371272434398400186e+00 2.251687166402334412e+02
1.425102670302997865e+00 2.238931572424587557e+02
1.481046048880674704e+00 2.224498534352206036e+02
1.539185522990205390e+00 2.360117121929681900e+02
1.599607301861486919e+00 2.341579816405430279e+02
1.662400978926611872e+00 2.320856534745377644e+02
1.727659664669035644e+00 2.455278514724570869e+02
1.795480124687831358e+00 2.431395701923111687e+02
1.865962923181746058e+00 2.571786720814809541e+02
1.939212572065829976e+00 2.544990544191861659e+02
2.015337685941732904e+00 2.686756057075251078e+02
2.094451143151469630e+00 2.655963787611885891e+02
2.176670253153459189e+00 2.804971925550955802e+02
2.262116930469025178e+00 2.772699248627504289e+02
2.350917875457286588e+00 2.924493588844641181e+02
2.443204762186487855e+00 2.888813904859082982e+02
2.539114433680346838e+00 3.049101755295541807e+02
2.638789104828933141e+00 3.012895003504805231e+02
2.742376573264949435e+00 3.177064257593845014e+02
2.850030438518106557e+00 3.137990742749105380e+02
2.961910329772553307e+00 3.312028620358416333e+02
3.078182142565078383e+00 3.495355346183127381e+02
3.199018284775064114e+00 3.452577450576004594e+02
3.324597932270939804e+00 3.644300284520028299e+02
3.455107294592218103e+00 3.602484695665882555e+02
3.590739891061053068e+00 3.804680594746776592e+02
3.731696837732751959e+00 3.761109829529984836e+02
3.878187145610721753e+00 3.973069513591284476e+02
4.030428030568050879e+00 3.931324933877050398e+02
4.188645235435270564e+00 4.157780495011225526e+02
4.353073364731890216e+00 4.115196399804422072e+02
4.523956232538053790e+00 4.352077205681814576e+02
4.701547224022132099e+00 4.312024973820650189e+02
4.886109671160325796e+00 4.567288248394804668e+02
5.077917243205400943e+00 4.529430354764280651e+02
5.277254352483537581e+00 4.796268133219525680e+02
5.484416576121017961e+00 4.759063960706110947e+02
5.699711094326075589e+00 5.047174247510529881e+02
5.923457145875802965e+00 5.013084292925002501e+02
6.155986501483507567e+00 5.322551786776856488e+02
6.397643955748426592e+00 5.289377759700926163e+02
6.648787838417263174e+00 5.259143121676548844e+02
6.909790545715641663e+00 5.587303706536392838e+02
7.181039092537348623e+00 5.560634768762503199e+02
7.462935686310133043e+00 5.536752792254114866e+02
7.755898323389001980e+00 5.892805742478201410e+02
8.060361408861341559e+00 5.872573850668512705e+02
8.376776400682915735e+00 5.854996874790684842e+02
8.705612479099860579e+00 6.237073732273404403e+02
9.047357242349292505e+00 6.222263852158051805e+02
9.402517429670131932e+00 6.210186692342729202e+02
9.771619672696177261e+00 6.200750288948220259e+02
1.015521127634568010e+01 6.614392534359819820e+02
1.055386103036522982e+01 6.609224400389006178e+02
1.096816005273137939e+01 6.606615819383370081e+02
1.139872266616051455e+01 6.606492777372837963e+02
1.184618730902683659e+01 7.059582600181947782e+02
1.231121748203889510e+01 7.064027502201978450e+02
1.279450273207873323e+01 7.070921263918119166e+02
1.329675967466211262e+01 7.080225027739551251e+02
1.381873305653632222e+01 7.091887149092606251e+02
1.436119685999078754e+01 7.105857496628896115e+02
1.492495545051828998e+01 7.608825740125474795e+02
1.551084476952840596e+01 7.627944353783823317e+02
1.611973357388157169e+01 7.649386635808842811e+02
1.675252472408215354e+01 7.673117143941478844e+02
1.741015652304015404e+01 7.699104684008191271e+02
1.809360410738716496e+01 7.727322111679985710e+02
1.880388089340914703e+01 7.757746148576500218e+02
1.954204007974053425e+01 7.790357220566941123e+02
2.030917620904734733e+01 7.825139305890411379e+02
2.110642679101554720e+01 7.862079782035744984e+02
2.193497398905057949e+01 7.901169317377311927e+02
2.279604637318979599e+01 7.942401739306264972e+02
2.369092074182632146e+01 7.985773946386858597e+02
2.462092401494625449e+01 8.031285796330857920e+02
2.558743520168586372e+01 8.078498843541599399e+02
2.659188744512693603e+01 8.678308432034733642e+02
2.763577014736157267e+01 8.732965398644702191e+02
2.872063117797828014e+01 8.788240582769544744e+02
2.984807916924324189e+01 8.843415993442313265e+02
3.101978590138096692e+01 8.330195621795647867e+02
3.223748878149029906e+01 8.386563538185311018e+02
3.350299341977229517e+01 8.444975026039240902e+02
3.481817630688966148e+01 8.505449178551951945e+02
3.618498759642746876e+01 8.568007324382792831e+02
3.760545399658171561e+01 8.632672973863338939e+02
3.908168177536263954e+01 8.699471847733284449e+02
4.061585988376979373e+01 8.768228725904025396e+02
4.221026320156898493e+01 8.834472614042902023e+02
4.386725591048498529e+01 8.902744157022854097e+02
4.558929499981059053e+01 8.973072244671770932e+02
4.737893390963144213e+01 9.045487738472053252e+02
4.923882631706736390e+01 9.120023472625327940e+02
5.117173007114605099e+01 9.196714272743921583e+02
5.318051128214197121e+01 9.275596969941547059e+02
5.526814857144603366e+01 9.356710453520109922e+02
5.743773748826581027e+01 9.440095671296837736e+02
5.969249509970733669e+01 9.525255840406863399e+02
6.203576476104268522e+01 8.990587766080861911e+02
6.447102107323868836e+01 9.070197277390891486e+02
6.700187503509583564e+01 9.151915723744483557e+02
6.963207939763883303e+01 9.235785467044902362e+02
7.236553422869657481e+01 9.321850806897008397e+02
7.520629269592407695e+01 9.410157982421718543e+02
7.815856707684091020e+01 9.500755247818955240e+02
8.122673500479712061e+01 9.588488025109151067e+02
8.441534596012985503e+01 9.677215275979089029e+02
8.772912801613355782e+01 9.768154893434019641e+02
9.117299484984921776e+01 9.231627377693259859e+02
9.475205302806537588e+01 9.321927685693570993e+02
9.847160957933773773e+01 9.414469562401558278e+02
1.023371798632519187e+02 9.509305297864729027e+02
1.063544957486011242e+02 9.600394204244844332e+02
1.105295141126021008e+02 9.693066434893435144e+02
1.148684256737553540e+02 9.787960193770225032e+02
1.193776641714435698e+02 9.885127782101483263e+02
1.240639159058831780e+02 9.348738562727271528e+02
1.289341296525714426e+02 9.445056812387656464e+02
1.339955269659338342e+02 9.541921141887911517e+02
1.392556128874462047e+02 9.635953387697708195e+02
1.447221870741134353e+02 9.732179316103786277e+02
1.504033553638023761e+02 9.830652378429538203e+02
1.563075417945815673e+02 9.931427945449123627e+02
1.624435010958865462e+02 1.003456336575086652e+03
1.688203316700362677e+02 9.496164827435746929e+02
1.754474890833459710e+02 9.592769255449826460e+02
1.823348000868440408e+02 9.690059001005438404e+02
1.894924771873821783e+02 9.789577162598520772e+02
1.969311337907421660e+02 9.891379942344061647e+02
2.046617999391989713e+02 9.995525494370839397e+02
2.126959386668689831e+02 1.010207401806000121e+03
2.210454629971021632e+02 9.560435976353249998e+02
2.297227536071151235e+02 9.658587611534235293e+02
2.387406771860646870e+02 9.758954680449827492e+02
2.481126055137767707e+02 9.861594022349015631e+02
2.578524352884273867e+02 9.966564424526502535e+02
2.679746087325689246e+02 1.007392669775702984e+03
2.784941350080644042e+02 9.536591954569108793e+02
2.894266124716749005e+02 9.635452007725324393e+02
3.007882518043098798e+02 9.736518718908135952e+02
3.125959000482278043e+02 9.839849421885642187e+02
3.248670655878374873e+02 9.945503408408526411e+02
3.376199441111336910e+02 1.005354198944298105e+03
3.508734455902711034e+02 1.016402853998097953e+03
3.646472223212745121e+02 9.618863433469638267e+02
3.789616980644715909e+02 9.720515300710715110e+02
3.938380983288489006e+02 9.824425911364126023e+02
4.092984818452438276e+02 9.930654964312822131e+02
4.253657732750387481e+02 1.003926416657145865e+03
4.420637972028529816e+02 1.015031731444046500e+03
4.594173134636476448e+02 9.607430939604977311e+02
4.774520538566126220e+02 9.709579599896685522e+02
4.961947603002902838e+02 9.813984021106583668e+02
5.156732244854963483e+02 9.920704249962574295e+02
5.359163290848514407e+02 1.002980234044746680e+03
5.569540905800130304e+02 1.014134243823867564e+03
5.788177037701274230e+02 9.600068131838161207e+02
6.015395880274832052e+02 9.702645011122720007e+02
6.251534353689711452e+02 9.807476403217436882e+02
6.496942604146117901e+02 9.914622648703918912e+02
6.751984523072501361e+02 1.002414610675434801e+03
7.017038286703822223e+02 1.013611122498605482e+03
7.292496916841444090e+02 1.025058462080871095e+03
7.578768863625922450e+02 9.698875093163603651e+02
7.876278611187054821e+02 9.804081347762926271e+02
8.185467307069020535e+02 9.911602798667738625e+02
8.506793416364153018e+02 1.002150207465527615e+03
8.840733401525062618e+02 1.013384388989316562e+03
9.187782428863330324e+02 1.024869514028970798e+03
9.548455102782293125e+02 9.697612052056111906e+02
9.923286228832545248e+02 9.803152438002089184e+02
1.031283160672184749e+03 9.911009354302040038e+02
1.071766885445503476e+03 1.002124567817097045e+03
1.113839826482618264e+03 1.013392637887101728e+03
1.157564369553303550e+03 1.024911860065050178e+03
1.203005349423324333e+03 9.698337459263572100e+02
1.250230145991456084e+03 9.804180039458218516e+02
1.299308784200414493e+03 9.912341270256994221e+02
1.350314037869872209e+03 1.002288425592365115e+03
1.403321537605484764e+03 1.013587419384657778e+03
1.458409882943986304e+03 1.025137846423309156e+03
1.515660758900601195e+03 9.700641948048290715e+02
1.575159057091621207e+03 9.806761667870822521e+02
1.636993001611701857e+03 9.915202764487593186e+02
1.701254279852589207e+03 1.002602855528394912e+03
1.768038178457205049e+03 1.013930445721130241e+03
1.837443724610724757e+03 1.025509807326898908e+03
1.909573832878096709e+03 9.704201865622203513e+02
1.984535457805803162e+03 9.810579030275775949e+02
2.062439752514092561e+03 9.919280776634658423e+02
2.143402233514854743e+03 1.003037063303175273e+03
2.227542951999556408e+03 1.014391421333709445e+03
2.314986671851160736e+03 1.025997934257679617e+03
2.405863054644066779e+03 9.708760982826682948e+02
2.500306851906321299e+03 9.815380121513358063e+02
2.598458104929247384e+03 9.924327424021220168e+02
2.700462352420682237e+03 1.003566661813641645e+03
2.806470846309838635e+03 1.014946351825697207e+03
2.916640776023700710e+03 1.026578615152327075e+03
3.031135501567576284e+03 9.714116316150244756e+02
3.150124795755327796e+03 9.820965256500809346e+02
3.273785095948577236e+03 9.930146261041352318e+02
3.402299765678064432e+03 1.004172322367366405e+03
3.535859366535175923e+03 1.015576216706750529e+03
3.674661940736687939e+03 1.027233131267086264e+03
3.818913304781854094e+03 9.720106900015210840e+02
3.968827354637157896e+03 9.827176102866301335e+02
4.124626382901347824e+03 9.936581495756624918e+02
4.286541408420925109e+03 1.004838715805077186e+03
4.454812518844988517e+03 1.016265930231248490e+03
4.629689226627267999e+03 1.027946634935206248e+03
4.811430839003254732e+03 9.726605048050604410e+02
5.000306842491089810e+03 9.833887027823143399e+02
5.196597302486196895e+03 9.943509519543755459e+02
5.400593278542373810e+03 1.005553677887659433e+03
5.612597255954965476e+03 1.017003520833720813e+03
5.832923594286199659e+03 1.028707342044247525e+03
6.061898993497572519e+03 9.733509421115068108e+02
6.299862978380693676e+03 9.840998326477666751e+02
6.547168402004729614e+03 9.950832217979381085e+02
6.804181968927094204e+03 1.006307553163704370e+03
7.071284778942996127e+03 1.017779484954582244e+03
7.348872892180387680e+03 1.029505897852101953e+03
7.637357916378011396e+03 9.740739555094446587e+02
7.937167617217543011e+03 9.848430828452068226e+02
8.248746552614580651e+03 9.958471683078334991e+02
8.572556731909324299e+03 1.007092673789826449e+03
8.909078300934124854e+03 1.018586275720461572e+03
9.258810253973944782e+03 1.030334873340360900e+03
9.622271173675135287e+03 9.748231554787746518e+02
1.000000000000000000e+04 9.856121655965679338e+02
