1.000000000000000056e-01 nan
1.039255682936712638e-01 nan
1.080052374516252828e-01 nan
1.122450568085306410e-01 nan
1.166513131698196093e-01 nan
1.212305401337652189e-01 nan
1.259895277795027302e-01 nan
1.309353327353610374e-01 nan
1.360752886424333452e-01 nan
1.414170170289023587e-01 nan
1.469684386112446450e-01 nan
1.527377850390713721e-01 nan
1.587336111010209105e-01 6.367603960660925077e+04
1.649648074098020167e-01 4.898230747832904308e+04
1.714406135851970769e-01 4.126276951646428643e+04
1.781706319545730832e-01 3.450440392060385784e+04
1.851648417912155065e-01 3.165614618931383302e+04
1.924336141115980114e-01 2.887375832848166101e+04
1.999877270535286022e-01 2.618942391105787829e+04
2.078383818579757347e-01 2.606562879890924887e+04
2.159972194782718291e-01 2.335309437489841730e+04
2.244763378413223709e-01 2.294660035224310559e+04
2.332883097864157096e-01 2.242466469447029158e+04
2.424462017082328336e-01 2.179309326955867436e+04
2.519635929317015077e-01 2.104428930747233244e+04
2.618545958474232660e-01 2.228313599771833469e+04
2.721338768375307082e-01 2.127229807128055836e+04
2.828166780230032540e-01 2.228892465696084764e+04
2.939188398646885858e-01 2.324867916568704823e+04
3.054568246515431684e-01 2.413631010631158279e+04
3.174477409109192627e-01 2.494892778764083050e+04
3.299093687770939809e-01 2.839733721259240338e+04
3.428601863556585694e-01 2.918403539367217672e+04
3.563193971228584833e-01 3.309544323559395707e+04
3.703069584005140302e-01 3.389901465733222722e+04
3.848436109487430312e-01 4.236911832887115452e+04
3.999509097203664543e-01 4.779640591261017107e+04
4.156512558225988752e-01 6.379397735596070290e+08
4.319679297334173551e-01 7.345638149775067568e+08
4.489251258218605600e-01 nan
4.665479882234472853e-01 nan
4.848626481239080577e-01 nan
5.038962625065149803e-01 nan
5.236770544204653044e-01 nan
5.442343548300266898e-01 nan
5.655986461065004578e-01 nan
5.878016072274911963e-01 nan
6.108761607505036606e-01 1.549536452977089903e+04
6.348565216305216419e-01 1.218685985622519547e+04
6.597782479539537892e-01 9.540384254259241061e+03
6.856782936641739878e-01 8.219522079859441874e+03
7.125950633568408632e-01 7.057559423471857372e+03
7.405684692262436419e-01 6.040586729763609583e+03
7.696399902471157128e-01 5.695376809608756048e+03
7.998527336796710241e-01 4.845958479923719096e+03
8.312514989890629202e-01 4.543469319180362618e+03
8.638828442740447144e-01 4.246458709608936260e+03
8.977951553033320931e-01 3.957410857076993125e+03
9.330387172620362435e-01 3.677120600719847062e+03
9.696657893145520513e-01 3.760448340540189292e+03
1.007730682094461150e+00 3.469672568561192293e+03
1.047289838236358461e+00 3.192600140763798208e+03
1.088401916069005937e+00 3.231349287131990422e+03
1.131127876593921444e+00 3.261753810571801296e+03
1.175531073878369304e+00 2.972346819175746987e+03
1.221677348996791812e+00 2.980183881361273052e+03
1.269635127659973550e+00 2.979111743867561472e+03
1.319475521676706009e+00 2.969181194613099706e+03
1.371272434398400186e+00 2.950764805222659106e+03
1.425102670302997865e+00 2.924550671593140123e+03
1.481046048880674704e+00 2.892055333164923923e+03
1.539185522990205390e+00 2.854422174933708902e+03
1.599607301861486919e+00 3.103057691120923664e+03
1.662400978926611872e+00 3.050460774206383121e+03
1.727659664669035644e+00 2.994324013672740875e+03
1.795480124687831358e+00 2.935069969087157915e+03
1.865962923181746058e+00 3.170037698361695220e+03
1.939212572065829976e+00 3.098948247912347142e+03
2.015337685941732904e+00 3.341263654499522545e+03
2.094451143151469630e+00 3.259182894706912521e+03
2.176670253153459189e+00 3.177159407073911098e+03
2.262116930469025178e+00 3.415335885713580865e+03
2.350917875457286588e+00 3.326024711536559153e+03
2.443204762186487855e+00 3.572421845470840253e+03
2.539114433680346838e+00 3.474678612590031207e+03
2.638789104828933141e+00 3.728566722832705182e+03
2.742376573264949435e+00 3.625168639017650094e+03
2.850030438518106557e+00 3.888386909793034647e+03
2.961910329772553307e+00 4.172195266791130962e+03
3.078182142565078383e+00 4.050689755493053326e+03
3.199018284775064114e+00 4.344803595593719365e+03
3.324597932270939804e+00 4.220871679938401030e+03
3.455107294592218103e+00 4.527047127400153840e+03
3.590739891061053068e+00 4.398131573386463060e+03
3.731696837732751959e+00 4.717813544406682013e+03
3.878187145610721753e+00 5.064631702242125357e+03
4.030428030568050879e+00 4.924846096626819417e+03
4.188645235435270564e+00 5.288675043838849888e+03
4.353073364731890216e+00 5.146802981562618697e+03
4.523956232538053790e+00 5.531929740078001487e+03
4.701547224022132099e+00 5.951612111140240813e+03
4.886109671160325796e+00 5.801147620909099714e+03
5.077917243205400943e+00 6.246126411436186572e+03
5.277254352483537581e+00 6.095114100129448161e+03
5.484416576121017961e+00 6.570502942376745523e+03
5.699711094326075589e+00 7.090693491206157887e+03
5.923457145875802965e+00 6.933297227912756171e+03
6.155986501483507567e+00 7.491895598314398740e+03
6.397643955748426592e+00 7.334986334588280442e+03
6.648787838417263174e+00 7.935655115982384814e+03
6.909790545715641663e+00 8.595656908289192870e+03
7.181039092537348623e+00 8.431987508960231935e+03
7.462935686310133043e+00 9.146428685220558691e+03
7.755898323389001980e+00 8.988391629661222396e+03
8.060361408861341559e+00 9.764188429231529881e+03
8.376776400682915735e+00 9.611958286111785128e+03
8.705612479099860579e+00 1.045686482646336299e+04
9.047357242349292505e+00 1.030840720386677094e+04
9.402517429670131932e+00 1.123239644311630218e+04
9.771619672696177261e+00 1.108704239594469800e+04
1.015521127634568010e+01 1.209908099324569775e+04
1.055386103036522982e+01 1.196062256250455721e+04
1.096816005273137939e+01 1.307190621637224831e+04
1.139872266616051455e+01 1.294091680438513322e+04
1.184618730902683659e+01 1.416406961940026667e+04
1.231121748203889510e+01 1.404130356528407719e+04
1.279450273207873323e+01 1.539056217368073885e+04
1.329675967466211262e+01 1.527709059266966324e+04
1.381873305653632222e+01 1.676865737207819620e+04
1.436119685999078754e+01 1.666580568026092442e+04
1.492495545051828998e+01 1.831770726448723508e+04
1.551084476952840596e+01 1.822700703080606399e+04
1.611973357388157169e+01 2.005849750840439447e+04
1.675252472408215354e+01 1.998276541252531024e+04
1.741015652304015404e+01 2.200654895503493026e+04
1.809360410738716496e+01 2.194891282097596923e+04
1.880388089340914703e+01 2.419381527508039653e+04
1.954204007974053425e+01 2.415446840988292752e+04
2.030917620904734733e+01 2.664940725763053706e+04
2.110642679101554720e+01 2.941739861845744599e+04
2.193497398905057949e+01 3.704152879344448447e+06
2.279604637318979599e+01 3.661764982189974748e+06
2.369092074182632146e+01 3.624437963371095248e+06
2.462092401494625449e+01 3.591742019151829183e+06
2.558743520168586372e+01 3.562403929202785715e+06
2.659188744512693603e+01 3.537069119079965632e+06
2.763577014736157267e+01 3.515499961572357919e+06
2.872063117797828014e+01 3.497431730894007720e+06
2.984807916924324189e+01 3.482631468738770578e+06
3.101978590138096692e+01 3.470893768175568432e+06
3.223748878149029906e+01 3.462037401189740747e+06
3.350299341977229517e+01 3.455902377309905831e+06
3.481817630688966148e+01 3.452347377799967304e+06
3.618498759642746876e+01 3.451247659660574049e+06
3.760545399658171561e+01 3.452493169499754906e+06
3.908168177536263954e+01 3.455986991824432276e+06
4.061585988376979373e+01 3.461643951566479169e+06
4.221026320156898493e+01 3.469389454869227484e+06
4.386725591048498529e+01 3.479158353211296257e+06
4.558929499981059053e+01 3.490894261549347080e+06
4.737893390963144213e+01 3.504548539663784206e+06
4.923882631706736390e+01 3.520079802208196837e+06
5.117173007114605099e+01 3.537453229970067739e+06
5.318051128214197121e+01 3.556640089660213795e+06
5.526814857144603366e+01 3.577617269489380997e+06
5.743773748826581027e+01 3.600024262154732831e+06
5.969249509970733669e+01 3.623729871100258082e+06
6.203576476104268522e+01 3.649123648449629545e+06
6.447102107323868836e+01 3.676200995099982712e+06
6.700187503509583564e+01 3.704960376319997013e+06
6.963207939763883303e+01 3.735404833421461284e+06
7.236553422869657481e+01 3.767540487505642232e+06
7.520629269592407695e+01 3.443203195872775745e+06
7.815856707684091020e+01 3.474383730795847718e+06
8.122673500479712061e+01 3.507070372635851614e+06
8.441534596012985503e+01 3.541279203346379101e+06
8.772912801613355782e+01 3.577028529983398505e+06
9.117299484984921776e+01 3.613540847941183951e+06
9.475205302806537588e+01 3.651157395660012029e+06
9.847160957933773773e+01 3.690319421388910152e+06
1.023371798632519187e+02 3.731053397792721167e+06
1.063544957486011242e+02 3.773388351259180345e+06
1.105295141126021008e+02 3.457357606628389098e+06
1.148684256737553540e+02 3.497363552127321716e+06
1.193776641714435698e+02 3.538845123791905586e+06
1.240639159058831780e+02 3.581834895203118213e+06
1.289341296525714426e+02 3.625175373743467499e+06
1.339955269659338342e+02 3.669765528186011594e+06
1.392556128874462047e+02 3.715902582216782030e+06
1.447221870741134353e+02 3.763624992236074992e+06
1.504033553638023761e+02 3.453597260869816411e+06
1.563075417945815673e+02 3.498319209836096503e+06
1.624435010958865462e+02 3.544523176339515485e+06
1.688203316700362677e+02 3.592171910138379317e+06
1.754474890833459710e+02 3.639849313312831800e+06
1.823348000868440408e+02 3.689061056243181694e+06
1.894924771873821783e+02 3.739850239471816458e+06
1.969311337907421660e+02 3.792262604010399897e+06
2.046617999391989713e+02 3.482906757013433147e+06
2.126959386668689831e+02 3.531806120636177715e+06
2.210454629971021632e+02 3.582234625262418296e+06
2.297227536071151235e+02 3.632788804516593926e+06
2.387406771860646870e+02 3.684641553417863790e+06
2.481126055137767707e+02 3.738087490916617215e+06
2.578524352884273867e+02 3.793175650222529657e+06
2.679746087325689246e+02 3.486110423971286975e+06
2.784941350080644042e+02 3.537394338694254868e+06
2.894266124716749005e+02 3.590220025001077913e+06
3.007882518043098798e+02 3.642879649141272530e+06
3.125959000482278043e+02 3.697113066783824936e+06
3.248670655878374873e+02 3.752970370691421442e+06
3.376199441111336910e+02 3.451554845748422202e+06
3.508734455902711034e+02 3.503498958238196094e+06
3.646472223212745121e+02 3.556982520801722538e+06
3.789616980644715909e+02 3.611333200884971302e+06
3.938380983288489006e+02 3.666182232812780887e+06
4.092984818452438276e+02 3.722643231324353721e+06
4.253657732750387481e+02 3.780769087216339074e+06
4.420637972028529816e+02 3.477971436631643213e+06
4.594173134636476448e+02 3.531968285712772980e+06
4.774520538566126220e+02 3.587546542667330708e+06
4.961947603002902838e+02 3.642963909113456029e+06
5.156732244854963483e+02 3.699910423626759555e+06
5.359163290848514407e+02 3.758514874422317371e+06
5.569540905800130304e+02 3.458894689631931484e+06
5.788177037701274230e+02 3.513309511425337289e+06
6.015395880274832052e+02 3.569300357502548955e+06
6.251534353689711452e+02 3.625711995930828154e+06
6.496942604146117901e+02 3.683058013867083937e+06
6.751984523072501361e+02 3.742058097538902424e+06
7.017038286703822223e+02 3.802768174529512413e+06
7.292496916841444090e+02 3.499586230595894624e+06
7.578768863625922450e+02 3.555922086867858656e+06
7.876278611187054821e+02 3.613102968210113700e+06
8.185467307069020535e+02 3.670785162967364304e+06
8.506793416364153018e+02 3.730119352000189945e+06
8.840733401525062618e+02 3.791162264052865095e+06
9.187782428863330324e+02 3.489715957965129521e+06
9.548455102782293125e+02 3.546346408954704180e+06
9.923286228832545248e+02 3.604124049726007972e+06
1.031283160672184749e+03 3.662094936666561756e+06
1.071766885445503476e+03 3.721717573447909672e+06
1.113839826482618264e+03 3.783048756068401039e+06
1.157564369553303550e+03 3.482865923906764481e+06
1.203005349423324333e+03 3.539753076854093932e+06
1.250230145991456084e+03 3.597994218546428252e+06
1.299308784200414493e+03 3.656218029336993583e+06
1.350314037869872209e+03 3.716094341370801441e+06
1.403321537605484764e+03 3.777680315873760730e+06
1.458409882943986304e+03 3.478391264030773193e+06
1.515660758900601195e+03 3.535506427110785153e+06
1.575159057091621207e+03 3.594107556443812791e+06
1.636993001611701857e+03 3.652556962853238452e+06
1.701254279852589207e+03 3.712660471534583718e+06
1.768038178457205049e+03 3.774475703266473487e+06
1.837443724610724757e+03 3.475789999218485318e+06
1.909573832878096709e+03 3.533111106952593196e+06
1.984535457805803162e+03 3.591991365969071630e+06
2.062439752514092561e+03 3.650645529494838323e+06
2.143402233514854743e+03 3.710956194861005992e+06
2.227542951999556408e+03 3.772980835783774965e+06
2.314986671851160736e+03 3.474669539757429156e+06
2.405863054644066779e+03 3.532179769838523120e+06
2.500306851906321299e+03 3.591275772679278161e+06
2.598458104929247384e+03 3.650118534847413655e+06
2.700462352420682237e+03 3.710620601277544629e+06
2.806470846309838635e+03 3.772839647050254978e+06
2.916640776023700710e+03 3.474721938882055692e+06
3.031135501567576284e+03 3.532408181092704181e+06
3.150124795755327796e+03 3.591670062284451444e+06
3.273785095948577236e+03 3.650688966573553625e+06
3.402299765678064432e+03 3.711370298004051205e+06
3.535859366535175923e+03 3.773772093229926657e+06
3.674661940736687939e+03 3.475704807080975734e+06
3.818913304781854094e+03 3.533556977121729869e+06
3.968827354637157896e+03 3.592945368563070893e+06
4.124626382901347824e+03 3.652130785748207942e+06
4.286541408420925109e+03 3.712982149629939813e+06
4.454812518844988517e+03 3.775557216575108934e+06
4.629689226627267999e+03 3.477427061577218119e+06
4.811430839003254732e+03 3.535437326924537774e+06
5.000306842491089810e+03 3.594921110521149356e+06
5.196597302486196895e+03 3.654265538638079539e+06
5.400593278542373810e+03 3.715279627090965863e+06
5.612597255954965476e+03 3.778021677156739403e+06
5.832923594286199659e+03 3.479737726280469447e+06
6.061898993497572519e+03 3.537900049435020424e+06
6.299862978380693676e+03 3.597454554216567427e+06
6.547168402004729614e+03 3.656952175437907688e+06
6.804181968927094204e+03 3.718123382240077481e+06
7.071284778942996127e+03 3.781026604986181017e+06
7.348872892180387680e+03 3.482517444911673665e+06
7.637357916378011396e+03 3.540827062581066042e+06
7.937167617217543011e+03 3.600432731533001177e+06
8.248746552614580651e+03 3.660079074061754160e+06
8.572556731909324299e+03 3.721402951219238807e+06
8.909078300934124854e+03 3.784463215013357345e+06
9.258810253973944782e+03 3.485671541925263125e+06
9.622271173675135287e+03 3.544124828312186990e+06
1.000000000000000000e+04 3.603766162661990616e+06
