1.000000000000000056e-01 nan
1.039255682936712638e-01 nan
1.080052374516252828e-01 nan
1.122450568085306410e-01 nan
1.166513131698196093e-01 nan
1.212305401337652189e-01 nan
1.259895277795027302e-01 4.677313551716822258e+04
1.309353327353610374e-01 3.749651082502707868e+04
1.360752886424333452e-01 2.994442071409981509e+04
1.414170170289023587e-01 2.588850634734818595e+04
1.469684386112446450e-01 2.230820152175026305e+04
1.527377850390713721e-01 2.081423474670479118e+04
1.587336111010209105e-01 1.936568570286846443e+04
1.649648074098020167e-01 1.654494843008989483e+04
1.714406135851970769e-01 1.530748127460710020e+04
1.781706319545730832e-01 1.533026569321261559e+04
1.851648417912155065e-01 1.408614305154392787e+04
1.924336141115980114e-01 1.290447285993668265e+04
1.999877270535286022e-01 1.279601695301365726e+04
2.078383818579757347e-01 1.164358284959677439e+04
2.159972194782718291e-01 1.146027000859338477e+04
2.244763378413223709e-01 1.123857811205784856e+04
2.332883097864157096e-01 1.097403870811996785e+04
2.424462017082328336e-01 1.067883056262788341e+04
2.519635929317015077e-01 1.035519645060997755e+04
2.618545958474232660e-01 9.991069895756165351e+03
2.721338768375307082e-01 1.043700096662004580e+04
2.828166780230032540e-01 1.000065854947253138e+04
2.939188398646885858e-01 1.038171616639584136e+04
3.054568246515431684e-01 9.883793866531632375e+03
3.174477409109192627e-01 1.019523505444466355e+04
3.299093687770939809e-01 1.049578796862590025e+04
3.428601863556585694e-01 9.928996407288521368e+03
3.563193971228584833e-01 1.019516164549020868e+04
3.703069584005140302e-01 9.628819307598963860e+03
3.848436109487430312e-01 9.865383807205347694e+03
3.999509097203664543e-01 9.308450099729490830e+03
4.156512558225988752e-01 8.790971397751434779e+03
4.319679297334173551e-01 8.297936762952505887e+03
4.489251258218605600e-01 7.216557266362274277e+03
4.665479882234472853e-01 6.819167122862117139e+03
4.848626481239080577e-01 6.440315133694585711e+03
5.038962625065149803e-01 5.600527533106120245e+03
5.236770544204653044e-01 4.873296403024710344e+03
5.442343548300266898e-01 4.604366893161992266e+03
5.655986461065004578e-01 4.002464230907152796e+03
5.878016072274911963e-01 3.779090042246230951e+03
6.108761607505036606e-01 3.284195264141852022e+03
6.348565216305216419e-01 3.096961698766703194e+03
6.597782479539537892e-01 2.920765407695556405e+03
6.856782936641739878e-01 2.754255522733858470e+03
7.125950633568408632e-01 2.594292307220377097e+03
7.405684692262436419e-01 2.441151895459707248e+03
7.696399902471157128e-01 2.295070321558325759e+03
7.998527336796710241e-01 2.156011693620759615e+03
8.312514989890629202e-01 2.022351188790898959e+03
8.638828442740447144e-01 1.894492535554004917e+03
8.977951553033320931e-01 1.924801222413720552e+03
9.330387172620362435e-01 1.797525865234089224e+03
9.696657893145520513e-01 1.676071628166957453e+03
1.007730682094461150e+00 1.693277854859185254e+03
1.047289838236358461e+00 1.706953889037926274e+03
1.088401916069005937e+00 1.581304500341986795e+03
1.131127876593921444e+00 1.587727141375108204e+03
1.175531073878369304e+00 1.591115471022678776e+03
1.221677348996791812e+00 1.591340748997978380e+03
1.269635127659973550e+00 1.588371621222427393e+03
1.319475521676706009e+00 1.582273393300395810e+03
1.371272434398400186e+00 1.573202806577066212e+03
1.425102670302997865e+00 1.561406987702302331e+03
1.481046048880674704e+00 1.546810290649307944e+03
1.539185522990205390e+00 1.530245352646328683e+03
1.599607301861486919e+00 1.512075168546675286e+03
1.662400978926611872e+00 1.492592927555907409e+03
1.727659664669035644e+00 1.598159210619624901e+03
1.795480124687831358e+00 1.574387394614253253e+03
1.865962923181746058e+00 1.549554524101868083e+03
1.939212572065829976e+00 1.654245965619132448e+03
2.015337685941732904e+00 1.625218926083362931e+03
2.094451143151469630e+00 1.596342170799708128e+03
2.176670253153459189e+00 1.701758278988301299e+03
2.262116930469025178e+00 1.669365957107626855e+03
2.350917875457286588e+00 1.777714461528474658e+03
2.443204762186487855e+00 1.743033009106215559e+03
2.539114433680346838e+00 1.856188394017321571e+03
2.638789104828933141e+00 1.819024384174252873e+03
2.742376573264949435e+00 1.935694321070028764e+03
2.850030438518106557e+00 1.896542143735620357e+03
2.961910329772553307e+00 2.018927471493406074e+03
3.078182142565078383e+00 1.978087528652251649e+03
3.199018284775064114e+00 2.104910478705095102e+03
3.324597932270939804e+00 2.062632539866413026e+03
3.455107294592218103e+00 2.196455544233708224e+03
3.590739891061053068e+00 2.153434905794483711e+03
3.731696837732751959e+00 2.293060150923713536e+03
3.878187145610721753e+00 2.249064870749264628e+03
4.030428030568050879e+00 2.397413908851946871e+03
4.188645235435270564e+00 2.354137364293259452e+03
4.353073364731890216e+00 2.510223122745228466e+03
4.523956232538053790e+00 2.465936733932918287e+03
4.701547224022132099e+00 2.632840618079719661e+03
4.886109671160325796e+00 2.589795713813865859e+03
5.077917243205400943e+00 2.768352139848180286e+03
5.277254352483537581e+00 2.724659764185202221e+03
5.484416576121017961e+00 2.914840349704953042e+03
5.699711094326075589e+00 2.872759885823948025e+03
5.923457145875802965e+00 3.077678731406606857e+03
6.155986501483507567e+00 3.037316508110753603e+03
6.397643955748426592e+00 3.257881113731756614e+03
6.648787838417263174e+00 3.217443784035438966e+03
6.909790545715641663e+00 3.180458588525277264e+03
7.181039092537348623e+00 3.416610322644966345e+03
7.462935686310133043e+00 3.381634075064951958e+03
7.755898323389001980e+00 3.638099318081488036e+03
8.060361408861341559e+00 3.605245844575855244e+03
8.376776400682915735e+00 3.575576083639444732e+03
8.705612479099860579e+00 3.853443693029862970e+03
9.047357242349292505e+00 3.824638300247469942e+03
9.402517429670131932e+00 3.798948703275062144e+03
9.771619672696177261e+00 4.100610586911963765e+03
1.015521127634568010e+01 4.077474793764544302e+03
1.055386103036522982e+01 4.057280206403947432e+03
1.096816005273137939e+01 4.387432004621766282e+03
1.139872266616051455e+01 4.370047089391591726e+03
1.184618730902683659e+01 4.355471436077408725e+03
1.231121748203889510e+01 4.343562057646755420e+03
1.279450273207873323e+01 4.706848667961540741e+03
1.329675967466211262e+01 4.698170484063374715e+03
1.381873305653632222e+01 4.692108102341362610e+03
1.436119685999078754e+01 4.688546920959592171e+03
1.492495545051828998e+01 5.091087785086626354e+03
1.551084476952840596e+01 5.091331974152491966e+03
1.611973357388157169e+01 5.094059962184363940e+03
1.675252472408215354e+01 5.099183924318564095e+03
1.741015652304015404e+01 5.106625168592238879e+03
1.809360410738716496e+01 5.116313390059502126e+03
1.880388089340914703e+01 5.569850679800410035e+03
1.954204007974053425e+01 5.584328533370055084e+03
2.030917620904734733e+01 5.601120217853699614e+03
2.110642679101554720e+01 5.620175439550038391e+03
2.193497398905057949e+01 5.641450452550492628e+03
2.279604637318979599e+01 5.664907593346328213e+03
2.369092074182632146e+01 5.690514884705549775e+03
2.462092401494625449e+01 5.718245658045202617e+03
2.558743520168586372e+01 5.748078246090850371e+03
2.659188744512693603e+01 6.278458922247634291e+03
2.763577014736157267e+01 6.315018135503441044e+03
2.872063117797828014e+01 6.352462387833795219e+03
2.984807916924324189e+01 6.391481040642151129e+03
3.101978590138096692e+01 6.432632974946040122e+03
3.223748878149029906e+01 6.475917944122550580e+03
3.350299341977229517e+01 6.521339461080805449e+03
3.481817630688966148e+01 6.568904632946076163e+03
3.618498759642746876e+01 6.618624086850903950e+03
3.760545399658171561e+01 6.670511831811789307e+03
3.908168177536263954e+01 6.724585196789463225e+03
4.061585988376979373e+01 6.780864744175801206e+03
4.221026320156898493e+01 6.839374221045565719e+03
4.386725591048498529e+01 6.898560180998954820e+03
4.558929499981059053e+01 6.958357483193029111e+03
4.737893390963144213e+01 7.020314733961246930e+03
4.923882631706736390e+01 7.084463178827417323e+03
5.117173007114605099e+01 7.150836856714787245e+03
5.318051128214197121e+01 7.219472564919205070e+03
5.526814857144603366e+01 7.290409915263548100e+03
5.743773748826581027e+01 7.363691260585646887e+03
5.969249509970733669e+01 6.848468717067315993e+03
6.203576476104268522e+01 6.917391934143154685e+03
6.447102107323868836e+01 6.987339357209346417e+03
6.700187503509583564e+01 7.059426708559680264e+03
6.963207939763883303e+01 7.133699653384088379e+03
7.236553422869657481e+01 7.210206292917751853e+03
7.520629269592407695e+01 7.288997240013762166e+03
7.815856707684091020e+01 7.370125670078196890e+03
8.122673500479712061e+01 7.453647359254705407e+03
8.441534596012985503e+01 7.535429216363712840e+03
8.772912801613355782e+01 7.619263436999543956e+03
9.117299484984921776e+01 7.705478414840938967e+03
9.475205302806537588e+01 7.794133627110385532e+03
9.847160957933773773e+01 7.258920977151722582e+03
1.023371798632519187e+02 7.344580477238962885e+03
1.063544957486011242e+02 7.432633376492413845e+03
1.105295141126021008e+02 7.519793298134923134e+03
1.148684256737553540e+02 7.607921283117561870e+03
1.193776641714435698e+02 7.698440645546917949e+03
1.240639159058831780e+02 7.791415756371643511e+03
1.289341296525714426e+02 7.886913592066051933e+03
1.339955269659338342e+02 7.985003962093833252e+03
1.392556128874462047e+02 7.443607792313164282e+03
1.447221870741134353e+02 7.533983015560756030e+03
1.504033553638023761e+02 7.625920858080416110e+03
1.563075417945815673e+02 7.720283862135209347e+03
1.624435010958865462e+02 7.817140445173466105e+03
1.688203316700362677e+02 7.916561695821349531e+03
1.754474890833459710e+02 8.018621512517784140e+03
1.823348000868440408e+02 8.122138093982009195e+03
1.894924771873821783e+02 7.571061971293987881e+03
1.969311337907421660e+02 7.666509270484190893e+03
2.046617999391989713e+02 7.764431107709990101e+03
2.126959386668689831e+02 7.864899542647046474e+03
2.210454629971021632e+02 7.967989389675996790e+03
2.297227536071151235e+02 8.073778346944905024e+03
2.387406771860646870e+02 8.177999842055349291e+03
2.481126055137767707e+02 8.283538796605058451e+03
2.578524352884273867e+02 7.724869963093251499e+03
2.679746087325689246e+02 7.826180321338355498e+03
2.784941350080644042e+02 7.930101304747826362e+03
2.894266124716749005e+02 8.036711360377320489e+03
3.007882518043098798e+02 8.143640594192667777e+03
3.125959000482278043e+02 8.249955773971663803e+03
3.248670655878374873e+02 8.358976248689856220e+03
3.376199441111336910e+02 7.797508537293266272e+03
3.508734455902711034e+02 7.902114295520998894e+03
3.646472223212745121e+02 8.009403306730983786e+03
3.789616980644715909e+02 8.118397992650368906e+03
3.938380983288489006e+02 8.225357944516883435e+03
4.092984818452438276e+02 8.335018786806036587e+03
4.253657732750387481e+02 8.447462221358022362e+03
4.420637972028529816e+02 7.881857996552275836e+03
4.594173134636476448e+02 7.989719849572857129e+03
4.774520538566126220e+02 8.100283369226123796e+03
4.961947603002902838e+02 8.207789499501443061e+03
5.156732244854963483e+02 8.317994801035170894e+03
5.359163290848514407e+02 8.430981391816807445e+03
5.569540905800130304e+02 7.867662163954724747e+03
5.788177037701274230e+02 7.976016733044286411e+03
6.015395880274832052e+02 8.087134110622070693e+03
6.251534353689711452e+02 8.195740405457501765e+03
6.496942604146117901e+02 8.306417423154260177e+03
6.751984523072501361e+02 8.419876337744799457e+03
7.017038286703822223e+02 7.858232914232398798e+03
7.292496916841444090e+02 7.967019159518616107e+03
7.578768863625922450e+02 8.078569751485933011e+03
7.876278611187054821e+02 8.188037858799880269e+03
8.185467307069020535e+02 8.299130971381056952e+03
8.506793416364153018e+02 8.413008015129707928e+03
8.840733401525062618e+02 8.529754883566272838e+03
9.187782428863330324e+02 7.961733683256329641e+03
9.548455102782293125e+02 8.073671878784113687e+03
9.923286228832545248e+02 8.183766600908363216e+03
1.031283160672184749e+03 8.295233008556089771e+03
1.071766885445503476e+03 8.409486452670020299e+03
1.113839826482618264e+03 8.526613162253648625e+03
1.157564369553303550e+03 7.959382926234663501e+03
1.203005349423324333e+03 8.071673528773291764e+03
1.250230145991456084e+03 8.182209619571325675e+03
1.299308784200414493e+03 8.294016229223687333e+03
1.350314037869872209e+03 8.408613808935404450e+03
1.403321537605484764e+03 8.526088875236326203e+03
1.458409882943986304e+03 7.959356564166861972e+03
1.515660758900601195e+03 8.071972295025148014e+03
1.575159057091621207e+03 8.182803491237095841e+03
1.636993001611701857e+03 8.294924601327717028e+03
1.701254279852589207e+03 8.409841254762815879e+03
1.768038178457205049e+03 8.527640241579616486e+03
1.837443724610724757e+03 7.961174156803820551e+03
1.909573832878096709e+03 8.074093833076496594e+03
1.984535457805803162e+03 8.185104346822144180e+03
2.062439752514092561e+03 8.297519974009741418e+03
2.143402233514854743e+03 8.412736206526094975e+03
2.227542951999556408e+03 8.530840110526360149e+03
2.314986671851160736e+03 7.964456721027248932e+03
2.405863054644066779e+03 8.077663838980139190e+03
2.500306851906321299e+03 8.188761876272315931e+03
2.598458104929247384e+03 8.301456442128015624e+03
2.700462352420682237e+03 8.416957054958244044e+03
2.806470846309838635e+03 8.535351059675047509e+03
2.916640776023700710e+03 7.968904784731449581e+03
3.031135501567576284e+03 8.082386486236866403e+03
3.150124795755327796e+03 8.193499132813234610e+03
3.273785095948577236e+03 8.306460487271902821e+03
3.402299765678064432e+03 8.422233642788742145e+03
3.535859366535175923e+03 8.540906206380530421e+03
3.674661940736687939e+03 7.974281397843293234e+03
3.818913304781854094e+03 8.088027682076054589e+03
3.968827354637157896e+03 8.199096910759886669e+03
4.124626382901347824e+03 8.312315594362986303e+03
4.286541408420925109e+03 8.428352068215175677e+03
4.454812518844988517e+03 8.547294211905402335e+03
4.629689226627267999e+03 7.980398891209578323e+03
4.811430839003254732e+03 8.094401963516850628e+03
5.000306842491089810e+03 8.205381543961842908e+03
5.196597302486196895e+03 8.318850183672817366e+03
5.400593278542373810e+03 8.435142817371561250e+03
5.612597255954965476e+03 8.554347564901152509e+03
5.832923594286199659e+03 7.987108471306154570e+03
6.061898993497572519e+03 8.101247500463987308e+03
6.299862978380693676e+03 8.212215325441884488e+03
6.547168402004729614e+03 8.325928228229804517e+03
6.804181968927094204e+03 8.442471445556933759e+03
7.071284778942996127e+03 8.561933403128550708e+03
7.348872892180387680e+03 7.994292093632801880e+03
7.637357916378011396e+03 8.108287540861455454e+03
7.937167617217543011e+03 8.219488995045523552e+03
8.248746552614580651e+03 8.333441744359515724e+03
8.572556731909324299e+03 8.450231288279508590e+03
8.909078300934124854e+03 8.569946302188474874e+03
9.258810253973944782e+03 8.001856160244537932e+03
9.622271173675135287e+03 8.115684235774197077e+03
1.000000000000000000e+04 8.227115829646389102e+03
