1.000000000000000056e-01 1.446912407084482544e+00
1.039255682936712638e-01 1.360582220006059107e+00
1.080052374516252828e-01 1.279305503146883405e+00
1.122450568085306410e-01 1.202629755022379676e+00
1.166513131698196093e-01 1.129047107694847618e+00
1.212305401337652189e-01 1.059631845691747065e+00
1.259895277795027302e-01 9.942425214941295053e-01
1.309353327353610374e-01 9.324824784019569712e-01
1.360752886424333452e-01 8.738338950960978790e-01
1.414170170289023587e-01 8.179819773562810870e-01
1.469684386112446450e-01 8.046491242777324970e-01
1.527377850390713721e-01 7.520190713407748362e-01
1.587336111010209105e-01 7.024075397339193394e-01
1.649648074098020167e-01 6.891877404723985023e-01
1.714406135851970769e-01 6.426750040816373577e-01
1.781706319545730832e-01 5.987981928660128794e-01
1.851648417912155065e-01 5.857284168663160484e-01
1.924336141115980114e-01 5.445694119049363513e-01
1.999877270535286022e-01 5.318481098636701487e-01
2.078383818579757347e-01 5.182945445527671335e-01
2.159972194782718291e-01 5.045972636525493105e-01
2.244763378413223709e-01 4.670622723671962184e-01
2.332883097864157096e-01 4.539981237981860485e-01
2.424462017082328336e-01 4.405272697253015957e-01
2.519635929317015077e-01 4.489638748259345835e-01
2.618545958474232660e-01 4.343334460355368631e-01
2.721338768375307082e-01 4.202179872931865456e-01
2.828166780230032540e-01 4.265818239389368438e-01
2.939188398646885858e-01 4.121365850155877530e-01
3.054568246515431684e-01 4.176353967190374883e-01
3.174477409109192627e-01 4.023319965425010691e-01
3.299093687770939809e-01 4.072424217713562222e-01
3.428601863556585694e-01 4.120462445154219333e-01
3.563193971228584833e-01 3.961464851309951518e-01
3.703069584005140302e-01 4.002523961303210420e-01
3.848436109487430312e-01 4.042228414571014117e-01
3.999509097203664543e-01 4.081295276139927930e-01
4.156512558225988752e-01 4.120269616685488523e-01
4.319679297334173551e-01 4.157266167061033912e-01
4.489251258218605600e-01 4.192742096395426499e-01
4.665479882234472853e-01 4.227820329401356658e-01
4.848626481239080577e-01 4.262576174020653585e-01
5.038962625065149803e-01 4.297810277321491568e-01
5.236770544204653044e-01 4.333478242224467203e-01
5.442343548300266898e-01 4.369384164300719187e-01
5.655986461065004578e-01 4.405291585428988133e-01
5.878016072274911963e-01 4.440934164266655548e-01
6.108761607505036606e-01 4.476297062490036671e-01
6.348565216305216419e-01 4.510263164234622479e-01
6.597782479539537892e-01 4.543024066923845861e-01
6.856782936641739878e-01 4.575437648197904772e-01
7.125950633568408632e-01 4.607181758290055384e-01
7.405684692262436419e-01 4.637942087555669279e-01
7.696399902471157128e-01 4.667450065609777266e-01
7.998527336796710241e-01 4.696003512969131877e-01
8.312514989890629202e-01 4.723625986036313895e-01
8.638828442740447144e-01 4.750063515877501197e-01
8.977951553033320931e-01 4.775085520315827115e-01
9.330387172620362435e-01 4.798496397455888074e-01
9.696657893145520513e-01 4.820141514934611071e-01
1.007730682094461150e+00 4.839916832744368125e-01
1.047289838236358461e+00 4.858012142763987185e-01
1.088401916069005937e+00 5.117913157027910165e-01
1.131127876593921444e+00 5.133383861057594366e-01
1.175531073878369304e+00 5.147369454646740783e-01
1.221677348996791812e+00 5.159838291815035394e-01
1.269635127659973550e+00 5.432701229805666499e-01
1.319475521676706009e+00 5.442076058270958194e-01
1.371272434398400186e+00 5.449990040015575410e-01
1.425102670302997865e+00 5.737151389783546884e-01
1.481046048880674704e+00 5.743025676160460335e-01
1.539185522990205390e+00 6.034609241312579586e-01
1.599607301861486919e+00 6.038414320582663475e-01
1.662400978926611872e+00 6.349296000989305133e-01
1.727659664669035644e+00 6.350993480145497028e-01
1.795480124687831358e+00 6.674432282517430703e-01
1.865962923181746058e+00 6.674174608847518453e-01
1.939212572065829976e+00 7.009525634501143632e-01
2.015337685941732904e+00 7.007549708275567779e-01
2.094451143151469630e+00 7.366132321222870205e-01
2.176670253153459189e+00 7.362957235310713111e-01
2.262116930469025178e+00 7.726477121889673283e-01
2.350917875457286588e+00 7.722659893346311977e-01
2.443204762186487855e+00 8.112701707601779333e-01
2.539114433680346838e+00 8.519333908759073593e-01
2.638789104828933141e+00 8.514834878547048458e-01
2.742376573264949435e+00 8.940678019765024853e-01
2.850030438518106557e+00 8.936588125000045624e-01
2.961910329772553307e+00 9.391894518336135755e-01
3.078182142565078383e+00 9.388303705552599743e-01
3.199018284775064114e+00 9.854312037784507261e-01
3.324597932270939804e+00 1.035579662633445031e+00
3.455107294592218103e+00 1.035390875671847288e+00
3.590739891061053068e+00 1.087559523088679203e+00
3.731696837732751959e+00 1.087563503128088804e+00
3.878187145610721753e+00 1.142695001891171680e+00
4.030428030568050879e+00 1.142961646240300499e+00
4.188645235435270564e+00 1.202098423024366536e+00
4.353073364731890216e+00 1.202732160641791781e+00
4.523956232538053790e+00 1.263612552800650102e+00
4.701547224022132099e+00 1.329183791780851775e+00
4.886109671160325796e+00 1.330354587330125016e+00
5.077917243205400943e+00 1.331755797413135989e+00
5.277254352483537581e+00 1.401034985156056845e+00
5.484416576121017961e+00 1.403013009644814790e+00
5.699711094326075589e+00 1.475828250878217895e+00
5.923457145875802965e+00 1.478287566395071417e+00
6.155986501483507567e+00 1.556923380639224419e+00
6.397643955748426592e+00 1.559891646428698486e+00
6.648787838417263174e+00 1.642040135188314043e+00
6.909790545715641663e+00 1.645840392159146459e+00
7.181039092537348623e+00 1.649943150161009120e+00
7.462935686310133043e+00 1.737566856739803267e+00
7.755898323389001980e+00 1.742281212292927650e+00
8.060361408861341559e+00 1.747304200817733077e+00
8.376776400682915735e+00 1.842266343546101970e+00
8.705612479099860579e+00 1.847939134326530564e+00
9.047357242349292505e+00 1.853926741934403211e+00
9.402517429670131932e+00 1.955058348510449795e+00
9.771619672696177261e+00 1.962303209032916662e+00
1.015521127634568010e+01 1.969898987747720875e+00
1.055386103036522982e+01 1.977826077872060440e+00
1.096816005273137939e+01 2.084867043755098681e+00
1.139872266616051455e+01 2.093600884850085997e+00
1.184618730902683659e+01 2.102693881473635784e+00
1.231121748203889510e+01 2.112146720342508832e+00
1.279450273207873323e+01 2.121960875955426040e+00
1.329675967466211262e+01 2.132141006813499828e+00
1.381873305653632222e+01 2.249629283722898165e+00
1.436119685999078754e+01 2.260680235497723345e+00
1.492495545051828998e+01 2.272107030942773775e+00
1.551084476952840596e+01 2.283911028492295436e+00
1.611973357388157169e+01 2.296093839307739248e+00
1.675252472408215354e+01 2.308657327388370373e+00
1.741015652304015404e+01 2.321603610472794621e+00
1.809360410738716496e+01 2.334677583103581977e+00
1.880388089340914703e+01 2.465142221806636780e+00
1.954204007974053425e+01 2.479450776236126863e+00
2.030917620904734733e+01 2.494158318146090458e+00
2.110642679101554720e+01 2.509268067328242147e+00
2.193497398905057949e+01 2.524783508304429436e+00
2.279604637318979599e+01 2.540005951760949454e+00
2.369092074182632146e+01 2.555046638332655995e+00
2.462092401494625449e+01 2.570463987824588070e+00
2.558743520168586372e+01 2.586261645475522730e+00
2.659188744512693603e+01 2.602443488436972263e+00
2.763577014736157267e+01 2.619013630530436121e+00
2.872063117797828014e+01 2.635976423731583473e+00
2.984807916924324189e+01 2.653336457300168760e+00
3.101978590138096692e+01 2.671098564785776563e+00
3.223748878149029906e+01 2.689267822022040288e+00
3.350299341977229517e+01 2.707849554560198158e+00
3.481817630688966148e+01 2.726849335096094507e+00
3.618498759642746876e+01 2.746272993502391291e+00
3.760545399658171561e+01 2.764783051901636757e+00
3.908168177536263954e+01 2.783457003788585737e+00
4.061585988376979373e+01 2.802527502191085595e+00
4.221026320156898493e+01 2.822000243878284298e+00
4.386725591048498529e+01 2.841881157098946620e+00
4.558929499981059053e+01 2.862176410727733877e+00
4.737893390963144213e+01 2.882892406865584789e+00
4.923882631706736390e+01 2.765307755200074435e+00
5.117173007114605099e+01 2.784840460588664079e+00
5.318051128214197121e+01 2.804764346166140676e+00
5.526814857144603366e+01 2.825085711356440044e+00
5.743773748826581027e+01 2.845811080708287477e+00
5.969249509970733669e+01 2.866947203670643152e+00
6.203576476104268522e+01 2.888501065126483969e+00
6.447102107323868836e+01 2.910479886550386475e+00
6.700187503509583564e+01 2.932891132558924863e+00
6.963207939763883303e+01 2.955742516679288112e+00
7.236553422869657481e+01 2.979042006071275228e+00
7.520629269592407695e+01 3.001400136212444725e+00
7.815856707684091020e+01 2.876644721477826128e+00
8.122673500479712061e+01 2.898943134739417449e+00
8.441534596012985503e+01 2.921667235684585862e+00
8.772912801613355782e+01 2.944824969131433878e+00
9.117299484984921776e+01 2.968424527641498223e+00
9.475205302806537588e+01 2.991894580080052268e+00
9.847160957933773773e+01 3.014457358417975907e+00
1.023371798632519187e+02 3.037436035051204630e+00
1.063544957486011242e+02 3.060838399209532490e+00
1.105295141126021008e+02 2.936606641267704987e+00
1.148684256737553540e+02 2.960448521597321303e+00
1.193776641714435698e+02 2.984736161252308673e+00
1.240639159058831780e+02 3.007550049191668240e+00
1.289341296525714426e+02 3.030744133385762762e+00
1.339955269659338342e+02 3.054357968626628228e+00
1.392556128874462047e+02 3.078399725461700154e+00
1.447221870741134353e+02 2.954551157867281841e+00
1.504033553638023761e+02 2.979033032567598216e+00
1.563075417945815673e+02 3.002475878739983894e+00
1.624435010958865462e+02 3.025846220110151918e+00
1.688203316700362677e+02 3.049633397339738483e+00
1.754474890833459710e+02 3.073845696212265555e+00
1.823348000868440408e+02 3.098491632655846484e+00
1.894924771873821783e+02 3.123579962300938373e+00
1.969311337907421660e+02 2.998848587710252644e+00
2.046617999391989713e+02 3.022364618411453652e+00
2.126959386668689831e+02 3.046295357661334524e+00
2.210454629971021632e+02 3.070649181048890508e+00
2.297227536071151235e+02 3.095434697162571691e+00
2.387406771860646870e+02 3.120660748074990831e+00
2.481126055137767707e+02 3.146336425243139612e+00
2.578524352884273867e+02 3.020002894801522064e+00
2.679746087325689246e+02 3.044053862782491127e+00
2.784941350080644042e+02 3.068526468954615449e+00
2.894266124716749005e+02 3.093429394116330666e+00
3.007882518043098798e+02 3.118771555445294386e+00
3.125959000482278043e+02 3.144562116328363910e+00
3.248670655878374873e+02 3.018527800208661738e+00
3.376199441111336910e+02 3.042680668990110693e+00
3.508734455902711034e+02 3.067254187015970857e+00
3.646472223212745121e+02 3.092257097862197934e+00
3.789616980644715909e+02 3.117698381289400800e+00
3.938380983288489006e+02 3.143587258446483457e+00
4.092984818452438276e+02 3.169933202593092414e+00
4.253657732750387481e+02 3.041995763476795567e+00
4.420637972028529816e+02 3.066656128235431655e+00
4.594173134636476448e+02 3.091745305522380249e+00
4.774520538566126220e+02 3.117272329303451883e+00
4.961947603002902838e+02 3.143246473221664949e+00
5.156732244854963483e+02 3.169677261840135873e+00
5.359163290848514407e+02 3.041856969015537704e+00
5.569540905800130304e+02 3.066593079757585105e+00
5.788177037701274230e+02 3.091757706731180111e+00
6.015395880274832052e+02 3.117359918047154288e+00
6.251534353689711452e+02 3.143409037258884986e+00
6.496942604146117901e+02 3.169914631230700941e+00
6.751984523072501361e+02 3.042151821611813300e+00
7.017038286703822223e+02 3.066954931258365491e+00
7.292496916841444090e+02 3.092186463972188548e+00
7.578768863625922450e+02 3.117855536048689924e+00
7.876278611187054821e+02 3.143971504096267022e+00
8.185467307069020535e+02 3.170543975593977937e+00
8.506793416364153018e+02 3.042791295418030728e+00
8.840733401525062618e+02 3.067654487235869976e+00
9.187782428863330324e+02 3.092946183766493107e+00
9.548455102782293125e+02 3.118675534950307693e+00
9.923286228832545248e+02 3.144851933724933879e+00
1.031283160672184749e+03 3.171485023636137601e+00
1.071766885445503476e+03 3.043704850342833002e+00
1.113839826482618264e+03 3.068622660650706546e+00
1.157564369553303550e+03 3.093969190197801478e+00
1.203005349423324333e+03 3.119753622544195082e+00
1.250230145991456084e+03 3.145985380679548360e+00
1.299308784200414493e+03 3.172674141720710050e+00
1.350314037869872209e+03 3.199829836033689201e+00
1.403321537605484764e+03 3.069804670102342481e+00
1.458409882943986304e+03 3.095201822633967925e+00
1.515660758900601195e+03 3.121037227174514594e+00
1.575159057091621207e+03 3.147320338734364231e+00
1.636993001611701857e+03 3.174060860496008996e+00
1.701254279852589207e+03 3.201268758022414396e+00
1.768038178457205049e+03 3.071157059317183968e+00
1.837443724610724757e+03 3.096601505377723829e+00
1.909573832878096709e+03 3.122484637454661538e+00
1.984535457805803162e+03 3.148815937020121414e+00
2.062439752514092561e+03 3.175605136354989089e+00
2.143402233514854743e+03 3.202862225128114471e+00
2.227542951999556408e+03 3.072645339091967909e+00
2.314986671851160736e+03 3.098134452325690180e+00
2.405863054644066779e+03 3.124062749060361632e+00
2.500306851906321299e+03 3.150439738235546461e+00
2.598458104929247384e+03 3.177275177720995991e+00
2.700462352420682237e+03 3.204579084160728453e+00
2.806470846309838635e+03 3.074242131876230300e+00
2.916640776023700710e+03 3.099773837381401442e+00
3.031135501567576284e+03 3.125745279314420699e+00
3.150124795755327796e+03 3.152165988465111646e+00
3.273785095948577236e+03 3.179045747451875403e+00
3.402299765678064432e+03 3.206394599494543307e+00
3.535859366535175923e+03 3.075925696474626658e+00
3.674661940736687939e+03 3.101498362636714301e+00
3.818913304781854094e+03 3.127511357146108395e+00
3.968827354637157896e+03 3.153974234745541505e+00
4.124626382901347824e+03 3.180896802847920313e+00
4.286541408420925109e+03 3.208289128690662739e+00
4.454812518844988517e+03 3.077678766816940747e+00
4.629689226627267999e+03 3.103291108685330091e+00
4.811430839003254732e+03 3.129344404727516959e+00
5.000306842491089810e+03 3.155848232263917197e+00
5.196597302486196895e+03 3.182812423027473248e+00
5.400593278542373810e+03 3.210247067434154111e+00
5.612597255954965476e+03 3.079487630301318113e+00
5.832923594286199659e+03 3.105138639334299455e+00
6.061898993497572519e+03 3.131231255210078501e+00
6.299862978380693676e+03 3.157775077881863623e+00
6.547168402004729614e+03 3.184779961709081508e+00
6.804181968927094204e+03 3.056085412437822058e+00
7.071284778942996127e+03 3.081341392933184764e+00
7.348872892180387680e+03 3.107030278982339411e+00
7.637357916378011396e+03 3.133161447670958832e+00
7.937167617217543011e+03 3.159744520648978927e+00
8.248746552614580651e+03 3.186789371897504886e+00
8.572556731909324299e+03 3.057938823703342912e+00
8.909078300934124854e+03 3.083231395718986967e+00
9.258810253973944782e+03 3.108957545643089571e+00
9.622271173675135287e+03 3.135126671819799427e+00
1.000000000000000000e+04 3.161748414606933455e+00
