1.000000000000000056e-01 4.574712771621067375e+00
1.039255682936712638e-01 4.281665056746208897e+00
1.080052374516252828e-01 3.759720451314606748e+00
1.122450568085306410e-01 3.511798801897244360e+00
1.166513131698196093e-01 3.279004373249519322e+00
1.212305401337652189e-01 3.059322062160786615e+00
1.259895277795027302e-01 2.846103230594320799e+00
1.309353327353610374e-01 2.645212985266271577e+00
1.360752886424333452e-01 2.617432654997502439e+00
1.414170170289023587e-01 2.424949408037991194e+00
1.469684386112446450e-01 2.243112464817622609e+00
1.527377850390713721e-01 2.066471703006212302e+00
1.587336111010209105e-01 2.028635967705160414e+00
1.649648074098020167e-01 1.859806837141168900e+00
1.714406135851970769e-01 1.815216777187834252e+00
1.781706319545730832e-01 1.655133766244007765e+00
1.851648417912155065e-01 1.602147976863512957e+00
1.924336141115980114e-01 1.450218740698492326e+00
1.999877270535286022e-01 1.394560809669677770e+00
2.078383818579757347e-01 1.336063219814942249e+00
2.159972194782718291e-01 1.272546098944265403e+00
2.244763378413223709e-01 1.208787656068291083e+00
2.332883097864157096e-01 1.141240680019450338e+00
2.424462017082328336e-01 1.073453535496438294e+00
2.519635929317015077e-01 1.072178564809500134e+00
2.618545958474232660e-01 1.000827419693339992e+00
2.721338768375307082e-01 9.923608513168463707e-01
2.828166780230032540e-01 9.184831790270661100e-01
2.939188398646885858e-01 9.053409339010578538e-01
3.054568246515431684e-01 8.899564269905759772e-01
3.174477409109192627e-01 8.728781245391442623e-01
3.299093687770939809e-01 8.020835709024872751e-01
3.428601863556585694e-01 7.845457995805020790e-01
3.563193971228584833e-01 7.673884159521551229e-01
3.703069584005140302e-01 7.506672294196288231e-01
3.848436109487430312e-01 6.876365228840000121e-01
3.999509097203664543e-01 6.722543432471708158e-01
4.156512558225988752e-01 6.569837760888053158e-01
4.319679297334173551e-01 6.413528038049369773e-01
4.489251258218605600e-01 5.870453174014500508e-01
4.665479882234472853e-01 5.720946724049156273e-01
4.848626481239080577e-01 5.571495065946756586e-01
5.038962625065149803e-01 5.418861404525242564e-01
5.236770544204653044e-01 5.244962113596521869e-01
5.442343548300266898e-01 5.061601564388931163e-01
5.655986461065004578e-01 4.868487509837723937e-01
5.878016072274911963e-01 4.964212290684524298e-01
6.108761607505036606e-01 4.718010073349682698e-01
6.348565216305216419e-01 4.756195499729129472e-01
6.597782479539537892e-01 5.080517278902357825e-01
6.856782936641739878e-01 5.056821940053495279e-01
7.125950633568408632e-01 5.336911302348584796e-01
7.405684692262436419e-01 5.590295314211549682e-01
7.696399902471157128e-01 5.821000216689423690e-01
7.998527336796710241e-01 6.425336940148016485e-01
8.312514989890629202e-01 6.613709889563036404e-01
8.638828442740447144e-01 7.206414419395074100e-01
8.977951553033320931e-01 7.804587973561986081e-01
9.330387172620362435e-01 8.406519595193336913e-01
9.696657893145520513e-01 9.604833944070514384e-01
1.007730682094461150e+00 1.023363039438413669e+00
1.047289838236358461e+00 1.156886841594018556e+00
1.088401916069005937e+00 1.302371422577989657e+00
1.131127876593921444e+00 1.461107139646818043e+00
1.175531073878369304e+00 1.742774509880542499e+00
1.221677348996791812e+00 1.945563700777951377e+00
1.269635127659973550e+00 2.169683742209045363e+00
1.319475521676706009e+00 2.579753172687079488e+00
1.371272434398400186e+00 2.878009889236265995e+00
1.425102670302997865e+00 3.432787252165713898e+00
1.481046048880674704e+00 3.845471414239245878e+00
1.539185522990205390e+00 4.321956674808816956e+00
1.599607301861486919e+00 4.876545653877067288e+00
1.662400978926611872e+00 5.528349696477227404e+00
1.727659664669035644e+00 6.292991895483038611e+00
1.795480124687831358e+00 7.198058823890352897e+00
1.865962923181746058e+00 7.763483185401055309e+00
1.939212572065829976e+00 8.420137629938471591e+00
2.015337685941732904e+00 9.170114468316469925e+00
2.094451143151469630e+00 9.413896712406774725e+00
2.176670253153459189e+00 1.036708703622155348e+01
2.262116930469025178e+00 1.074532776628285724e+01
2.350917875457286588e+00 1.120657627636189702e+01
2.443204762186487855e+00 1.173022753458564793e+01
2.539114433680346838e+00 1.156675402624545157e+01
2.638789104828933141e+00 1.145547732139906749e+01
2.742376573264949435e+00 1.214037938813752682e+01
2.850030438518106557e+00 1.211580896247659922e+01
2.961910329772553307e+00 1.213594074399272671e+01
3.078182142565078383e+00 1.144175867580376149e+01
3.199018284775064114e+00 1.153158802994074783e+01
3.324597932270939804e+00 1.165660839200973875e+01
3.455107294592218103e+00 1.107985892988051191e+01
3.590739891061053068e+00 1.127358453968077789e+01
3.731696837732751959e+00 1.076509017177972005e+01
3.878187145610721753e+00 1.032231434330711117e+01
4.030428030568050879e+00 9.901483057004996979e+00
4.188645235435270564e+00 1.016925297469352962e+01
4.353073364731890216e+00 9.794738553411084681e+00
4.523956232538053790e+00 9.462863687702640192e+00
4.701547224022132099e+00 9.156630771691171233e+00
4.886109671160325796e+00 8.869087800066962402e+00
5.077917243205400943e+00 8.611772450247359600e+00
5.277254352483537581e+00 8.379382440362778794e+00
5.484416576121017961e+00 8.151183280477940940e+00
5.699711094326075589e+00 7.944882684558415953e+00
5.923457145875802965e+00 7.757643905071332391e+00
6.155986501483507567e+00 7.587086674848186441e+00
6.397643955748426592e+00 6.954374721926146918e+00
6.648787838417263174e+00 6.814729957754425804e+00
6.909790545715641663e+00 6.678636536304213500e+00
7.181039092537348623e+00 6.554511227466706558e+00
7.462935686310133043e+00 6.441053919115501181e+00
7.755898323389001980e+00 6.337150083978253967e+00
8.060361408861341559e+00 6.241833748624486589e+00
8.376776400682915735e+00 6.151091617931302657e+00
8.705612479099860579e+00 6.063170508055406138e+00
9.047357242349292505e+00 5.612197604132628470e+00
9.402517429670131932e+00 5.541840589412413642e+00
9.771619672696177261e+00 5.475349653191177168e+00
1.015521127634568010e+01 5.414542564588326279e+00
1.055386103036522982e+01 5.358988592642224269e+00
1.096816005273137939e+01 5.308273259151355283e+00
1.139872266616051455e+01 5.262029759699624165e+00
1.184618730902683659e+01 4.893150750602757171e+00
1.231121748203889510e+01 4.855911053445053582e+00
1.279450273207873323e+01 4.822170345781271905e+00
1.329675967466211262e+01 4.791703767323802765e+00
1.381873305653632222e+01 4.764309160954273814e+00
1.436119685999078754e+01 4.739805608566615369e+00
1.492495545051828998e+01 4.422931194098817187e+00
1.551084476952840596e+01 4.404136824198947586e+00
1.611973357388157169e+01 4.387721665802188475e+00
1.675252472408215354e+01 4.373570685546914305e+00
1.741015652304015404e+01 4.361580633513481686e+00
1.809360410738716496e+01 4.351658837878602526e+00
1.880388089340914703e+01 4.343742147366135953e+00
1.954204007974053425e+01 4.068818967615384530e+00
2.030917620904734733e+01 4.064790340313473749e+00
2.110642679101554720e+01 4.062591330017313318e+00
2.193497398905057949e+01 4.062162168689805064e+00
2.279604637318979599e+01 4.063449477361317896e+00
2.369092074182632146e+01 4.066405721705401710e+00
2.462092401494625449e+01 3.814991595918094447e+00
2.558743520168586372e+01 3.820263380620938953e+00
2.659188744512693603e+01 3.826910410048319555e+00
2.763577014736157267e+01 3.834906831511801339e+00
2.872063117797828014e+01 3.844230162629351799e+00
2.984807916924324189e+01 3.854861060319693333e+00
3.101978590138096692e+01 3.866783194565150961e+00
3.223748878149029906e+01 3.638145436968830637e+00
3.350299341977229517e+01 3.651943651538654301e+00
3.481817630688966148e+01 3.666955799155148021e+00
3.618498759642746876e+01 3.683175838545124758e+00
3.760545399658171561e+01 3.700599909004278043e+00
3.908168177536263954e+01 3.719226242128628179e+00
4.061585988376979373e+01 3.500714073294230122e+00
4.221026320156898493e+01 3.519133323564673343e+00
4.386725591048498529e+01 3.538611605220933320e+00
4.558929499981059053e+01 3.559152833126242310e+00
4.737893390963144213e+01 3.580762436187889364e+00
4.923882631706736390e+01 3.603447325928604617e+00
5.117173007114605099e+01 3.401649484679562185e+00
5.318051128214197121e+01 3.423495170609251570e+00
5.526814857144603366e+01 3.446306495137794190e+00
5.743773748826581027e+01 3.470093269606825181e+00
5.969249509970733669e+01 3.494866486890084278e+00
6.203576476104268522e+01 3.520638315493143100e+00
6.447102107323868836e+01 3.327647644547076400e+00
6.700187503509583564e+01 3.354380026673709825e+00
6.963207939763883303e+01 3.380718951143805828e+00
7.236553422869657481e+01 3.407040128488699526e+00
7.520629269592407695e+01 3.434298123542120162e+00
7.815856707684091020e+01 3.462508529959327230e+00
8.122673500479712061e+01 3.273632637135682977e+00
8.441534596012985503e+01 3.302628910407126028e+00
8.772912801613355782e+01 3.332599098925956405e+00
9.117299484984921776e+01 3.363562847244134790e+00
9.475205302806537588e+01 3.393006471353009701e+00
9.847160957933773773e+01 3.207517332141323507e+00
1.023371798632519187e+02 3.237456253001623097e+00
1.063544957486011242e+02 3.268333829641185240e+00
1.105295141126021008e+02 3.300170607093185993e+00
1.148684256737553540e+02 3.332988176099463296e+00
1.193776641714435698e+02 3.366702137788021965e+00
1.240639159058831780e+02 3.183648123662083940e+00
1.289341296525714426e+02 3.215204510525834003e+00
1.339955269659338342e+02 3.247688808541526306e+00
1.392556128874462047e+02 3.281123348400563966e+00
1.447221870741134353e+02 3.315531483711222194e+00
1.504033553638023761e+02 3.138858960823819100e+00
1.563075417945815673e+02 3.170913817108159005e+00
1.624435010958865462e+02 3.203871657658788674e+00
1.688203316700362677e+02 3.237755286906225827e+00
1.754474890833459710e+02 3.272588495418078836e+00
1.823348000868440408e+02 3.308396095309963592e+00
1.894924771873821783e+02 3.133680490668467655e+00
1.969311337907421660e+02 3.166979115938841183e+00
2.046617999391989713e+02 3.201183524233766065e+00
2.126959386668689831e+02 3.236317780284544199e+00
2.210454629971021632e+02 3.272406936759583385e+00
2.297227536071151235e+02 3.102112856089476622e+00
2.387406771860646870e+02 3.135649778018399392e+00
2.481126055137767707e+02 3.170075786033540677e+00
2.578524352884273867e+02 3.205415099648415200e+00
2.679746087325689246e+02 3.241692906675070596e+00
2.784941350080644042e+02 3.278935397959831910e+00
2.894266124716749005e+02 3.108809534358364157e+00
3.007882518043098798e+02 3.143379750678033435e+00
3.125959000482278043e+02 3.178849148208478859e+00
3.248670655878374873e+02 3.215242969839504639e+00
3.376199441111336910e+02 3.252587443762064989e+00
3.508734455902711034e+02 3.085605042520247476e+00
3.646472223212745121e+02 3.120258601590069958e+00
3.789616980644715909e+02 3.155799083380452785e+00
3.938380983288489006e+02 3.192251718921482073e+00
4.092984818452438276e+02 3.229642727181876616e+00
4.253657732750387481e+02 3.065354433830245640e+00
4.420637972028529816e+02 3.100043178551019185e+00
4.594173134636476448e+02 3.135608026260647829e+00
4.774520538566126220e+02 3.172074171523812325e+00
4.961947603002902838e+02 3.209467770961506705e+00
5.156732244854963483e+02 3.247815983062602108e+00
5.359163290848514407e+02 3.082195893659199548e+00
5.569540905800130304e+02 3.117747948662925150e+00
5.788177037701274230e+02 3.154191550376035824e+00
6.015395880274832052e+02 3.191552772485950040e+00
6.251534353689711452e+02 3.229858672202910785e+00
6.496942604146117901e+02 3.066283219678672900e+00
6.751984523072501361e+02 3.101792816166605071e+00
7.017038286703822223e+02 3.138185094851650092e+00
7.292496916841444090e+02 3.175486016339518436e+00
7.578768863625922450e+02 3.213722523777523765e+00
7.876278611187054821e+02 3.051954433599252781e+00
8.185467307069020535e+02 3.087397831219046207e+00
8.506793416364153018e+02 3.123715752301529314e+00
8.840733401525062618e+02 3.160934037420746190e+00
9.187782428863330324e+02 3.199079490610603482e+00
9.548455102782293125e+02 3.238179925035311157e+00
9.923286228832545248e+02 3.074283227686837261e+00
1.031283160672184749e+03 3.110508339853863102e+00
1.071766885445503476e+03 3.147626094019090992e+00
1.113839826482618264e+03 3.185663154389375418e+00
1.157564369553303550e+03 3.224647172438962262e+00
1.203005349423324333e+03 3.062221527833297596e+00
1.250230145991456084e+03 3.098339041387224491e+00
1.299308784200414493e+03 3.135341941807011867e+00
1.350314037869872209e+03 3.173256728456212983e+00
1.403321537605484764e+03 3.212110893573368209e+00
1.458409882943986304e+03 3.051027445456560461e+00
1.515660758900601195e+03 3.087025522389682308e+00
1.575159057091621207e+03 3.123902101019952138e+00
1.636993001611701857e+03 3.161683523194623202e+00
1.701254279852589207e+03 3.200397110475749596e+00
1.768038178457205049e+03 3.040540915514717391e+00
1.837443724610724757e+03 3.076419013295452309e+00
1.909573832878096709e+03 3.113160120635574124e+00
1.984535457805803162e+03 3.150799339736572335e+00
2.062439752514092561e+03 3.189363808853326709e+00
2.143402233514854743e+03 3.228881683439539962e+00
2.227542951999556408e+03 3.066397999761392601e+00
2.314986671851160736e+03 3.102996362815034548e+00
2.405863054644066779e+03 3.140486356254559297e+00
2.500306851906321299e+03 3.178894943158044661e+00
2.598458104929247384e+03 3.218250090402770880e+00
2.700462352420682237e+03 3.056863123325820997e+00
2.806470846309838635e+03 3.093312984425370615e+00
2.916640776023700710e+03 3.130648212549032028e+00
3.031135501567576284e+03 3.168895596344015964e+00
3.150124795755327796e+03 3.208082902491202759e+00
3.273785095948577236e+03 3.047733072900198792e+00
3.402299765678064432e+03 3.084029912897826797e+00
3.535859366535175923e+03 3.121206045498466253e+00
3.674661940736687939e+03 3.159288068678028694e+00
3.818913304781854094e+03 3.198303560163941572e+00
3.968827354637157896e+03 3.038783923347207150e+00
4.124626382901347824e+03 3.075081565507820969e+00
4.286541408420925109e+03 3.112095244303751063e+00
4.454812518844988517e+03 3.150008710151844138e+00
4.629689226627267999e+03 3.188849346112666794e+00
4.811430839003254732e+03 3.029492251496067823e+00
5.000306842491089810e+03 3.066414192065207267e+00
5.196597302486196895e+03 3.103262863573397201e+00
5.400593278542373810e+03 3.141005351814327717e+00
5.612597255954965476e+03 3.179668847426759370e+00
5.832923594286199659e+03 3.219281547095498741e+00
6.061898993497572519e+03 3.057983714367607853e+00
6.299862978380693676e+03 3.094665479606780512e+00
6.547168402004729614e+03 3.132235205097109176e+00
6.804181968927094204e+03 3.170719891790855005e+00
7.071284778942996127e+03 3.210147534008137349e+00
7.348872892180387680e+03 3.049753978460071124e+00
7.637357916378011396e+03 3.086267460255839534e+00
7.937167617217543011e+03 3.123663156915871486e+00
8.248746552614580651e+03 3.161967873809023555e+00
8.572556731909324299e+03 3.201209398408953799e+00
8.909078300934124854e+03 3.241416554199065825e+00
9.258810253973944782e+03 3.282619240555753048e+00
9.622271173675135287e+03 3.324848465598252201e+00
1.000000000000000000e+04 3.367919140477360518e+00
