1.000000000000000021e-03 3.492231621029160848e+00
1.055386103036524146e-03 3.219112168613663005e+00
1.113839826482619470e-03 2.693556289675091087e+00
1.175531073878369843e-03 2.619970873574585912e+00
1.240639159058831839e-03 2.198646652866423246e+00
1.309353327353610878e-03 2.039477931882940354e+00
1.381873305653632221e-03 1.804616223665600261e+00
1.458409882943986291e-03 1.677385823597722148e+00
1.539185522990205385e-03 1.414294801277238056e+00
1.624435010958867089e-03 1.384969273054862837e+00
1.714406135851970214e-03 1.169404001897203393e+00
1.809360410738716568e-03 1.147055464207406672e+00
1.909573832878096698e-03 9.696131602907310798e-01
2.015337685941732959e-03 8.626367815731925681e-01
2.126959386668691738e-03 8.057458766411671469e-01
2.244763378413223813e-03 7.174888213140141469e-01
2.369092074182631985e-03 6.075895766978270940e-01
2.500306851906324013e-03 5.976885254161193872e-01
2.638789104828934487e-03 5.064237303751478736e-01
2.784941350080644140e-03 4.515554010644595717e-01
2.939188398646887333e-03 4.225795748228168836e-01
3.101978590138096837e-03 3.769224697349720654e-01
3.273785095948577185e-03 3.196787792805108053e-01
3.455107294592218038e-03 3.148758219961861893e-01
3.646472223212748626e-03 2.671303918868957461e-01
3.848436109487428890e-03 2.383967781997456681e-01
4.061585988376979588e-03 2.023245010832260549e-01
4.286541408420925167e-03 1.993348773270316732e-01
4.523956232538053901e-03 1.691993129965629616e-01
4.774520538566130907e-03 1.510312849265267876e-01
5.038962625065149942e-03 1.415436685134867090e-01
5.318051128214196926e-03 1.263364199342454364e-01
5.612597255954972046e-03 1.072723075688427757e-01
5.923457145875806254e-03 9.575304902969179743e-02
6.251534353689711630e-03 9.437647927836877171e-02
6.597782479539533035e-03 8.010238094457468316e-02
6.963207939763882935e-03 7.152199671989818708e-02
7.348872892180387945e-03 6.701308129558034010e-02
7.755898323389001994e-03 5.982281036136194441e-02
8.185467307069028281e-03 5.077819310094154603e-02
8.638828442740444438e-03 5.003399456162890141e-02
9.117299484984920863e-03 4.246503149415001982e-02
9.622271173675134986e-03 3.789661906627025956e-02
1.015521127634568151e-02 3.216453991214972968e-02
1.071766885445502894e-02 3.167805823110792646e-02
1.131127876593921409e-02 2.688191590705180448e-02
1.193776641714436315e-02 2.398000995527306903e-02
1.259895277795027198e-02 2.362007415885301886e-02
1.329675967466211958e-02 2.002889293153206976e-02
1.403321537605484691e-02 1.786751138496076030e-02
1.481046048880674780e-02 1.672181820992016399e-02
1.563075417945815684e-02 1.491164231490611260e-02
1.649648074098019820e-02 1.263882551732951887e-02
1.741015652304015240e-02 1.243806503230654968e-02
1.837443724610725651e-02 1.053818656268597394e-02
1.939212572065828963e-02 9.391308931414691155e-03
2.046617999391989878e-02 8.780581237190025409e-03
2.159972194782718360e-02 7.821306073023229916e-03
2.279604637318979887e-02 6.621473368957474931e-03
2.405863054644065760e-02 6.508253009049301541e-03
2.539114433680347144e-02 5.506585333954088814e-03
2.679746087325690987e-02 4.900838986967675365e-03
2.828166780230032332e-02 4.574457162465389755e-03
2.984807916924325788e-02 3.868395772267193070e-03
3.150124795755327584e-02 3.438297072058395590e-03
3.324597932270940276e-02 3.206893740377014627e-03
3.508734455902711574e-02 2.848412810042329907e-03
3.703069584005139192e-02 2.654464365712398775e-03
3.908168177536264221e-02 2.356007920338080725e-03
4.124626382901350197e-02 2.193410514131044833e-03
4.353073364731887412e-02 1.849384468330960091e-03
4.594173134636474198e-02 1.638708220012329323e-03
4.848626481239078079e-02 1.523178177172751545e-03
5.117173007114604599e-02 1.348434894161129388e-03
5.400593278542371173e-02 1.251541519574555367e-03
5.699711094326075089e-02 1.161212365020964634e-03
6.015395880274835433e-02 1.025633236428812912e-03
6.348565216305217251e-02 9.498768766304598434e-04
6.700187503509587306e-02 7.963343869304302918e-04
7.071284778942996119e-02 7.363809028831608348e-04
7.462935686310133432e-02 6.479903566184514385e-04
7.876278611187055578e-02 5.977689160275332725e-04
8.312514989890627815e-02 5.508761616378444418e-04
8.772912801613355627e-02 5.070736040318857361e-04
9.258810253973949467e-02 4.222418496975534319e-04
9.771619672696171821e-02 4.075286276274643692e-04
1.031283160672184784e-01 3.733773561993869211e-04
1.088401916069005465e-01 3.415030064854552932e-04
1.148684256737553672e-01 3.117606120023052891e-04
1.212305401337651634e-01 2.840193162519432453e-04
1.279450273207873301e-01 2.581612473892697926e-04
1.350314037869872197e-01 2.340805296035851162e-04
1.425102670302997865e-01 2.012269102140176432e-04
1.504033553638023657e-01 2.001911590354669599e-04
1.587336111010208550e-01 1.798304837496791670e-04
1.675252472408213789e-01 1.777049320058323920e-04
1.768038178457206899e-01 1.505931447242781342e-04
1.865962923181745947e-01 1.475750808043537366e-04
1.969311337907421744e-01 1.368611767686670085e-04
2.078383818579757347e-01 1.395205731346917978e-04
2.193497398905057960e-01 1.349116340828675751e-04
2.314986671851160804e-01 1.363406873947434607e-04
2.443204762186486634e-01 1.372669652214532571e-04
2.578524352884273840e-01 1.247541988949403991e-04
2.721338768375305972e-01 1.377237605378440967e-04
2.872063117797828413e-01 1.373533673980928220e-04
3.031135501567576163e-01 1.366601161827686020e-04
3.199018284775063670e-01 1.356963811906659564e-04
3.376199441111336630e-01 1.484582954543733359e-04
3.563193971228584278e-01 1.396295369968708264e-04
3.760545399658167809e-01 1.378261548536726549e-04
3.968827354637161631e-01 1.498053744981705181e-04
4.188645235435271008e-01 1.398492416167855751e-04
4.420637972028529927e-01 1.508939864322182234e-04
4.665479882234472853e-01 1.621353285228854823e-04
4.923882631706736346e-01 1.647046399756158506e-04
5.196597302486196668e-01 1.663862190158038677e-04
5.484416576121015074e-01 1.670839847448499802e-04
5.788177037701274230e-01 1.840158388025868160e-04
6.108761607505033275e-01 2.013163908756566251e-04
6.447102107323869902e-01 2.414116174544930489e-04
6.804181968927094371e-01 2.602906236167905753e-04
7.181039092537349067e-01 2.923138282341006516e-04
7.578768863625922059e-01 3.777731325976432363e-04
7.998527336796708020e-01 4.603796850770533185e-04
8.441534596012976177e-01 5.562438825384044376e-04
8.909078300934133443e-01 7.356265239101601218e-04
9.402517429670123050e-01 9.652440759583998109e-04
9.923286228832545186e-01 1.258155354804400654e-03
1.047289838236358461e+00 1.801188016905813779e-03
1.105295141126021008e+00 2.214170628237896281e-03
1.166513131698196259e+00 2.858787925007939823e-03
1.231121748203889643e+00 3.512923659354234233e-03
1.299308784200415845e+00 4.550140674039366250e-03
1.371272434398399520e+00 5.097472910091239810e-03
1.447221870741134397e+00 6.032950746969262951e-03
1.527377850390712499e+00 6.505106383357949634e-03
1.611973357388157169e+00 6.706879494295797661e-03
1.701254279852587370e+00 7.313034297890259709e-03
1.795480124687830470e+00 7.264693642077126728e-03
1.894924771873819802e+00 7.254956949886674430e-03
1.999877270535284968e+00 7.280512934320927318e-03
2.110642679101552677e+00 7.339109122984345708e-03
2.227542951999556209e+00 7.813006923639844239e-03
2.350917875457284367e+00 7.187067767816793760e-03
2.481126055137767850e+00 6.633130572404445993e-03
2.618545958474232549e+00 6.139891598705032351e-03
2.763577014736157356e+00 5.988125146578334064e-03
2.916640776023703641e+00 5.565365240043667304e-03
3.078182142565077051e+00 5.447104331781807245e-03
3.248670655878374891e+00 5.076235131398092182e-03
3.428601863556583140e+00 4.978744369479783799e-03
3.618498759642746698e+00 4.646858542041342605e-03
3.818913304781850204e+00 4.561582815858105690e-03
4.030428030568050879e+00 4.259429299800325530e-03
4.253657732750382614e+00 4.180176702657731336e-03
4.489251258218603269e+00 3.715868959606596217e-03
4.737893390963138884e+00 3.462861639610991579e-03
5.000306842491089476e+00 3.391734304378903140e-03
5.277254352483532251e+00 3.313170814649451026e-03
5.569540905800129948e+00 3.231695711635716641e-03
5.878016072274911963e+00 3.147515330489290917e-03
6.203576476104267989e+00 2.908510897762354910e-03
6.547168402004736265e+00 3.110222402411853132e-03
6.909790545715638110e+00 3.150292273325288901e-03
7.292496916841444410e+00 3.177160985082159994e-03
7.696399902471150689e+00 3.188012833295489519e-03
8.122673500479711706e+00 3.509805092384651534e-03
8.572556731909315886e+00 4.236451441647901862e-03
9.047357242349292505e+00 4.596133454234987807e-03
9.548455102782282822e+00 6.022309215810569064e-03
1.007730682094459773e+01 8.623096580530344515e-03
1.063544957486011278e+01 1.279846052106247897e-02
1.122450568085305811e+01 2.394079161485074617e-02
1.184618730902682415e+01 8.703907417783425526e-02
1.250230145991453412e+01 8.042387710246348131e-01
1.319475521676706009e+01 3.899567722755568955e+00
1.392556128874461940e+01 8.105443751967106536e+00
1.469684386112444408e+01 1.269435790539581710e+01
1.551084476952840596e+01 1.660754894874468590e+01
1.636993001611702070e+01 1.815448929986095195e+01
1.727659664669034711e+01 2.019556755345805144e+01
1.823348000868438490e+01 2.402823367758458772e+01
1.924336141115979970e+01 2.631293812713495583e+01
2.030917620904734733e+01 2.649219929787185990e+01
2.143402233514854416e+01 2.705157073229999654e+01
2.262116930469021625e+01 2.941773806248362888e+01
2.387406771860646870e+01 2.933717316424118593e+01
2.519635929317013634e+01 2.958867946401172588e+01
2.659188744512691116e+01 3.170269405798957152e+01
2.806470846309833078e+01 3.262167735712048966e+01
2.961910329772553396e+01 3.225915544518296940e+01
3.125959000482277972e+01 3.217260128668943509e+01
3.299093687770935901e+01 3.233749223195727041e+01
3.481817630688966148e+01 3.443509128516186024e+01
3.674661940736687882e+01 3.178991548002671053e+01
3.878187145610719710e+01 3.260905477054131296e+01
4.092984818452433871e+01 3.204702457480627231e+01
4.319679297334173640e+01 3.167484711262102337e+01
4.558929499981059053e+01 3.146872593717282385e+01
4.811430839003254789e+01 3.141296245107669094e+01
5.077917243205393305e+01 3.149648248400594142e+01
5.359163290848514549e+01 3.171287731779039731e+01
5.655986461065002402e+01 3.206032830073016271e+01
5.969249509970727274e+01 2.947321261874210307e+01
6.299862978380680545e+01 3.156503147519433838e+01
6.648787838417263174e+01 2.921081799717433825e+01
7.017038286703822791e+01 3.149052835577169063e+01
7.405684692262427404e+01 2.931550045455900744e+01
7.815856707684091020e+01 2.878902947324746009e+01
8.248746552614581162e+01 2.833849429528478225e+01
8.705612479099856671e+01 2.936037070385481940e+01
9.187782428863320661e+01 2.904389074024874517e+01
9.696657893145520291e+01 2.879622425914521244e+01
1.023371798632519187e+02 2.720532331250887381e+01
1.080052374516251774e+02 2.707732329161141394e+01
1.139872266616050211e+02 2.700094327136155314e+01
1.203005349423324191e+02 2.697264753920409674e+01
1.269635127659972795e+02 2.698962386145096914e+01
1.339955269659337205e+02 2.704967426402309272e+01
1.414170170289021087e+02 2.586043750738193836e+01
1.492495545051829140e+02 2.472183092764281653e+01
1.575159057091621264e+02 2.616285397997809881e+01
1.662400978926610264e+02 2.636150080951539465e+01
1.754474890833459710e+02 2.659524906972272973e+01
1.851648417912153946e+02 2.433456935358881879e+01
1.954204007974051365e+02 2.460607213826639850e+01
2.062439752514088411e+02 2.619298704725260407e+01
2.176670253153459100e+02 2.524713643886202163e+01
2.297227536071151235e+02 2.437324562180232945e+01
2.424462017082325929e+02 2.474080760659445843e+01
2.558743520168583814e+02 2.394074843306159295e+01
2.700462352420682350e+02 2.433431780747271844e+01
2.850030438518105029e+02 2.476028370799973999e+01
3.007882518043095956e+02 2.401119963249941236e+01
3.174477409109186965e+02 2.445961785008195122e+01
3.350299341977229801e+02 2.375854461308644261e+01
3.535859366535175923e+02 2.422733049810064898e+01
3.731696837732748122e+02 2.473001136912796838e+01
3.938380983288481048e+02 2.405376039288242751e+01
4.156512558225987846e+02 2.457554749629652591e+01
4.386725591048494266e+02 2.393113176257502417e+01
4.629689226627258449e+02 2.447111284316008906e+01
4.886109671160326116e+02 2.385313117119119397e+01
5.156732244854963483e+02 2.441069936037211363e+01
5.442343548300260636e+02 2.381458871303976466e+01
5.743773748826574774e+02 2.438937505045276666e+01
6.061898993497571837e+02 2.381124264454808781e+01
6.397643955748424105e+02 2.440306631528097370e+01
6.751984523072494540e+02 2.383955913977324670e+01
7.125950633568396597e+02 2.444839032277639390e+01
7.520629269592407127e+02 2.389659341331996956e+01
7.937167617217542102e+02 2.221375269575946021e+01
8.376776400682906569e+02 2.397988168782034180e+01
8.840733401525044428e+02 2.230329503153140891e+01
9.330387172620360161e+02 2.408735649104993470e+01
9.847160957933764394e+02 2.241473659547814279e+01
1.039255682936711082e+03 2.421727959021538013e+01
1.096816005273137989e+03 2.254657836754329381e+01
1.157564369553303550e+03 2.319280905744338028e+01
1.221677348996790670e+03 2.386676654315605006e+01
1.289341296525713005e+03 2.222687835689526636e+01
1.360752886424333155e+03 2.403814290415360944e+01
1.436119685999077319e+03 2.239594282234593337e+01
1.515660758900601195e+03 2.422687834803325657e+01
1.599607301861484530e+03 2.258096650315099296e+01
1.688203316700362848e+03 2.213098092279887652e+01
1.781706319545728775e+03 2.395200695152189496e+01
1.880388089340912757e+03 2.232864034014448862e+01
1.984535457805799069e+03 2.416996071684547331e+01
2.094451143151468841e+03 2.254009502937462628e+01
2.210454629971019131e+03 2.210386746714645767e+01
2.332883097864153569e+03 2.393567432306812037e+01
2.462092401494625392e+03 2.232407068706847397e+01
2.598458104929247384e+03 2.417678231501782804e+01
2.742376573264946728e+03 2.255657832116473216e+01
2.894266124716745708e+03 2.212901361670326494e+01
3.054568246515431838e+03 2.397253617674488524e+01
3.223748878149026950e+03 2.236743805255495943e+01
3.402299765678064432e+03 2.305778584818596144e+01
3.590739891061047729e+03 2.261713555162191369e+01
3.789616980644716023e+03 2.219442515413390637e+01
3.999509097203661440e+03 2.405049716670890803e+01
4.221026320156894144e+03 2.244794097854247639e+01
4.454812518844979422e+03 2.203497316220537883e+01
4.701547224022129740e+03 2.388238461080198505e+01
4.961947603002898177e+03 2.229127389901772816e+01
5.236770544204644466e+03 2.298669144158005295e+01
5.526814857144591770e+03 2.255759397142940159e+01
5.832923594286199659e+03 2.214520039485241298e+01
6.155986501483501343e+03 2.400603209309968733e+01
6.496942604146111080e+03 2.241299240349836808e+01
6.856782936641738161e+03 2.200811586754453231e+01
7.236553422869649694e+03 2.386063656691339929e+01
7.637357916378011396e+03 2.227674681156121395e+01
8.060361408861328528e+03 2.297765736535068726e+01
8.506793416364153018e+03 2.255465617946782686e+01
8.977951553033313758e+03 2.214763326843975833e+01
9.475205302806527470e+03 2.401421791295301489e+01
1.000000000000000000e+04 2.242553447098125474e+01
