1.000000000000000056e-01 6.504745802855821379e-01
1.039255682936712638e-01 5.824903032366406386e-01
1.080052374516252828e-01 5.614276734931427093e-01
1.122450568085306410e-01 5.027386096724707487e-01
1.166513131698196093e-01 4.847453625337185823e-01
1.212305401337652189e-01 4.333295316859956392e-01
1.259895277795027302e-01 4.165632132510112551e-01
1.309353327353610374e-01 3.718546057332752230e-01
1.360752886424333452e-01 3.570913687764987743e-01
1.414170170289023587e-01 3.418117585504124589e-01
1.469684386112446450e-01 3.036016856460795332e-01
1.527377850390713721e-01 2.898573772237539870e-01
1.587336111010209105e-01 2.758067162377763060e-01
1.649648074098020167e-01 2.619175257835165693e-01
1.714406135851970769e-01 2.477396344537268758e-01
1.781706319545730832e-01 2.336923281035105937e-01
1.851648417912155065e-01 2.196795823162024097e-01
1.924336141115980114e-01 2.053620135829443971e-01
1.999877270535286022e-01 1.913660415795699343e-01
2.078383818579757347e-01 1.776104940478442917e-01
2.159972194782718291e-01 1.764557799476008104e-01
2.244763378413223709e-01 1.619701092252331109e-01
2.332883097864157096e-01 1.594505947319982408e-01
2.424462017082328336e-01 1.451134458536711969e-01
2.519635929317015077e-01 1.414607852786442244e-01
2.618545958474232660e-01 1.373889878674372511e-01
2.721338768375307082e-01 1.331426386813199247e-01
2.828166780230032540e-01 1.286258059905117934e-01
2.939188398646885858e-01 1.238640152785496634e-01
3.054568246515431684e-01 1.192191067902826779e-01
3.174477409109192627e-01 1.144661028580647860e-01
3.299093687770939809e-01 1.098639837994395962e-01
3.428601863556585694e-01 1.054019711372329304e-01
3.563193971228584833e-01 1.009520135765084176e-01
3.703069584005140302e-01 9.682811708933918016e-02
3.848436109487430312e-01 9.263833418503682193e-02
3.999509097203664543e-01 8.864450039245425073e-02
4.156512558225988752e-01 8.465719595186591007e-02
4.319679297334173551e-01 8.070421333969857169e-02
4.489251258218605600e-01 7.668188635053112268e-02
4.665479882234472853e-01 7.253184420557326484e-02
4.848626481239080577e-01 7.343930929299959109e-02
5.038962625065149803e-01 6.862710718060918702e-02
5.236770544204653044e-01 6.850034575339775111e-02
5.442343548300266898e-01 6.777936723141349262e-02
5.655986461065004578e-01 7.163870793377355439e-02
5.878016072274911963e-01 7.491274085487156786e-02
6.108761607505036606e-01 7.773433338197746623e-02
6.348565216305216419e-01 7.988325597091638919e-02
6.597782479539537892e-01 8.768114572785577765e-02
6.856782936641739878e-01 9.541379521882063786e-02
7.125950633568408632e-01 1.029155650924975379e-01
7.405684692262436419e-01 1.101871733663520175e-01
7.696399902471157128e-01 1.259719047262713443e-01
7.998527336796710241e-01 1.327244077377266740e-01
8.312514989890629202e-01 1.491429926298288300e-01
8.638828442740447144e-01 1.791542740678030710e-01
8.977951553033320931e-01 1.983370416397867153e-01
9.330387172620362435e-01 2.347487636849252823e-01
9.696657893145520513e-01 2.762831564935244177e-01
1.007730682094461150e+00 3.242410191127091945e-01
1.047289838236358461e+00 4.081659161751178821e-01
1.088401916069005937e+00 4.771438089278974837e-01
1.131127876593921444e+00 6.014901750503157674e-01
1.175531073878369304e+00 7.051691043727942310e-01
1.221677348996791812e+00 8.314919597679171215e-01
1.269635127659973550e+00 9.861998686148413240e-01
1.319475521676706009e+00 1.176071212713200698e+00
1.371272434398400186e+00 1.313487179183614240e+00
1.425102670302997865e+00 1.479583279779597138e+00
1.481046048880674704e+00 1.558467590184712925e+00
1.539185522990205390e+00 1.657581344923512834e+00
1.599607301861486919e+00 1.774162495311390808e+00
1.662400978926611872e+00 1.779028600215364131e+00
1.727659664669035644e+00 1.797362470489829223e+00
1.795480124687831358e+00 1.696721064972942283e+00
1.865962923181746058e+00 1.735943216916320919e+00
1.939212572065829976e+00 1.661427533569891146e+00
2.015337685941732904e+00 1.595832538058042926e+00
2.094451143151469630e+00 1.541356279074956870e+00
2.176670253153459189e+00 1.388795704884657978e+00
2.262116930469025178e+00 1.354180437983053764e+00
2.350917875457286588e+00 1.229376666259795803e+00
2.443204762186487855e+00 1.119356379761004217e+00
2.539114433680346838e+00 1.101534360782699506e+00
2.638789104828933141e+00 1.008314778631690611e+00
2.742376573264949435e+00 9.251163391879702047e-01
2.850030438518106557e+00 8.503878987817751200e-01
2.961910329772553307e+00 8.432035445697690923e-01
3.078182142565078383e+00 7.776088758710222315e-01
3.199018284775064114e+00 7.182261547571832105e-01
3.324597932270939804e+00 6.640668149222609395e-01
3.455107294592218103e+00 6.134235061378565668e-01
3.590739891061053068e+00 6.109774232462986676e-01
3.731696837732751959e+00 5.650714530295740667e-01
3.878187145610721753e+00 5.228229075607485621e-01
4.030428030568050879e+00 4.837796035518528437e-01
4.188645235435270564e+00 4.814566384175359981e-01
4.353073364731890216e+00 4.450178452896548786e-01
4.523956232538053790e+00 4.106395113824713450e-01
4.701547224022132099e+00 4.076856680633573760e-01
4.886109671160325796e+00 3.753370613746045970e-01
5.077917243205400943e+00 3.716349469246948423e-01
5.277254352483537581e+00 3.673689200100715979e-01
5.484416576121017961e+00 3.363516804759940637e-01
5.699711094326075589e+00 3.308468271180990405e-01
5.923457145875802965e+00 3.245290718645759132e-01
6.155986501483507567e+00 3.168760947263792316e-01
6.397643955748426592e+00 3.082329166814100629e-01
6.648787838417263174e+00 3.213512311038830283e-01
6.909790545715641663e+00 3.090031479582114327e-01
7.181039092537348623e+00 3.177294450754190036e-01
7.462935686310133043e+00 3.481022405881557535e-01
7.755898323389001980e+00 3.769875691055506461e-01
8.060361408861341559e+00 4.032559781094066653e-01
8.376776400682915735e+00 4.918071078706872101e-01
8.705612479099860579e+00 6.321749321437194480e-01
9.047357242349292505e+00 8.540268724288810898e-01
9.402517429670131932e+00 1.395946047604379237e+00
9.771619672696177261e+00 4.924768123139157794e+00
1.015521127634568010e+01 2.203107160065571293e+02
1.055386103036522982e+01 2.433042911453435408e+02
1.096816005273137939e+01 2.730567643282539620e+02
1.139872266616051455e+01 2.900581739759561515e+02
1.184618730902683659e+01 3.375977279823076742e+02
1.231121748203889510e+01 3.723879378237894571e+02
1.279450273207873323e+01 3.886750224514235015e+02
1.329675967466211262e+01 4.445873593286910364e+02
1.381873305653632222e+01 4.805445912094430128e+02
1.436119685999078754e+01 5.282502925009001729e+02
1.492495545051828998e+01 5.484306524019287963e+02
1.551084476952840596e+01 6.226182766020697272e+02
1.611973357388157169e+01 6.673792125918257625e+02
1.675252472408215354e+01 7.256715766425435277e+02
1.741015652304015404e+01 8.000488726672359689e+02
1.809360410738716496e+01 8.297911328480286102e+02
1.880388089340914703e+01 8.720211597194837623e+02
1.954204007974053425e+01 9.274987567373542561e+02
2.030917620904734733e+01 9.990474124387762913e+02
2.110642679101554720e+01 1.009617431081697646e+03
2.193497398905057949e+01 1.111031539587282168e+03
2.279604637318979599e+01 1.145920015924265954e+03
2.369092074182632146e+01 1.194414780021319075e+03
2.462092401494625449e+01 1.165262628666975161e+03
2.558743520168586372e+01 1.235932256970709659e+03
2.659188744512693603e+01 1.227103478806084922e+03
2.763577014736157267e+01 1.227624700583017102e+03
2.872063117797828014e+01 1.236944404496778134e+03
2.984807916924324189e+01 1.254913279116105969e+03
3.101978590138096692e+01 1.281744670559233555e+03
3.223748878149029906e+01 1.223895975021481718e+03
3.350299341977229517e+01 1.264309859423593252e+03
3.481817630688966148e+01 1.221012278102548407e+03
3.618498759642746876e+01 1.183962486117452954e+03
3.760545399658171561e+01 1.154080753128479728e+03
3.908168177536263954e+01 1.130746532197827037e+03
4.061585988376979373e+01 1.113034426605074714e+03
4.221026320156898493e+01 1.100247720657982654e+03
4.386725591048498529e+01 1.012792780889285154e+03
4.558929499981059053e+01 1.008518052416829846e+03
4.737893390963144213e+01 1.007758246979965406e+03
4.923882631706736390e+01 9.376715007856779494e+02
5.117173007114605099e+01 9.430793425389506410e+02
5.318051128214197121e+01 8.839862983822754359e+02
5.526814857144603366e+01 8.947783403828291284e+02
5.743773748826581027e+01 8.422111220191786742e+02
5.969249509970733669e+01 8.567520842989846415e+02
6.203576476104268522e+01 8.119755563712943740e+02
6.447102107323868836e+01 8.295852209392764962e+02
6.700187503509583564e+01 7.892284627886261887e+02
6.963207939763883303e+01 7.524023312555272014e+02
7.236553422869657481e+01 7.740296687914154745e+02
7.520629269592407695e+01 7.412509807942211637e+02
7.815856707684091020e+01 7.106823572056113107e+02
8.122673500479712061e+01 6.827493646686228885e+02
8.441534596012985503e+01 7.075887685532539990e+02
8.772912801613355782e+01 6.820575710654243267e+02
9.117299484984921776e+01 6.590382379483737623e+02
9.475205302806537588e+01 6.367395174351703417e+02
9.847160957933773773e+01 6.643680553660001351e+02
1.023371798632519187e+02 6.438560160431879922e+02
1.063544957486011242e+02 6.249527680769385825e+02
1.105295141126021008e+02 6.077584766310783380e+02
1.148684256737553540e+02 5.917318608989844506e+02
1.193776641714435698e+02 5.762813077439926701e+02
1.240639159058831780e+02 6.055222997013937629e+02
1.289341296525714426e+02 5.914124088554882519e+02
1.339955269659338342e+02 5.778037760477672009e+02
1.392556128874462047e+02 5.652885021763946725e+02
1.447221870741134353e+02 5.537554503439318978e+02
1.504033553638023761e+02 5.431075939545637539e+02
1.563075417945815673e+02 5.328255410089159341e+02
1.624435010958865462e+02 5.230072006861336149e+02
1.688203316700362677e+02 5.534130424890116728e+02
1.754474890833459710e+02 5.444709381893637783e+02
1.823348000868440408e+02 5.359555397330977939e+02
1.894924771873821783e+02 5.276378064979844567e+02
1.969311337907421660e+02 5.199030467970175096e+02
2.046617999391989713e+02 5.127027236759950028e+02
2.126959386668689831e+02 5.059934625672574384e+02
2.210454629971021632e+02 4.997363470550415627e+02
2.297227536071151235e+02 4.938963878027745409e+02
2.387406771860646870e+02 4.884420704708465450e+02
2.481126055137767707e+02 4.830756484410968596e+02
2.578524352884273867e+02 4.779457010967914243e+02
2.679746087325689246e+02 4.731519397606016355e+02
2.784941350080644042e+02 4.686705154654692365e+02
2.894266124716749005e+02 5.001562736077884210e+02
3.007882518043098798e+02 4.960021647318266105e+02
3.125959000482278043e+02 4.921156589809443176e+02
3.248670655878374873e+02 4.884794633327618953e+02
3.376199441111336910e+02 4.849437681949482339e+02
3.508734455902711034e+02 4.815200788856970462e+02
3.646472223212745121e+02 4.783208707100564538e+02
3.789616980644715909e+02 4.753324645168218581e+02
3.938380983288489006e+02 4.725422977282936472e+02
4.092984818452438276e+02 4.699387732488179381e+02
4.253657732750387481e+02 4.675111987818340253e+02
4.420637972028529816e+02 4.652496441525832438e+02
4.594173134636476448e+02 4.631449372011546757e+02
4.774520538566126220e+02 4.611885572609557471e+02
4.961947603002902838e+02 4.593726032883368475e+02
5.156732244854963483e+02 4.576897105184546035e+02
5.359163290848514407e+02 4.561330317065433633e+02
5.569540905800130304e+02 4.546961862296136019e+02
5.788177037701274230e+02 4.533732203948093797e+02
6.015395880274832052e+02 4.521585580878651740e+02
6.251534353689711452e+02 4.510470102255277425e+02
6.496942604146117901e+02 4.500336945680712120e+02
6.751984523072501361e+02 4.491140547560231653e+02
7.017038286703822223e+02 4.482838082487553493e+02
7.292496916841444090e+02 4.475389389544233723e+02
7.578768863625922450e+02 4.468756736823593201e+02
7.876278611187054821e+02 4.462904653288104555e+02
8.185467307069020535e+02 4.457799739221873097e+02
8.506793416364153018e+02 4.453410525132471207e+02
8.840733401525062618e+02 4.449707443605182675e+02
9.187782428863330324e+02 4.446662536169574196e+02
9.548455102782293125e+02 4.444249388387983686e+02
9.923286228832545248e+02 4.442443087643855506e+02
1.031283160672184749e+03 4.441220162592072143e+02
1.071766885445503476e+03 4.440558310555347248e+02
1.113839826482618264e+03 4.440436363746775328e+02
1.157564369553303550e+03 4.440834704900444763e+02
1.203005349423324333e+03 4.441734055099705074e+02
1.250230145991456084e+03 4.443116841775377566e+02
1.299308784200414493e+03 4.444965841040283294e+02
1.350314037869872209e+03 4.447265145679226634e+02
1.403321537605484764e+03 4.449999363541202229e+02
1.458409882943986304e+03 4.453153982131422595e+02
1.515660758900601195e+03 4.456715224856185955e+02
1.575159057091621207e+03 4.460670021602159636e+02
1.636993001611701857e+03 4.465005914161951637e+02
1.701254279852589207e+03 4.469710970773878671e+02
1.768038178457205049e+03 4.154857937256375635e+02
1.837443724610724757e+03 4.159892189967048353e+02
1.909573832878096709e+03 4.165243135928874381e+02
1.984535457805803162e+03 4.170902136169338519e+02
2.062439752514092561e+03 4.176859918833060306e+02
2.143402233514854743e+03 4.183108358726746587e+02
2.227542951999556408e+03 4.189639540288299600e+02
2.314986671851160736e+03 4.196445923282101376e+02
2.405863054644066779e+03 4.203520230359882817e+02
2.500306851906321299e+03 4.210855865524281967e+02
2.598458104929247384e+03 4.218446052005566003e+02
2.700462352420682237e+03 4.226284613107805512e+02
2.806470846309838635e+03 4.234365670821371737e+02
2.916640776023700710e+03 4.242683468318743962e+02
3.031135501567576284e+03 4.251232679395050695e+02
3.150124795755327796e+03 4.260008077292047233e+02
3.273785095948577236e+03 4.269004816581631303e+02
3.402299765678064432e+03 4.278218179371233418e+02
3.535859366535175923e+03 4.287643655553793565e+02
3.674661940736687939e+03 4.297277049612494579e+02
3.818913304781854094e+03 4.307114194065033530e+02
3.968827354637157896e+03 4.317151340424592263e+02
4.124626382901347824e+03 4.327384705387220265e+02
4.286541408420925109e+03 4.337810771250044013e+02
4.454812518844988517e+03 4.348426229904003435e+02
4.629689226627267999e+03 4.359227801605098307e+02
4.811430839003254732e+03 4.370212524711332094e+02
5.000306842491089810e+03 4.381377441345310899e+02
5.196597302486196895e+03 4.392719823222469699e+02
5.400593278542373810e+03 4.087791615376418690e+02
5.612597255954965476e+03 4.097952111160944924e+02
5.832923594286199659e+03 4.108259092573203475e+02
6.061898993497572519e+03 4.118710392930362900e+02
6.299862978380693676e+03 4.129304171534033685e+02
6.547168402004729614e+03 4.140038589221896927e+02
6.804181968927094204e+03 4.150911830693900129e+02
7.071284778942996127e+03 4.161922224315317180e+02
7.348872892180387680e+03 4.173068207618510428e+02
7.637357916378011396e+03 4.184348285900031783e+02
7.937167617217543011e+03 4.195761058615145203e+02
8.248746552614580651e+03 4.207305171119572265e+02
8.572556731909324299e+03 4.218979364376216381e+02
8.909078300934124854e+03 4.230782413993861155e+02
9.258810253973944782e+03 4.242713234973959402e+02
9.622271173675135287e+03 4.254770823246440727e+02
1.000000000000000000e+04 4.266954095639514435e+02
