1.000000000000000021e-03 nan
1.055386103036524146e-03 nan
1.113839826482619470e-03 nan
1.175531073878369843e-03 nan
1.240639159058831839e-03 nan
1.309353327353610878e-03 nan
1.381873305653632221e-03 nan
1.458409882943986291e-03 nan
1.539185522990205385e-03 nan
1.624435010958867089e-03 nan
1.714406135851970214e-03 nan
1.809360410738716568e-03 nan
1.909573832878096698e-03 nan
2.015337685941732959e-03 nan
2.126959386668691738e-03 nan
2.244763378413223813e-03 nan
2.369092074182631985e-03 nan
2.500306851906324013e-03 nan
2.638789104828934487e-03 nan
2.784941350080644140e-03 nan
2.939188398646887333e-03 nan
3.101978590138096837e-03 nan
3.273785095948577185e-03 nan
3.455107294592218038e-03 nan
3.646472223212748626e-03 nan
3.848436109487428890e-03 nan
4.061585988376979588e-03 nan
4.286541408420925167e-03 nan
4.523956232538053901e-03 nan
4.774520538566130907e-03 nan
5.038962625065149942e-03 nan
5.318051128214196926e-03 nan
5.612597255954972046e-03 nan
5.923457145875806254e-03 nan
6.251534353689711630e-03 nan
6.597782479539533035e-03 nan
6.963207939763882935e-03 nan
7.348872892180387945e-03 nan
7.755898323389001994e-03 nan
8.185467307069028281e-03 nan
8.638828442740444438e-03 nan
9.117299484984920863e-03 nan
9.622271173675134986e-03 nan
1.015521127634568151e-02 nan
1.071766885445502894e-02 nan
1.131127876593921409e-02 nan
1.193776641714436315e-02 nan
1.259895277795027198e-02 nan
1.329675967466211958e-02 nan
1.403321537605484691e-02 nan
1.481046048880674780e-02 nan
1.563075417945815684e-02 nan
1.649648074098019820e-02 nan
1.741015652304015240e-02 nan
1.837443724610725651e-02 nan
1.939212572065828963e-02 nan
2.046617999391989878e-02 nan
2.159972194782718360e-02 nan
2.279604637318979887e-02 nan
2.405863054644065760e-02 nan
2.539114433680347144e-02 nan
2.679746087325690987e-02 nan
2.828166780230032332e-02 nan
2.984807916924325788e-02 nan
3.150124795755327584e-02 nan
3.324597932270940276e-02 nan
3.508734455902711574e-02 nan
3.703069584005139192e-02 nan
3.908168177536264221e-02 nan
4.124626382901350197e-02 nan
4.353073364731887412e-02 nan
4.594173134636474198e-02 nan
4.848626481239078079e-02 nan
5.117173007114604599e-02 nan
5.400593278542371173e-02 nan
5.699711094326075089e-02 nan
6.015395880274835433e-02 nan
6.348565216305217251e-02 nan
6.700187503509587306e-02 nan
7.071284778942996119e-02 nan
7.462935686310133432e-02 nan
7.876278611187055578e-02 nan
8.312514989890627815e-02 nan
8.772912801613355627e-02 nan
9.258810253973949467e-02 nan
9.771619672696171821e-02 nan
1.031283160672184784e-01 nan
1.088401916069005465e-01 2.241585808226630760e+01
1.148684256737553672e-01 1.178497605023980022e+01
1.212305401337651634e-01 9.245050300233591756e+00
1.279450273207873301e-01 7.188512654868786100e+00
1.350314037869872197e-01 6.019097568267356202e+00
1.425102670302997865e-01 5.430594039341666956e+00
1.504033553638023657e-01 4.854293325349904542e+00
1.587336111010208550e-01 4.298601013308894103e+00
1.675252472408213789e-01 4.095326342862063207e+00
1.768038178457206899e-01 3.853657292460558548e+00
1.865962923181745947e-01 3.582503691358560616e+00
1.969311337907421744e-01 3.570954504487379833e+00
2.078383818579757347e-01 3.510696094931983868e+00
2.193497398905057960e-01 3.405047826236255570e+00
2.314986671851160804e-01 3.257440328241659966e+00
2.443204762186486634e-01 3.350109143707986181e+00
2.578524352884273840e-01 3.145599006607971315e+00
2.721338768375305972e-01 3.188375719168040412e+00
2.872063117797828413e-01 2.968900338975095643e+00
3.031135501567576163e-01 2.765027695135306551e+00
3.199018284775063670e-01 2.008871145576022865e+00
3.376199441111336630e-01 1.719872150541166933e+00
3.563193971228584278e-01 1.354037847945335882e+00
3.760545399658167809e-01 1.061992564466428091e+00
3.968827354637161631e-01 9.019743826915104234e-01
4.188645235435271008e-01 7.620237939940599503e-01
4.420637972028529927e-01 6.931878256198450439e-01
4.665479882234472853e-01 6.220738652450350514e-01
4.923882631706736346e-01 5.479666135029049867e-01
5.196597302486196668e-01 5.116708633395105066e-01
5.484416576121015074e-01 5.049375174696624224e-01
5.788177037701274230e-01 5.257295598311062523e-01
6.108761607505033275e-01 5.320333343216666622e-01
6.447102107323869902e-01 5.695025772577866352e-01
6.804181968927094371e-01 5.942286553085925904e-01
7.181039092537349067e-01 6.027626389715387001e-01
7.578768863625922059e-01 6.993078910350098987e-01
7.998527336796708020e-01 8.510704063371687944e-01
8.441534596012976177e-01 1.082740504045471841e+00
8.909078300934133443e-01 1.441711423495830147e+00
9.402517429670123050e-01 2.188510007427918680e+00
9.923286228832545186e-01 4.856214094886723842e+00
1.047289838236358461e+00 5.343896850997497268e+02
1.105295141126021008e+00 5.063063455719623107e+02
1.166513131698196259e+00 5.589400630988100147e+02
1.231121748203889643e+00 5.546585748922243511e+02
1.299308784200415845e+00 6.284023892060019989e+02
1.371272434398399520e+00 6.295606494779527793e+02
1.447221870741134397e+00 6.550978017513350551e+02
1.527377850390712499e+00 7.031949346677141648e+02
1.611973357388157169e+00 7.768047050176031689e+02
1.701254279852587370e+00 8.795837772259908434e+02
1.795480124687830470e+00 9.369463883936997490e+02
1.894924771873819802e+00 1.105235037184394969e+03
1.999877270535284968e+00 1.220950390582371256e+03
2.110642679101552677e+00 1.370308277962971488e+03
2.227542951999556209e+00 1.691794675986812990e+03
2.350917875457284367e+00 2.114826894152392470e+03
2.481126055137767850e+00 2.670958434169148859e+03
2.618545958474232549e+00 4.010310248517441323e+03
2.763577014736157356e+00 7.743759062827515663e+03
2.916640776023703641e+00 1.269888517527772456e+04
3.078182142565077051e+00 1.933309812591900481e+04
3.248670655878374891e+00 2.530289065161897088e+04
3.428601863556583140e+00 3.097921192788523695e+04
3.618498759642746698e+00 5.974536672066060206e+00
3.818913304781850204e+00 4.444551775191091458e+00
4.030428030568050879e+00 3.281243112902564096e+00
4.253657732750382614e+00 2.845959072056119421e+00
4.489251258218603269e+00 2.452930763672156456e+00
4.737893390963138884e+00 2.286437833978172129e+00
5.000306842491089476e+00 1.949452067953428180e+00
5.277254352483532251e+00 1.793315985913583432e+00
5.569540905800129948e+00 1.636049100319001193e+00
5.878016072274911963e+00 1.604972140303854156e+00
6.203576476104267989e+00 1.555913096582612676e+00
6.547168402004736265e+00 1.486260400295668749e+00
6.909790545715638110e+00 1.509493374268489285e+00
7.292496916841444410e+00 1.617434376119870842e+00
7.696399902471150689e+00 1.802980705786303650e+00
8.122673500479711706e+00 2.227793484105009991e+00
8.572556731909315886e+00 3.795860497489417007e+00
9.047357242349292505e+00 7.094353737746502020e+02
9.548455102782282822e+00 6.721478280034500585e+02
1.007730682094459773e+01 7.351299230397374913e+02
1.063544957486011278e+01 8.348914869944536576e+02
1.122450568085305811e+01 9.883242541352835815e+02
1.184618730902682415e+01 1.124310911153038205e+03
1.250230145991453412e+01 1.451227582614450057e+03
1.319475521676706009e+01 2.119156941514676419e+03
1.392556128874461940e+01 1.310782470452784037e+05
1.469684386112444408e+01 1.173297796346586838e+05
1.551084476952840596e+01 1.044106080151284550e+05
1.636993001611702070e+01 1.077741442013041233e+05
1.727659664669034711e+01 1.290409970894018479e+05
1.823348000868438490e+01 1.002617697924012900e+05
1.924336141115979970e+01 9.364427764008189843e+04
2.030917620904734733e+01 9.085007759576517856e+04
2.143402233514854416e+01 8.395041463389889395e+04
2.262116930469021625e+01 8.004000794955492893e+04
2.387406771860646870e+01 7.840810015411360655e+04
2.519635929317013634e+01 7.878570894750863954e+04
2.659188744512691116e+01 7.452012131637807761e+04
2.806470846309833078e+01 7.823898662112279271e+04
2.961910329772553396e+01 7.701536766411738063e+04
3.125959000482277972e+01 7.717512410076055676e+04
3.299093687770935901e+01 7.233348298493806215e+04
3.481817630688966148e+01 7.469830219648542698e+04
3.674661940736687882e+01 7.202461501396994572e+04
3.878187145610719710e+01 7.636343825152941281e+04
4.092984818452433871e+01 7.538541506562037102e+04
4.319679297334173640e+01 7.522729693652922288e+04
4.558929499981059053e+01 7.581632535931197344e+04
4.811430839003254789e+01 7.713238675851993321e+04
5.077917243205393305e+01 7.282916390618424339e+04
5.359163290848514549e+01 7.526913507789843425e+04
5.655986461065002402e+01 7.219990989671352145e+04
5.969249509970727274e+01 7.567294438066643488e+04
6.299862978380680545e+01 7.353234582632427919e+04
6.648787838417263174e+01 7.806569098175280669e+04
7.017038286703822791e+01 7.668595443543040892e+04
7.405684692262427404e+01 7.574046798744483385e+04
7.815856707684091020e+01 7.517219503486243775e+04
8.248746552614581162e+01 8.141835477757737681e+04
8.705612479099856671e+01 8.148803725762751128e+04
9.187782428863320661e+01 8.187022136790925288e+04
9.696657893145520291e+01 8.254752960625299602e+04
1.023371798632519187e+02 8.351000183240574552e+04
1.080052374516251774e+02 8.475254335831105709e+04
1.139872266616050211e+02 8.627521457021016977e+04
1.203005349423324191e+02 8.099836240311432630e+04
1.269635127659972795e+02 8.281783803787398210e+04
1.339955269659337205e+02 8.489879567654250422e+04
1.414170170289021087e+02 8.724533222204592312e+04
1.492495545051829140e+02 8.975094753362664778e+04
1.575159057091621264e+02 8.516301326183107449e+04
1.662400978926610264e+02 8.795739829054565053e+04
1.754474890833459710e+02 9.093673827520250052e+04
1.851648417912153946e+02 8.672469782887288602e+04
1.954204007974051365e+02 8.988354165927977010e+04
2.062439752514088411e+02 9.333860947131272405e+04
2.176670253153459100e+02 8.927714237796916859e+04
2.297227536071151235e+02 9.288396289435771178e+04
2.424462017082325929e+02 8.903682058123896422e+04
2.558743520168583814e+02 9.279134247024211800e+04
2.700462352420682350e+02 8.910374501608747232e+04
2.850030438518105029e+02 9.300237241676461417e+04
3.007882518043095956e+02 8.943107173082830559e+04
3.174477409109186965e+02 3.269086024663783519e+03
3.350299341977229801e+02 2.882482088915377517e+03
3.535859366535175923e+02 2.995295167727118496e+03
3.731696837732748122e+02 2.643306045144089239e+03
3.938380983288481048e+02 2.750558110425523410e+03
4.156512558225987846e+02 2.429630849388980096e+03
4.386725591048494266e+02 2.531438471831648712e+03
4.629689226627258449e+02 2.430834666266372096e+03
4.886109671160326116e+02 2.536163758267658068e+03
5.156732244854963483e+02 2.243820407992191576e+03
5.442343548300260636e+02 2.343671950222331361e+03
5.743773748826574774e+02 2.253893922523406673e+03
6.061898993497571837e+02 2.170290433052648041e+03
6.397643955748424105e+02 2.268290960889217786e+03
6.751984523072494540e+02 2.185665245882101772e+03
7.125950633568396597e+02 2.104822720914355614e+03
7.520629269592407127e+02 2.029038629194942814e+03
7.937167617217542102e+02 2.124830792651872798e+03
8.376776400682906569e+02 2.049067477066198080e+03
8.840733401525044428e+02 2.148227061573878927e+03
9.330387172620360161e+02 2.072194999047548208e+03
9.847160957933764394e+02 2.001113190241668690e+03
1.039255682936711082e+03 2.098314278725712029e+03
1.096816005273137989e+03 2.026649977914375540e+03
1.157564369553303550e+03 1.958072531015566028e+03
1.221677348996790670e+03 1.891520502805971319e+03
1.289341296525713005e+03 1.986876247825356813e+03
1.360752886424333155e+03 1.919567208106652743e+03
1.436119685999077319e+03 1.856234875148963056e+03
1.515660758900601195e+03 1.950006771991221740e+03
1.599607301861484530e+03 1.885587825299806354e+03
1.688203316700362848e+03 1.825000062515030777e+03
1.781706319545728775e+03 1.917145661194113927e+03
1.880388089340912757e+03 1.855340688686693284e+03
1.984535457805799069e+03 1.950912378646834895e+03
2.094451143151468841e+03 1.887731740599467003e+03
2.210454629971019131e+03 1.828187767352496166e+03
2.332883097864153569e+03 1.922189983239067260e+03
2.462092401494625392e+03 1.861184482018445351e+03
2.598458104929247384e+03 1.803293740890788513e+03
2.742376573264946728e+03 1.896129661042486077e+03
2.894266124716745708e+03 1.837032523443062701e+03
3.054568246515431838e+03 1.933058201149607385e+03
3.223748878149026950e+03 1.872300028007805622e+03
3.402299765678064432e+03 1.814891014338872765e+03
3.590739891061047729e+03 1.909456673292066853e+03
3.789616980644716023e+03 1.850347963336153271e+03
3.999509097203661440e+03 1.793616066816799048e+03
4.221026320156894144e+03 1.887612224195932185e+03
4.454812518844979422e+03 1.829982443811192070e+03
4.701547224022129740e+03 1.926735919728120280e+03
4.961947603002898177e+03 1.867257366503174353e+03
5.236770544204644466e+03 1.810963297651463336e+03
5.526814857144591770e+03 1.906323612885897546e+03
5.832923594286199659e+03 1.848170365067442845e+03
6.155986501483501343e+03 1.792193276387474270e+03
6.496942604146111080e+03 1.887107841954423520e+03
6.856782936641738161e+03 1.830167327446763011e+03
7.236553422869649694e+03 1.774379047063483313e+03
7.637357916378011396e+03 1.868918505862235861e+03
8.060361408861328528e+03 1.813093754164422307e+03
8.506793416364153018e+03 1.757467030189071238e+03
8.977951553033313758e+03 1.851613441369262773e+03
9.475205302806527470e+03 1.796134930647232068e+03
1.000000000000000000e+04 1.741335025548516114e+03
