1.000000000000000021e-03 nan
1.055386103036524146e-03 nan
1.113839826482619470e-03 nan
1.175531073878369843e-03 nan
1.240639159058831839e-03 nan
1.309353327353610878e-03 nan
1.381873305653632221e-03 nan
1.458409882943986291e-03 nan
1.539185522990205385e-03 nan
1.624435010958867089e-03 nan
1.714406135851970214e-03 nan
1.809360410738716568e-03 nan
1.909573832878096698e-03 nan
2.015337685941732959e-03 nan
2.126959386668691738e-03 nan
2.244763378413223813e-03 nan
2.369092074182631985e-03 nan
2.500306851906324013e-03 nan
2.638789104828934487e-03 nan
2.784941350080644140e-03 nan
2.939188398646887333e-03 nan
3.101978590138096837e-03 nan
3.273785095948577185e-03 nan
3.455107294592218038e-03 nan
3.646472223212748626e-03 nan
3.848436109487428890e-03 nan
4.061585988376979588e-03 nan
4.286541408420925167e-03 nan
4.523956232538053901e-03 nan
4.774520538566130907e-03 nan
5.038962625065149942e-03 nan
5.318051128214196926e-03 nan
5.612597255954972046e-03 nan
5.923457145875806254e-03 nan
6.251534353689711630e-03 nan
6.597782479539533035e-03 nan
6.963207939763882935e-03 nan
7.348872892180387945e-03 nan
7.755898323389001994e-03 nan
8.185467307069028281e-03 nan
8.638828442740444438e-03 nan
9.117299484984920863e-03 nan
9.622271173675134986e-03 nan
1.015521127634568151e-02 nan
1.071766885445502894e-02 nan
1.131127876593921409e-02 nan
1.193776641714436315e-02 nan
1.259895277795027198e-02 nan
1.329675967466211958e-02 nan
1.403321537605484691e-02 nan
1.481046048880674780e-02 nan
1.563075417945815684e-02 nan
1.649648074098019820e-02 nan
1.741015652304015240e-02 nan
1.837443724610725651e-02 nan
1.939212572065828963e-02 nan
2.046617999391989878e-02 nan
2.159972194782718360e-02 nan
2.279604637318979887e-02 nan
2.405863054644065760e-02 nan
2.539114433680347144e-02 nan
2.679746087325690987e-02 nan
2.828166780230032332e-02 nan
2.984807916924325788e-02 nan
3.150124795755327584e-02 nan
3.324597932270940276e-02 nan
3.508734455902711574e-02 nan
3.703069584005139192e-02 nan
3.908168177536264221e-02 nan
4.124626382901350197e-02 nan
4.353073364731887412e-02 nan
4.594173134636474198e-02 nan
4.848626481239078079e-02 nan
5.117173007114604599e-02 nan
5.400593278542371173e-02 nan
5.699711094326075089e-02 nan
6.015395880274835433e-02 nan
6.348565216305217251e-02 nan
6.700187503509587306e-02 nan
7.071284778942996119e-02 nan
7.462935686310133432e-02 nan
7.876278611187055578e-02 nan
8.312514989890627815e-02 nan
8.772912801613355627e-02 nan
9.258810253973949467e-02 nan
9.771619672696171821e-02 nan
1.031283160672184784e-01 nan
1.088401916069005465e-01 nan
1.148684256737553672e-01 nan
1.212305401337651634e-01 nan
1.279450273207873301e-01 nan
1.350314037869872197e-01 2.143784121345982285e+01
1.425102670302997865e-01 1.471510843583060257e+01
1.504033553638023657e-01 1.203669153233095557e+01
1.587336111010208550e-01 9.656974537930816282e+00
1.675252472408213789e-01 8.407904248933720126e+00
1.768038178457206899e-01 7.937378438961159688e+00
1.865962923181745947e-01 7.347432349057186229e+00
1.969311337907421744e-01 7.362406584784753072e+00
2.078383818579757347e-01 7.225815555794807388e+00
2.193497398905057960e-01 7.671754627315410247e+00
2.314986671851160804e-01 7.988246080108058145e+00
2.443204762186486634e-01 9.032082264903610991e+00
2.578524352884273840e-01 1.007757862622459832e+01
2.721338768375305972e-01 1.359405590451066992e+01
2.872063117797828413e-01 nan
3.031135501567576163e-01 nan
3.199018284775063670e-01 nan
3.376199441111336630e-01 nan
3.563193971228584278e-01 9.547480236026118164e+11
3.760545399658167809e-01 5.034584592525113145e+00
3.968827354637161631e-01 2.677015890904542506e+00
4.188645235435271008e-01 2.072405856309950778e+00
4.420637972028529927e-01 1.570449735119995971e+00
4.665479882234472853e-01 1.283631444608211547e+00
4.923882631706736346e-01 1.125341827334245037e+00
5.196597302486196668e-01 1.050882026241475309e+00
5.484416576121015074e-01 1.041874714624373421e+00
5.788177037701274230e-01 9.902911060157379985e-01
6.108761607505033275e-01 1.000050866309616371e+00
6.447102107323869902e-01 1.075638530241995960e+00
6.804181968927094371e-01 1.117302207920054524e+00
7.181039092537349067e-01 1.233412192276080566e+00
7.578768863625922059e-01 1.436449149046019835e+00
7.998527336796708020e-01 1.935525835380855764e+00
8.441534596012976177e-01 2.702632743502292989e+00
8.909078300934133443e-01 4.721814590503784714e+00
9.402517429670123050e-01 1.179690808729802256e+03
9.923286228832545186e-01 1.177239782983973555e+03
1.047289838236358461e+00 1.210180936168136213e+03
1.105295141126021008e+00 1.247517952138277678e+03
1.166513131698196259e+00 1.263935131832417710e+03
1.231121748203889643e+00 1.242120536683001546e+03
1.299308784200415845e+00 1.293719701414858491e+03
1.371272434398399520e+00 1.415886133036624415e+03
1.447221870741134397e+00 1.617308145246198819e+03
1.527377850390712499e+00 1.732296993360286706e+03
1.611973357388157169e+00 1.914501243487681222e+03
1.701254279852587370e+00 2.173206083359564673e+03
1.795480124687830470e+00 2.782657290153058057e+03
1.894924771873819802e+00 3.624847956850497667e+03
1.999877270535284968e+00 5.270022689382099998e+03
2.110642679101552677e+00 1.135967052564372534e+04
2.227542951999556209e+00 2.416002570557282888e+04
2.350917875457284367e+00 3.166010438521670949e+04
2.481126055137767850e+00 3.827817268615074863e+04
2.618545958474232549e+00 4.722685475246201531e+04
2.763577014736157356e+00 5.380806890943447070e+04
2.916640776023703641e+00 6.248644838478059683e+04
3.078182142565077051e+00 7.393040655795409111e+04
3.248670655878374891e+00 8.899849420176591957e+04
3.428601863556583140e+00 1.203151576439466007e+05
3.618498759642746698e+00 1.494469527467558219e+05
3.818913304781850204e+00 2.528329469448920572e+05
4.030428030568050879e+00 5.226128954646184575e+05
4.253657732750382614e+00 nan
4.489251258218603269e+00 8.060051208324285454e+00
4.737893390963138884e+00 5.183652520257781227e+00
5.000306842491089476e+00 4.406919551615092523e+00
5.277254352483532251e+00 3.690856958480241978e+00
5.569540905800129948e+00 3.364604603446053055e+00
5.878016072274911963e+00 3.017539582796122222e+00
6.203576476104267989e+00 2.934446627380706829e+00
6.547168402004736265e+00 2.787533540677793020e+00
6.909790545715638110e+00 2.835621973888813763e+00
7.292496916841444410e+00 3.045247734569003661e+00
7.696399902471150689e+00 3.729296637070650622e+00
8.122673500479711706e+00 5.510222089644105203e+00
8.572556731909315886e+00 1.609917631406205601e+03
9.047357242349292505e+00 1.121224598825305748e+03
9.548455102782282822e+00 1.313388486428589431e+03
1.007730682094459773e+01 2.028197512273636903e+03
1.063544957486011278e+01 1.587236768952461034e+03
1.122450568085305811e+01 1.870896455158100025e+03
1.184618730902682415e+01 3.073661346281085571e+03
1.250230145991453412e+01 nan
1.319475521676706009e+01 nan
1.392556128874461940e+01 nan
1.469684386112444408e+01 nan
1.551084476952840596e+01 nan
1.636993001611702070e+01 3.932838388921268634e+05
1.727659664669034711e+01 2.735717765150754713e+05
1.823348000868438490e+01 2.210556390755156172e+05
1.924336141115979970e+01 2.067747286929464899e+05
2.030917620904734733e+01 2.244110093588882883e+05
2.143402233514854416e+01 2.313627204285074840e+05
2.262116930469021625e+01 1.811828773654199904e+05
2.387406771860646870e+01 1.611009915639360552e+05
2.519635929317013634e+01 1.631281043039008509e+05
2.659188744512691116e+01 1.533674584817281284e+05
2.806470846309833078e+01 1.477266265716901980e+05
2.961910329772553396e+01 1.454674090219923528e+05
3.125959000482277972e+01 1.462090860606621718e+05
3.299093687770935901e+01 1.497945117794116668e+05
3.481817630688966148e+01 1.410566171774124086e+05
3.674661940736687882e+01 1.350607586104155052e+05
3.878187145610719710e+01 1.450130633355828759e+05
4.092984818452433871e+01 1.427576619137280504e+05
4.319679297334173640e+01 1.423241892407457053e+05
4.558929499981059053e+01 1.435430037696383661e+05
4.811430839003254789e+01 1.463685473897128541e+05
5.077917243205393305e+01 1.508145800536902971e+05
5.359163290848514549e+01 1.417240061025632895e+05
5.655986461065002402e+01 1.486038592384397343e+05
5.969249509970727274e+01 1.421238652335694933e+05
6.299862978380680545e+01 1.513667392367966822e+05
6.648787838417263174e+01 1.468442647670215229e+05
7.017038286703822791e+01 1.585148637182499515e+05
7.405684692262427404e+01 1.557581482131126686e+05
7.815856707684091020e+01 1.539774622038677626e+05
8.248746552614581162e+01 1.691209409164487151e+05
8.705612479099856671e+01 1.688344211231857189e+05
9.187782428863320661e+01 1.693379740873149130e+05
9.696657893145520291e+01 1.705759297421777446e+05
1.023371798632519187e+02 1.725114801775595697e+05
1.080052374516251774e+02 1.751256625532561447e+05
1.139872266616050211e+02 1.784106480280512187e+05
1.203005349423324191e+02 1.823637962932019727e+05
1.269635127659972795e+02 1.868522740205135196e+05
1.339955269659337205e+02 1.920250771329881100e+05
1.414170170289021087e+02 1.979176575409819779e+05
1.492495545051829140e+02 2.044038047465163691e+05
1.575159057091621264e+02 1.913575757177989872e+05
1.662400978926610264e+02 1.985017134743355564e+05
1.754474890833459710e+02 2.062007901812955388e+05
1.851648417912153946e+02 2.146833987993723131e+05
1.954204007974051365e+02 2.025235661909202463e+05
2.062439752514088411e+02 2.113853588611894811e+05
2.176670253153459100e+02 2.210912713895789930e+05
2.297227536071151235e+02 2.094107692483146966e+05
2.424462017082325929e+02 2.195400551035593380e+05
2.558743520168583814e+02 2.302844548035952612e+05
2.700462352420682350e+02 2.190066947739077150e+05
2.850030438518105029e+02 2.301118893631912360e+05
3.007882518043095956e+02 2.422629495541252545e+05
3.174477409109186965e+02 2.307884172960077121e+05
3.350299341977229801e+02 2.433046991578309680e+05
3.535859366535175923e+02 2.321991756446477084e+05
3.731696837732748122e+02 2.450599020540886268e+05
3.938380983288481048e+02 2.342490433568488806e+05
4.156512558225987846e+02 2.474498824564612878e+05
4.386725591048494266e+02 2.617241264487150765e+05
4.629689226627258449e+02 2.504064179566018865e+05
4.886109671160326116e+02 2.651035315612182021e+05
5.156732244854963483e+02 2.538882774843618099e+05
5.442343548300260636e+02 2.689387976919007488e+05
5.743773748826574774e+02 2.578595912905587466e+05
6.061898993497571837e+02 2.732667076926497975e+05
6.397643955748424105e+02 2.622949735155495582e+05
6.751984523072494540e+02 2.780661452853704686e+05
7.125950633568396597e+02 2.670081948569717933e+05
7.520629269592407127e+02 2.833262454053828260e+05
7.937167617217542102e+02 2.720875297666417900e+05
8.376776400682906569e+02 2.615759472487010353e+05
8.840733401525044428e+02 2.775726090815725620e+05
9.330387172620360161e+02 2.669227454479740700e+05
9.847160957933764394e+02 2.834626201980675105e+05
1.039255682936711082e+03 2.725568563008374185e+05
1.096816005273137989e+03 2.897229308064784273e+05
1.157564369553303550e+03 2.785634262048751698e+05
1.221677348996790670e+03 2.961194275166796288e+05
1.289341296525713005e+03 2.849497964039202197e+05
1.360752886424333155e+03 2.741911034849177231e+05
1.436119685999077319e+03 2.915899058018267388e+05
1.515660758900601195e+03 2.806211590826047468e+05
1.599607301861484530e+03 2.984204900906230323e+05
1.688203316700362848e+03 2.874206808477991144e+05
1.781706319545728775e+03 3.056392789881392964e+05
1.880388089340912757e+03 2.943192840119241737e+05
1.984535457805799069e+03 2.834870706659684074e+05
2.094451143151468841e+03 3.015374277527604136e+05
2.210454629971019131e+03 2.905614492205308634e+05
2.332883097864153569e+03 3.091184131788706291e+05
2.462092401494625392e+03 2.977414512743292144e+05
2.598458104929247384e+03 2.869778230819733581e+05
2.742376573264946728e+03 3.052908465426985058e+05
2.894266124716745708e+03 2.942022195149085019e+05
3.054568246515431838e+03 3.132249729781466885e+05
3.223748878149026950e+03 3.016943216859444510e+05
3.402299765678064432e+03 2.908747451642461237e+05
3.590739891061047729e+03 3.095628417773618130e+05
3.789616980644716023e+03 2.983018251047847443e+05
3.999509097203661440e+03 2.876737648273311206e+05
4.221026320156894144e+03 3.060972049350413727e+05
4.454812518844979422e+03 2.950875241518447874e+05
4.701547224022129740e+03 3.142749111588582164e+05
4.961947603002898177e+03 3.027946389284486650e+05
5.236770544204644466e+03 3.225564630898190080e+05
5.526814857144591770e+03 3.108837862561736256e+05
5.832923594286199659e+03 2.996427048749992391e+05
6.155986501483501343e+03 3.192374130559071200e+05
6.496942604146111080e+03 3.076318916179335793e+05
6.856782936641738161e+03 2.966120534610896138e+05
7.236553422869649694e+03 3.160094633691566996e+05
7.637357916378011396e+03 3.045049036078671925e+05
8.060361408861328528e+03 3.243979743359350832e+05
8.506793416364153018e+03 3.127744760563578457e+05
8.977951553033313758e+03 3.014837873408637824e+05
9.475205302806527470e+03 3.212067927291154629e+05
1.000000000000000000e+04 3.096456664680983522e+05
