1.000000000000000021e-03 nan
1.055386103036524146e-03 nan
1.113839826482619470e-03 nan
1.175531073878369843e-03 nan
1.240639159058831839e-03 nan
1.309353327353610878e-03 nan
1.381873305653632221e-03 nan
1.458409882943986291e-03 nan
1.539185522990205385e-03 nan
1.624435010958867089e-03 nan
1.714406135851970214e-03 nan
1.809360410738716568e-03 nan
1.909573832878096698e-03 nan
2.015337685941732959e-03 nan
2.126959386668691738e-03 nan
2.244763378413223813e-03 nan
2.369092074182631985e-03 nan
2.500306851906324013e-03 1.412639738664157267e+04
2.638789104828934487e-03 1.175781112034527177e+04
2.784941350080644140e-03 9.789917011234860183e+03
2.939188398646887333e-03 1.289798277338208027e+04
3.101978590138096837e-03 1.074478416358352843e+04
3.273785095948577185e-03 8.953352491755022129e+03
3.455107294592218038e-03 6.132650616644968068e+03
3.646472223212748626e-03 5.112490020048659062e+03
3.848436109487428890e-03 4.262822089250316822e+03
4.061585988376979588e-03 5.621818337191885803e+03
4.286541408420925167e-03 4.688420430993811351e+03
4.523956232538053901e-03 5.083404119132444976e+03
4.774520538566130907e-03 2.680930427972782581e+03
5.038962625065149942e-03 2.236554695138518582e+03
5.318051128214196926e-03 2.950439547266201771e+03
5.612597255954972046e-03 3.894037247736406243e+03
5.923457145875806254e-03 2.669415862673980882e+03
6.251534353689711630e-03 1.408372896519742881e+03
6.597782479539533035e-03 1.858057586501680817e+03
6.963207939763882935e-03 1.550256536533910776e+03
7.348872892180387945e-03 1.681282945429974689e+03
7.755898323389001994e-03 8.870709312426970428e+02
8.185467307069028281e-03 1.170239314859890783e+03
8.638828442740444438e-03 9.763192993769233681e+02
9.117299484984920863e-03 1.288384415813090527e+03
9.622271173675134986e-03 8.831947452996290622e+02
1.015521127634568151e-02 7.367406326279019595e+02
1.071766885445502894e-02 6.145585041963248614e+02
1.131127876593921409e-02 8.108551061410729517e+02
1.193776641714436315e-02 6.762847543453586923e+02
1.259895277795027198e-02 4.635013781917954816e+02
1.329675967466211958e-02 3.865468203873620610e+02
1.403321537605484691e-02 3.223520490106642455e+02
1.481046048880674780e-02 4.251884935589762904e+02
1.563075417945815684e-02 3.545148091176419598e+02
1.649648074098019820e-02 1.535905289165878855e+02
1.741015652304015240e-02 1.280385922035171404e+02
1.837443724610725651e-02 1.687762683861854782e+02
1.939212572065828963e-02 1.406693325009243551e+02
2.046617999391989878e-02 1.172269758694083492e+02
2.159972194782718360e-02 5.073627658522780592e+01
2.279604637318979887e-02 4.224777247750882481e+01
2.405863054644065760e-02 2.223097206568411366e+01
2.539114433680347144e-02 1.849033709662236902e+01
2.679746087325690987e-02 1.537136192631840714e+01
2.828166780230032332e-02 1.277156870835115754e+01
2.984807916924325788e-02 1.060539017729562872e+01
3.150124795755327584e-02 8.801340589723816166e+00
3.324597932270940276e-02 7.299667728150609491e+00
3.508734455902711574e-02 6.050403757638505020e+00
3.703069584005139192e-02 6.101516453612625845e+00
3.908168177536264221e-02 5.050100876104593794e+00
4.124626382901350197e-02 4.176939305350748199e+00
4.353073364731887412e-02 4.204247871568706607e+00
4.594173134636474198e-02 2.668432861399796518e+00
4.848626481239078079e-02 2.680245125567982445e+00
5.117173007114604599e-02 2.209382824346248331e+00
5.400593278542371173e-02 2.215428487282649961e+00
5.699711094326075089e-02 1.822496714344220559e+00
6.015395880274835433e-02 1.823880096020558561e+00
6.348565216305217251e-02 1.400783327436193604e+00
6.700187503509587306e-02 1.398310161142602537e+00
7.071284778942996119e-02 1.144607020343812787e+00
7.462935686310133432e-02 8.758002443531615056e-01
7.876278611187055578e-02 8.701285383767967119e-01
8.312514989890627815e-02 8.078346094370797426e-01
8.772912801613355627e-02 7.999788054174788998e-01
9.258810253973949467e-02 6.075409432207854454e-01
9.771619672696171821e-02 5.990588095417266334e-01
1.031283160672184784e-01 5.514470839914258349e-01
1.088401916069005465e-01 5.063288452530820827e-01
1.148684256737553672e-01 3.807412413990157174e-01
1.212305401337651634e-01 3.474560168135596983e-01
1.279450273207873301e-01 3.847285744139063990e-01
1.350314037869872197e-01 3.484907888621030514e-01
1.425102670302997865e-01 2.416514992586625277e-01
1.504033553638023657e-01 2.639342266414614335e-01
1.587336111010208550e-01 2.204610711281928537e-01
1.675252472408213789e-01 2.227608902411718772e-01
1.768038178457206899e-01 1.835551573586760021e-01
1.865962923181745947e-01 1.826229002362618759e-01
1.969311337907421744e-01 1.685475060723290452e-01
2.078383818579757347e-01 1.645809307553672829e-01
2.193497398905057960e-01 1.393223400154504632e-01
2.314986671851160804e-01 1.518515058015847408e-01
2.443204762186486634e-01 1.259852398848664845e-01
2.578524352884273840e-01 1.261406772229567708e-01
2.721338768375305972e-01 1.253789519939801922e-01
2.872063117797828413e-01 1.159522806499225928e-01
3.031135501567576163e-01 1.141153084836319664e-01
3.199018284775063670e-01 1.048167043598379755e-01
3.376199441111336630e-01 9.614189336781227280e-02
3.563193971228584278e-01 1.073441288085030254e-01
3.760545399658167809e-01 9.833817539907176164e-02
3.968827354637161631e-01 9.616504545205559196e-02
4.188645235435271008e-01 8.781357897132643919e-02
4.420637972028529927e-01 7.983086020562299434e-02
4.665479882234472853e-01 7.203679924503517129e-02
4.923882631706736346e-01 7.328005345246625668e-02
5.196597302486196668e-01 7.350057479307668673e-02
5.484416576121015074e-01 7.250510048816122266e-02
5.788177037701274230e-01 8.013670122471830415e-02
6.108761607505033275e-01 8.143619592182217704e-02
6.447102107323869902e-01 8.692825882071748833e-02
6.804181968927094371e-01 9.734449325619959348e-02
7.181039092537349067e-01 1.070681612836027891e-01
7.578768863625922059e-01 1.155075587075081039e-01
7.998527336796708020e-01 1.392010697571083588e-01
8.441534596012976177e-01 1.875229697842975274e-01
8.909078300934133443e-01 2.173600839855787392e-01
9.402517429670123050e-01 2.649263060737003794e-01
9.923286228832545186e-01 3.894312600029560256e-01
1.047289838236358461e+00 5.001350847971123281e-01
1.105295141126021008e+00 7.345005090501355305e-01
1.166513131698196259e+00 8.920968137953420030e-01
1.231121748203889643e+00 9.629857871464760910e-01
1.299308784200415845e+00 1.285948119497728026e+00
1.371272434398399520e+00 1.532888623464087496e+00
1.447221870741134397e+00 1.527153022000467653e+00
1.527377850390712499e+00 2.014628143409583405e+00
1.611973357388157169e+00 1.819668627460108157e+00
1.701254279852587370e+00 1.668990565060703313e+00
1.795480124687830470e+00 2.019324671506239177e+00
1.894924771873819802e+00 1.665463236869596741e+00
1.999877270535284968e+00 1.691653758089614268e+00
2.110642679101552677e+00 1.520675371989833824e+00
2.227542951999556209e+00 1.377901418793943789e+00
2.350917875457284367e+00 1.256852695823043709e+00
2.481126055137767850e+00 1.152885627377070454e+00
2.618545958474232549e+00 1.062575947565258305e+00
2.763577014736157356e+00 9.833258679210417075e-01
2.916640776023703641e+00 8.002674780248206776e-01
3.078182142565077051e+00 7.955604941886779136e-01
3.248670655878374891e+00 7.415075400187332022e-01
3.428601863556583140e+00 6.067287114768388223e-01
3.618498759642746698e+00 6.052113929861168140e-01
3.818913304781850204e+00 5.651234951551888930e-01
4.030428030568050879e+00 4.942564999670621684e-01
4.253657732750382614e+00 4.606342968568780671e-01
4.489251258218603269e+00 4.582036122791689481e-01
4.737893390963138884e+00 4.255659710863066714e-01
5.000306842491089476e+00 3.942492663579350021e-01
5.277254352483532251e+00 3.888238887071355787e-01
5.569540905800129948e+00 3.573060863018742150e-01
5.878016072274911963e+00 3.489390626764356518e-01
6.203576476104267989e+00 3.167622762008673876e-01
6.547168402004736265e+00 3.250433865730351091e-01
6.909790545715638110e+00 3.522794684298977685e-01
7.292496916841444410e+00 3.514067749809359209e-01
7.696399902471150689e+00 3.911317204362668165e-01
8.122673500479711706e+00 4.516925633556372888e-01
8.572556731909315886e+00 6.107017320497388768e-01
9.047357242349292505e+00 1.090538900233383179e+00
9.548455102782282822e+00 2.675188760355010853e+00
1.007730682094459773e+01 1.983427448613251158e+02
1.063544957486011278e+01 2.404204091404211567e+02
1.122450568085305811e+01 2.650083221307265831e+02
1.184618730902682415e+01 3.240692814899084624e+02
1.250230145991453412e+01 3.857913347542972815e+02
1.319475521676706009e+01 4.179882939471886516e+02
1.392556128874461940e+01 5.016986777983308912e+02
1.469684386112444408e+01 5.835833705672099541e+02
1.551084476952840596e+01 6.150592558973138466e+02
1.636993001611702070e+01 7.631381114638417102e+02
1.727659664669034711e+01 8.000269122667230022e+02
1.823348000868438490e+01 9.832945584709414106e+02
1.924336141115979970e+01 1.086566576700409996e+03
2.030917620904734733e+01 1.077534638923014199e+03
2.143402233514854416e+01 1.167412012807570818e+03
2.262116930469021625e+01 1.290774758195689856e+03
2.387406771860646870e+01 1.275335902322658058e+03
2.519635929317013634e+01 1.282273907704140356e+03
2.659188744512691116e+01 1.399736353176346256e+03
2.806470846309833078e+01 1.551434647707364320e+03
2.961910329772553396e+01 1.429965280805495240e+03
3.125959000482277972e+01 1.426556819753101536e+03
3.299093687770935901e+01 1.440072721855976624e+03
3.481817630688966148e+01 1.287721364990658685e+03
3.674661940736687882e+01 1.163488955140194093e+03
3.878187145610719710e+01 1.292391111951990752e+03
4.092984818452433871e+01 1.187874438066147150e+03
4.319679297334173640e+01 1.175905431716004841e+03
4.558929499981059053e+01 1.097262471701044433e+03
4.811430839003254789e+01 9.655160189563877111e+02
5.077917243205393305e+01 9.748212605992630415e+02
5.359163290848514549e+01 9.902080199033077861e+02
5.655986461065002402e+01 8.863773405445980416e+02
5.969249509970727274e+01 9.097411175008935516e+02
6.299862978380680545e+01 8.221886433393649440e+02
6.648787838417263174e+01 7.976350162531467731e+02
7.017038286703822791e+01 8.293290788011756831e+02
7.405684692262427404e+01 8.107650787292443511e+02
7.815856707684091020e+01 7.443601174962718687e+02
8.248746552614581162e+01 7.328410569970426423e+02
8.705612479099856671e+01 6.773103166492658147e+02
9.187782428863320661e+01 6.708328345256370540e+02
9.696657893145520291e+01 6.662960068007836298e+02
1.023371798632519187e+02 6.635312424935085573e+02
1.080052374516251774e+02 6.198160370096486531e+02
1.139872266616050211e+02 6.201087943414144092e+02
1.203005349423324191e+02 6.217910811139568068e+02
1.269635127659972795e+02 6.248120574700565157e+02
1.339955269659337205e+02 6.291393969985713284e+02
1.414170170289021087e+02 5.561879660733959554e+02
1.492495545051829140e+02 5.618103528749098814e+02
1.575159057091621264e+02 5.685152936897744667e+02
1.662400978926610264e+02 5.763212302883410985e+02
1.754474890833459710e+02 5.479622528558759313e+02
1.851648417912153946e+02 5.568273853331417058e+02
1.954204007974051365e+02 5.667592630405987393e+02
2.062439752514088411e+02 5.409048497012371399e+02
2.176670253153459100e+02 5.164099203129325133e+02
2.297227536071151235e+02 5.275451768772859396e+02
2.424462017082325929e+02 5.051614226871465121e+02
2.558743520168583814e+02 5.169365329057278586e+02
2.700462352420682350e+02 5.297906090944953803e+02
2.850030438518105029e+02 5.086071370436065990e+02
3.007882518043095956e+02 5.220312075844116180e+02
3.174477409109186965e+02 5.021936121044416268e+02
3.350299341977229801e+02 5.161474992012674647e+02
3.535859366535175923e+02 4.654077950510026085e+02
3.731696837732748122e+02 5.118708214660305202e+02
3.938380983288481048e+02 4.621729316819773317e+02
4.156512558225987846e+02 5.089881401790236737e+02
4.386725591048494266e+02 4.601053752151482286e+02
4.629689226627258449e+02 4.746564193263681091e+02
4.886109671160326116e+02 4.590676044054034719e+02
5.156732244854963483e+02 4.740747941856596981e+02
5.442343548300260636e+02 4.589481899681536561e+02
5.743773748826574774e+02 4.744169015394804205e+02
6.061898993497571837e+02 4.596563157480459267e+02
6.397643955748424105e+02 4.755957876317522164e+02
6.751984523072494540e+02 4.611176827102830771e+02
7.125950633568396597e+02 4.775403192490855986e+02
7.520629269592407127e+02 4.632713133117061943e+02
7.937167617217542102e+02 4.801921994796520039e+02
8.376776400682906569e+02 4.660671272823273625e+02
8.840733401525044428e+02 4.527736275026579165e+02
9.330387172620360161e+02 4.694640341419844276e+02
9.847160957933764394e+02 4.562813756208146287e+02
1.039255682936711082e+03 4.734284405428235800e+02
1.096816005273137989e+03 4.602570729396458660e+02
1.157564369553303550e+03 4.779330708654956652e+02
1.221677348996790670e+03 4.647293658047254326e+02
1.289341296525713005e+03 4.521905527207277373e+02
1.360752886424333155e+03 4.696794206877129341e+02
1.436119685999077319e+03 4.571481190082287185e+02
1.515660758900601195e+03 4.750924432709204552e+02
1.599607301861484530e+03 4.624445833995063708e+02
1.688203316700362848e+03 4.502682534221397646e+02
1.781706319545728775e+03 4.681599661011360922e+02
1.880388089340912757e+03 4.267290007121961253e+02
1.984535457805799069e+03 4.742874731161272734e+02
2.094451143151468841e+03 4.619944625687336384e+02
2.210454629971019131e+03 4.501156397904300661e+02
2.332883097864153569e+03 4.683228215372585623e+02
2.462092401494625392e+03 4.271041238757774181e+02
2.598458104929247384e+03 4.750297029539666482e+02
2.742376573264946728e+03 4.629437443389054465e+02
2.894266124716745708e+03 4.223724056417041766e+02
3.054568246515431838e+03 4.697777075732381604e+02
3.223748878149026950e+03 4.285894202996795457e+02
3.402299765678064432e+03 4.464464551005059434e+02
3.590739891061047729e+03 4.649783728507705973e+02
3.789616980644716023e+03 4.243518330326914452e+02
3.999509097203661440e+03 4.722412676645298575e+02
4.221026320156894144e+03 4.309436236554908533e+02
4.454812518844979422e+03 4.491522038599451889e+02
4.701547224022129740e+03 4.678682799696671282e+02
4.961947603002898177e+03 4.270692030581530503e+02
5.236770544204644466e+03 4.755049716738613483e+02
5.526814857144591770e+03 4.637946567716793993e+02
5.832923594286199659e+03 4.234525205288117036e+02
6.155986501483501343e+03 4.714430205489714467e+02
6.496942604146111080e+03 4.303788584271466675e+02
6.856782936641738161e+03 4.487287989237772194e+02
7.236553422869649694e+03 4.676194556268312681e+02
7.637357916378011396e+03 4.269745564021262112e+02
8.060361408861328528e+03 4.451006990215960286e+02
8.506793416364153018e+03 4.639997105513031670e+02
8.977951553033313758e+03 4.237462613613267877e+02
9.475205302806527470e+03 4.719288748749162323e+02
1.000000000000000000e+04 4.309174267149844582e+02
