1.000000000000000056e-01 7.022415622370172385e-05
1.039255682936712638e-01 6.438979030916054495e-05
1.080052374516252828e-01 5.927742362599835009e-05
1.122450568085306410e-01 5.476206249494431391e-05
1.166513131698196093e-01 5.077848572294369866e-05
1.212305401337652189e-01 4.964737601089533336e-05
1.259895277795027302e-01 4.408161940524827033e-05
1.309353327353610374e-01 4.324346843532526425e-05
1.360752886424333452e-01 4.050671550992632696e-05
1.414170170289023587e-01 3.611638512007763114e-05
1.469684386112446450e-01 3.559385728752277307e-05
1.527377850390713721e-01 3.344149066641466470e-05
1.587336111010209105e-01 3.139604973578678039e-05
1.649648074098020167e-01 2.949298077064670188e-05
1.714406135851970769e-01 2.772077976255659282e-05
1.781706319545730832e-01 2.733714947876303913e-05
1.851648417912155065e-01 2.567017912097302481e-05
1.924336141115980114e-01 2.406047360253451255e-05
1.999877270535286022e-01 2.369271103474175879e-05
2.078383818579757347e-01 2.331887184011430960e-05
2.159972194782718291e-01 2.291011126635606580e-05
2.244763378413223709e-01 2.248384199012291279e-05
2.332883097864157096e-01 2.204730997544755960e-05
2.424462017082328336e-01 2.161157849073260177e-05
2.519635929317015077e-01 2.222618914045872753e-05
2.618545958474232660e-01 2.174527613814965848e-05
2.721338768375307082e-01 2.232597842524546356e-05
2.828166780230032540e-01 2.181042320163784312e-05
2.939188398646885858e-01 2.236936511121319379e-05
3.054568246515431684e-01 2.182251270557254228e-05
3.174477409109192627e-01 2.235071934997979513e-05
3.299093687770939809e-01 2.289609506243232067e-05
3.428601863556585694e-01 2.228719312963816542e-05
3.563193971228584833e-01 2.279393800109015447e-05
3.703069584005140302e-01 2.330055759978285514e-05
3.848436109487430312e-01 2.261915431192090540e-05
3.999509097203664543e-01 2.307247385452061947e-05
4.156512558225988752e-01 2.347972711337320044e-05
4.319679297334173551e-01 2.384823904312089539e-05
4.489251258218605600e-01 2.302916732246798351e-05
4.665479882234472853e-01 2.446316454707324217e-05
4.848626481239080577e-01 2.468376420550067308e-05
5.038962625065149803e-01 2.484178347128441225e-05
5.236770544204653044e-01 2.618711595894032435e-05
5.442343548300266898e-01 2.618694347567446459e-05
5.655986461065004578e-01 2.742832073229604380e-05
5.878016072274911963e-01 3.007798992514439671e-05
6.108761607505036606e-01 3.127240745958528606e-05
6.348565216305216419e-01 3.403624764433056302e-05
6.597782479539537892e-01 3.690649068314326203e-05
6.856782936641739878e-01 3.981765952781705920e-05
7.125950633568408632e-01 4.722224157263943829e-05
7.405684692262436419e-01 5.311230021595807319e-05
7.696399902471157128e-01 5.939975297100460344e-05
7.998527336796710241e-01 6.953029784599647624e-05
8.312514989890629202e-01 8.511314316178125424e-05
8.638828442740447144e-01 9.862635933347860880e-05
8.977951553033320931e-01 1.196862032255390369e-04
9.330387172620362435e-01 1.446750203017356951e-04
9.696657893145520513e-01 1.829890638717131409e-04
1.007730682094461150e+00 2.197175694612891561e-04
1.047289838236358461e+00 2.767550533831983632e-04
1.088401916069005937e+00 3.310967673443294241e-04
1.131127876593921444e+00 3.957914387026749284e-04
1.175531073878369304e+00 4.731534679444600647e-04
1.221677348996791812e+00 5.392011755863646786e-04
1.269635127659973550e+00 6.145235518072982711e-04
1.319475521676706009e+00 6.681921281076969379e-04
1.371272434398400186e+00 7.655503983604830965e-04
1.425102670302997865e+00 8.364037507198468502e-04
1.481046048880674704e+00 8.718674656388165868e-04
1.539185522990205390e+00 9.117751069427285212e-04
1.599607301861486919e+00 9.559737089518355411e-04
1.662400978926611872e+00 1.005877129830279413e-03
1.727659664669035644e+00 1.009869443594581685e-03
1.795480124687831358e+00 1.016554720664093964e-03
1.865962923181746058e+00 1.076878727286984406e-03
1.939212572065829976e+00 1.037186437067627804e-03
2.015337685941732904e+00 1.051209317573484651e-03
2.094451143151469630e+00 1.017064431012309209e-03
2.176670253153459189e+00 9.843999945923381269e-04
2.262116930469025178e+00 9.554118822781848411e-04
2.350917875457286588e+00 9.292640610075480383e-04
2.443204762186487855e+00 9.033899995192325649e-04
2.539114433680346838e+00 8.800700795667184976e-04
2.638789104828933141e+00 8.587796930300487658e-04
2.742376573264949435e+00 8.381790965827849412e-04
2.850030438518106557e+00 8.180975063627166739e-04
2.961910329772553307e+00 7.611459237848258340e-04
3.078182142565078383e+00 7.437217063085758929e-04
3.199018284775064114e+00 6.921709066067529767e-04
3.324597932270939804e+00 6.763880831122248824e-04
3.455107294592218103e+00 6.613263973588697159e-04
3.590739891061053068e+00 6.150080688105329053e-04
3.731696837732751959e+00 6.007997571528805999e-04
3.878187145610721753e+00 5.869428145908049850e-04
4.030428030568050879e+00 5.445758220469966047e-04
4.188645235435270564e+00 5.309136054603678673e-04
4.353073364731890216e+00 5.163662011678935232e-04
4.523956232538053790e+00 5.019769541533875999e-04
4.701547224022132099e+00 4.876825809602697705e-04
4.886109671160325796e+00 4.720151091580839387e-04
5.077917243205400943e+00 4.563282098670900003e-04
5.277254352483537581e+00 4.623440812264963443e-04
5.484416576121017961e+00 4.672210316439210764e-04
5.699711094326075589e+00 4.706462527620448215e-04
5.923457145875802965e+00 4.724145984808697822e-04
6.155986501483507567e+00 4.963134507425436210e-04
6.397643955748426592e+00 5.186114999813760560e-04
6.648787838417263174e+00 5.664817617280330526e-04
6.909790545715641663e+00 6.469515563043517527e-04
7.181039092537348623e+00 7.326977174347517252e-04
7.462935686310133043e+00 8.659192803171706677e-04
7.755898323389001980e+00 1.120228468121595980e-03
8.060361408861341559e+00 1.581651086958411065e-03
8.376776400682915735e+00 2.434596920338644079e-03
8.705612479099860579e+00 5.206319099372157255e-03
9.047357242349292505e+00 2.056238476565461215e-02
9.402517429670131932e+00 2.170601578472247106e-01
9.771619672696177261e+00 1.197549426990401011e+00
1.015521127634568010e+01 2.209464188941347107e+00
1.055386103036522982e+01 2.912439751979129188e+00
1.096816005273137939e+01 3.705449649860418582e+00
1.139872266616051455e+01 4.328844327886113064e+00
1.184618730902683659e+01 4.889178857594584926e+00
1.231121748203889510e+01 5.325988991605106193e+00
1.279450273207873323e+01 5.596709839438637424e+00
1.329675967466211262e+01 5.965096731514490713e+00
1.381873305653632222e+01 6.430090592342409650e+00
1.436119685999078754e+01 6.674688749606589866e+00
1.492495545051828998e+01 7.008276192420789030e+00
1.551084476952840596e+01 7.077979842238049990e+00
1.611973357388157169e+01 7.217177453199555615e+00
1.675252472408215354e+01 7.423507501867457670e+00
1.741015652304015404e+01 7.335908426942600258e+00
1.809360410738716496e+01 7.308416466184062266e+00
1.880388089340914703e+01 7.336621151490336779e+00
1.954204007974053425e+01 7.418331880672655920e+00
2.030917620904734733e+01 7.553868484288658536e+00
2.110642679101554720e+01 7.368132865945429266e+00
2.193497398905057949e+01 7.597744517277257081e+00
2.279604637318979599e+01 7.498386924672639786e+00
2.369092074182632146e+01 7.087491564991060145e+00
2.462092401494625449e+01 7.069726524192837758e+00
2.558743520168586372e+01 7.087866674641624343e+00
2.659188744512693603e+01 7.140797828314521922e+00
2.763577014736157267e+01 6.868657116912931571e+00
2.872063117797828014e+01 6.979583292274448958e+00
2.984807916924324189e+01 6.773965991006613230e+00
3.101978590138096692e+01 6.937018119851971143e+00
3.223748878149029906e+01 6.784007196151787156e+00
3.350299341977229517e+01 6.660330148625082103e+00
3.481817630688966148e+01 6.562278420443475646e+00
3.618498759642746876e+01 6.484239514797792481e+00
3.760545399658171561e+01 6.424419838467820831e+00
3.908168177536263954e+01 6.385108776638329431e+00
4.061585988376979373e+01 6.364883159214122621e+00
4.221026320156898493e+01 6.362707598808579945e+00
4.386725591048498529e+01 6.377886656650205488e+00
4.558929499981059053e+01 6.098951102156660475e+00
4.737893390963144213e+01 6.143163292794048047e+00
4.923882631706736390e+01 6.202728602649382417e+00
5.117173007114605099e+01 6.277970468907994928e+00
5.318051128214197121e+01 6.061882725632234958e+00
5.526814857144603366e+01 6.159894787323643151e+00
5.743773748826581027e+01 5.975452574858139521e+00
5.969249509970733669e+01 6.094311122685915905e+00
6.203576476104268522e+01 5.934637279680482713e+00
6.447102107323868836e+01 6.074164067632591646e+00
6.700187503509583564e+01 5.935358080065795683e+00
6.963207939763883303e+01 6.094829651603971499e+00
7.236553422869657481e+01 5.973955095548950212e+00
7.520629269592407695e+01 6.153514723037232237e+00
7.815856707684091020e+01 6.047350173584763233e+00
8.122673500479712061e+01 5.952558844713825792e+00
8.441534596012985503e+01 6.155416617448622674e+00
8.772912801613355782e+01 6.071986216596394925e+00
9.117299484984921776e+01 5.997532658975796238e+00
9.475205302806537588e+01 5.930110407244293391e+00
9.847160957933773773e+01 6.159920406257637815e+00
1.023371798632519187e+02 6.101947040201729067e+00
1.063544957486011242e+02 6.050577156845656113e+00
1.105295141126021008e+02 6.005212482751529635e+00
1.148684256737553540e+02 6.262820797214375901e+00
1.193776641714435698e+02 6.224303120793522659e+00
1.240639159058831780e+02 6.190877749308554279e+00
1.289341296525714426e+02 6.162138599237312775e+00
1.339955269659338342e+02 6.137724883425569544e+00
1.392556128874462047e+02 6.117315627829162494e+00
1.447221870741134353e+02 6.100624694605894405e+00
1.504033553638023761e+02 6.087396513389469632e+00
1.563075417945815673e+02 6.077402415988418127e+00
1.624435010958865462e+02 6.070437462088732694e+00
1.688203316700362677e+02 6.066317707276362547e+00
1.754474890833459710e+02 6.064877830512098278e+00
1.823348000868440408e+02 6.065969051505669007e+00
1.894924771873821783e+02 6.069457344609904936e+00
1.969311337907421660e+02 6.075221859970793226e+00
2.046617999391989713e+02 6.083153575679340008e+00
2.126959386668689831e+02 6.093154058269973916e+00
2.210454629971021632e+02 6.105134449198780011e+00
2.297227536071151235e+02 6.119014489939748280e+00
2.387406771860646870e+02 6.134721736604708653e+00
2.481126055137767707e+02 6.152190824249222700e+00
2.578524352884273867e+02 6.171362822022270933e+00
2.679746087325689246e+02 6.192184649117316475e+00
2.784941350080644042e+02 6.214608587241230886e+00
2.894266124716749005e+02 6.238591808726436483e+00
3.007882518043098798e+02 6.264095996846772429e+00
3.125959000482278043e+02 6.291086974758390404e+00
3.248670655878374873e+02 6.319534389419904308e+00
3.376199441111336910e+02 6.349411417753924702e+00
3.508734455902711034e+02 6.380694550197237191e+00
3.646472223212745121e+02 6.102061544773162538e+00
3.789616980644715909e+02 6.132860442969964687e+00
3.938380983288489006e+02 6.164873983947642522e+00
4.092984818452438276e+02 6.198089887939500109e+00
4.253657732750387481e+02 6.232498006839898075e+00
4.420637972028529816e+02 6.268090146336121826e+00
4.594173134636476448e+02 6.304859970707064498e+00
4.774520538566126220e+02 6.342802922540164978e+00
4.961947603002902838e+02 6.381916116648891801e+00
5.156732244854963483e+02 6.110134433198214587e+00
5.359163290848514407e+02 6.147634846384756102e+00
5.569540905800130304e+02 6.186181057771124259e+00
5.788177037701274230e+02 6.225774871421702272e+00
6.015395880274832052e+02 6.266419308303418312e+00
6.251534353689711452e+02 6.308118547244808028e+00
6.496942604146117901e+02 6.350877889409338728e+00
6.751984523072501361e+02 6.394703715000831679e+00
7.017038286703822223e+02 6.125931697306426393e+00
7.292496916841444090e+02 6.167522434063421599e+00
7.578768863625922450e+02 6.210084492051272775e+00
7.876278611187054821e+02 6.253626346010236148e+00
8.185467307069020535e+02 6.298157305561278285e+00
8.506793416364153018e+02 6.343687533544515311e+00
8.840733401525062618e+02 6.390228009444148149e+00
9.187782428863330324e+02 6.124326522670546780e+00
9.548455102782293125e+02 6.168281609785874586e+00
9.923286228832545248e+02 6.213166600401521578e+00
1.031283160672184749e+03 6.258993348788575162e+00
1.071766885445503476e+03 6.305774397767375916e+00
1.113839826482618264e+03 6.353522981472025322e+00
1.157564369553303550e+03 6.402253027667720531e+00
1.203005349423324333e+03 6.137187066029650140e+00
1.250230145991456084e+03 6.183071546785869010e+00
1.299308784200414493e+03 6.229865600932638969e+00
1.350314037869872209e+03 6.277583332109588632e+00
1.403321537605484764e+03 6.326239448607840821e+00
1.458409882943986304e+03 6.375849261339125995e+00
1.515660758900601195e+03 6.426428714837739697e+00
1.575159057091621207e+03 6.160735204417119526e+00
1.636993001611701857e+03 6.208265100162858374e+00
1.701254279852589207e+03 6.256697512502362279e+00
1.768038178457205049e+03 6.306048140528363710e+00
1.837443724610724757e+03 6.356333248171194938e+00
1.909573832878096709e+03 6.407569659400119910e+00
1.984535457805803162e+03 6.144271909710199431e+00
2.062439752514092561e+03 6.192371565986356075e+00
2.143402233514854743e+03 6.241358976449526530e+00
2.227542951999556408e+03 6.291250515257321929e+00
2.314986671851160736e+03 6.342063087939158628e+00
2.405863054644066779e+03 6.393814171325556295e+00
2.500306851906321299e+03 6.446521751199912664e+00
2.598458104929247384e+03 6.180844002840419016e+00
2.700462352420682237e+03 6.230269732910337588e+00
2.806470846309838635e+03 6.280589708780388136e+00
2.916640776023700710e+03 6.331821296965785884e+00
3.031135501567576284e+03 6.383982395449742775e+00
3.150124795755327796e+03 6.437091444831453124e+00
3.273785095948577236e+03 6.172681425312030790e+00
3.402299765678064432e+03 6.222459057158678419e+00
3.535859366535175923e+03 6.273123996662775426e+00
3.674661940736687939e+03 6.324693951633719280e+00
3.818913304781854094e+03 6.377187141992488151e+00
3.968827354637157896e+03 6.430622315862116523e+00
4.124626382901347824e+03 6.167128273736439681e+00
4.286541408420925109e+03 6.217193039776944374e+00
4.454812518844988517e+03 6.268140286797509120e+00
4.629689226627267999e+03 6.319987974263455932e+00
4.811430839003254732e+03 6.372754567590214414e+00
5.000306842491089810e+03 6.426459050096608117e+00
5.196597302486196895e+03 6.163608849422328895e+00
5.400593278542373810e+03 6.213911715193479957e+00
5.612597255954965476e+03 6.265093769708313332e+00
5.832923594286199659e+03 6.317173161906971757e+00
6.061898993497572519e+03 6.370168549757462273e+00
6.299862978380693676e+03 6.424099093809619632e+00
6.547168402004729614e+03 6.161681039894564726e+00
6.804181968927094204e+03 6.212184569872136741e+00
7.071284778942996127e+03 6.263565122842086552e+00
7.348872892180387680e+03 6.315841000479792910e+00
7.637357916378011396e+03 6.369031004044364508e+00
7.937167617217543011e+03 6.423154448579240672e+00
8.248746552614580651e+03 6.161003104547719822e+00
8.572556731909324299e+03 6.211678510467208980e+00
8.909078300934124854e+03 6.263229617187335840e+00
9.258810253973944782e+03 6.315674843953441808e+00
9.622271173675135287e+03 6.369033116609958078e+00
1.000000000000000000e+04 6.423323877556181394e+00
