1.000000000000000056e-01 1.069911675117578009e-01
1.039255682936712638e-01 1.035370141955319900e-01
1.080052374516252828e-01 9.365108274356982732e-02
1.122450568085306410e-01 8.509297037595975333e-02
1.166513131698196093e-01 7.768034565542469849e-02
1.212305401337652189e-01 7.658032084909782711e-02
1.259895277795027302e-01 7.039022227850524893e-02
1.309353327353610374e-01 6.480563839351377586e-02
1.360752886424333452e-01 5.976425068349002639e-02
1.414170170289023587e-01 5.522339044827599686e-02
1.469684386112446450e-01 5.108794102068908716e-02
1.527377850390713721e-01 4.729920279001920136e-02
1.587336111010209105e-01 4.710725568814091990e-02
1.649648074098020167e-01 4.353757563863873414e-02
1.714406135851970769e-01 4.018171380290984362e-02
1.781706319545730832e-01 3.704079054385579078e-02
1.851648417912155065e-01 3.669328120107380464e-02
1.924336141115980114e-01 3.367779093755979974e-02
1.999877270535286022e-01 3.081374858923344520e-02
2.078383818579757347e-01 3.024192778070133869e-02
2.159972194782718291e-01 2.748810444268295211e-02
2.244763378413223709e-01 2.679737693021219669e-02
2.332883097864157096e-01 2.417376762083844541e-02
2.424462017082328336e-01 2.342335410842514079e-02
2.519635929317015077e-01 2.259350978575795296e-02
2.618545958474232660e-01 2.174171610438973071e-02
2.721338768375307082e-01 2.088787714449026264e-02
2.828166780230032540e-01 1.999975354918099094e-02
2.939188398646885858e-01 1.915659525077305358e-02
3.054568246515431684e-01 1.829712194975353923e-02
3.174477409109192627e-01 1.748286675729898362e-02
3.299093687770939809e-01 1.669339431294179082e-02
3.428601863556585694e-01 1.593943201691015027e-02
3.563193971228584833e-01 1.521849531796439989e-02
3.703069584005140302e-01 1.451984192562858454e-02
3.848436109487430312e-01 1.386681436211620842e-02
3.999509097203664543e-01 1.423578239641351897e-02
4.156512558225988752e-01 1.355008468836700619e-02
4.319679297334173551e-01 1.388033979006726877e-02
4.489251258218605600e-01 1.417020295826268948e-02
4.665479882234472853e-01 1.440186817957817347e-02
4.848626481239080577e-01 1.456045258749003556e-02
5.038962625065149803e-01 1.462809057682659675e-02
5.236770544204653044e-01 1.458148043197179076e-02
5.442343548300266898e-01 1.440478545352415207e-02
5.655986461065004578e-01 1.409982197774687675e-02
5.878016072274911963e-01 1.365382363598935216e-02
6.108761607505036606e-01 1.412187280323466167e-02
6.348565216305216419e-01 1.340128626680588131e-02
6.597782479539537892e-01 1.357741090862055189e-02
6.856782936641739878e-01 1.465646681489327779e-02
7.125950633568408632e-01 1.566654722996915425e-02
7.405684692262436419e-01 1.780845284555291133e-02
7.696399902471157128e-01 2.004165346759472291e-02
7.998527336796710241e-01 2.232432480678396905e-02
8.312514989890629202e-01 2.650768094586308798e-02
8.638828442740447144e-01 3.119869099233548923e-02
8.977951553033320931e-01 3.640653816925553538e-02
9.330387172620362435e-01 4.229250630445392789e-02
9.696657893145520513e-01 5.264863438978430177e-02
1.007730682094461150e+00 6.535935789158429932e-02
1.047289838236358461e+00 7.539199479008842908e-02
1.088401916069005937e+00 9.390890688495044658e-02
1.131127876593921444e+00 1.090431278574252039e-01
1.175531073878369304e+00 1.272992669846887692e-01
1.221677348996791812e+00 1.496598691339166565e-01
1.269635127659973550e+00 1.775324643137378422e-01
1.319475521676706009e+00 1.969708566540425976e-01
1.371272434398400186e+00 2.203922357782527597e-01
1.425102670302997865e+00 2.310530569808400547e-01
1.481046048880674704e+00 2.445552170423245519e-01
1.539185522990205390e+00 2.608369467759551474e-01
1.599607301861486919e+00 2.604444222546119514e-01
1.662400978926611872e+00 2.621296754266586038e-01
1.727659664669035644e+00 2.465750599182129077e-01
1.795480124687831358e+00 2.513341752358927983e-01
1.865962923181746058e+00 2.396701631120915776e-01
1.939212572065829976e+00 2.293431579294378519e-01
2.015337685941732904e+00 2.049805566305829274e-01
2.094451143151469630e+00 1.982242961078910237e-01
2.176670253153459189e+00 1.786558853286109583e-01
2.262116930469025178e+00 1.739065282962451164e-01
2.350917875457286588e+00 1.577347916466411981e-01
2.443204762186487855e+00 1.543304868598935897e-01
2.539114433680346838e+00 1.406624693159324313e-01
2.638789104828933141e+00 1.284691284448726545e-01
2.742376573264949435e+00 1.175058347687498034e-01
2.850030438518106557e+00 1.075383390372410264e-01
2.961910329772553307e+00 1.060973442594033977e-01
3.078182142565078383e+00 9.725519802055260232e-02
3.199018284775064114e+00 8.912926933820695952e-02
3.324597932270939804e+00 8.169944350963229129e-02
3.455107294592218103e+00 8.064734395420963819e-02
3.590739891061053068e+00 7.386853522907900482e-02
3.731696837732751959e+00 7.279244449152971752e-02
3.878187145610721753e+00 6.651675949670925181e-02
4.030428030568050879e+00 6.071075086333892895e-02
4.188645235435270564e+00 5.954828950555716982e-02
4.353073364731890216e+00 5.828372226014665730e-02
4.523956232538053790e+00 5.280698473983036489e-02
4.701547224022132099e+00 5.132294649310500251e-02
4.886109671160325796e+00 4.967826575783058918e-02
5.077917243205400943e+00 4.789627415064021815e-02
5.277254352483537581e+00 4.936600063705960661e-02
5.484416576121017961e+00 4.699452139358036018e-02
5.699711094326075589e+00 4.768239208614464403e-02
5.923457145875802965e+00 5.148260090852540410e-02
6.155986501483507567e+00 5.477929295495709283e-02
6.397643955748426592e+00 5.721743945632754014e-02
6.648787838417263174e+00 7.272618794718913038e-02
6.909790545715641663e+00 9.678550422230777772e-02
7.181039092537348623e+00 1.434475844818072499e-01
7.462935686310133043e+00 2.907332889513605245e-01
7.755898323389001980e+00 3.696031057718758461e+01
8.060361408861341559e+00 4.326117205002241661e+01
8.376776400682915735e+00 5.167468707604561473e+01
8.705612479099860579e+00 5.866412791609597832e+01
9.047357242349292505e+00 6.834906095192734199e+01
9.402517429670131932e+00 7.612762820532338992e+01
9.771619672696177261e+00 8.721567102620154799e+01
1.015521127634568010e+01 1.025651786145571265e+02
1.055386103036522982e+01 1.151470829706967010e+02
1.096816005273137939e+01 1.326234877330576865e+02
1.139872266616051455e+01 1.454852223348175357e+02
1.184618730902683659e+01 1.633726888461585816e+02
1.231121748203889510e+01 1.743820491211927788e+02
1.279450273207873323e+01 1.900332095599642912e+02
1.329675967466211262e+01 2.115434584227319306e+02
1.381873305653632222e+01 2.229286001084978466e+02
1.436119685999078754e+01 2.222521293014866615e+02
1.492495545051828998e+01 2.253938805633346760e+02
1.551084476952840596e+01 2.324204370031773976e+02
1.611973357388157169e+01 2.434339965462664566e+02
1.675252472408215354e+01 2.402019391227754568e+02
1.741015652304015404e+01 2.227752570878503491e+02
1.809360410738716496e+01 2.254026914518077263e+02
1.880388089340914703e+01 2.144453019270030723e+02
1.954204007974053425e+01 2.059555287587263877e+02
2.030917620904734733e+01 1.999865012301745253e+02
2.110642679101554720e+01 1.960596475880942648e+02
2.193497398905057949e+01 1.937809203344044704e+02
2.279604637318979599e+01 1.792796874825040447e+02
2.369092074182632146e+01 1.800154545969456876e+02
2.462092401494625449e+01 1.690031734192854174e+02
2.558743520168586372e+01 1.599144868647322824e+02
2.659188744512693603e+01 1.520234082895088079e+02
2.763577014736157267e+01 1.455790901687020096e+02
2.872063117797828014e+01 1.400472085338841453e+02
2.984807916924324189e+01 1.354553020276696884e+02
3.101978590138096692e+01 1.317459486254093974e+02
3.223748878149029906e+01 1.286803636320072428e+02
3.350299341977229517e+01 1.261809027947545161e+02
3.481817630688966148e+01 1.242885215021452012e+02
3.618498759642746876e+01 1.229359107431265272e+02
3.760545399658171561e+01 1.220733072040639513e+02
3.908168177536263954e+01 1.130119615341617560e+02
4.061585988376979373e+01 1.130081675747101286e+02
4.221026320156898493e+01 1.133944831307287018e+02
4.386725591048498529e+01 1.141644077081219990e+02
4.558929499981059053e+01 1.071347916203025079e+02
4.737893390963144213e+01 1.084649143589918197e+02
4.923882631706736390e+01 1.023295511860847853e+02
5.117173007114605099e+01 1.042415630487597156e+02
5.318051128214197121e+01 1.064999296412870393e+02
5.526814857144603366e+01 1.012111286758650834e+02
5.743773748826581027e+01 1.039074071474591534e+02
5.969249509970733669e+01 9.928982810127159553e+01
6.203576476104268522e+01 1.023765049865866530e+02
6.447102107323868836e+01 9.830444048988582040e+01
6.700187503509583564e+01 1.017794061614432337e+02
6.963207939763883303e+01 9.814129481637799302e+01
7.236553422869657481e+01 1.020191708080995738e+02
7.520629269592407695e+01 9.872998423085086017e+01
7.815856707684091020e+01 9.578632101076360073e+01
8.122673500479712061e+01 1.000332792228097247e+02
8.441534596012985503e+01 9.733981019220983910e+01
8.772912801613355782e+01 9.484329065717622598e+01
9.117299484984921776e+01 9.954356812189703874e+01
9.475205302806537588e+01 9.729114956087580879e+01
9.847160957933773773e+01 9.520366630351742288e+01
1.023371798632519187e+02 1.003149816313525093e+02
1.063544957486011242e+02 9.839722327241921107e+01
1.105295141126021008e+02 9.665463984938429576e+01
1.148684256737553540e+02 9.500335485784373191e+01
1.193776641714435698e+02 9.344956295763434184e+01
1.240639159058831780e+02 9.904744993711996415e+01
1.289341296525714426e+02 9.766538370078453113e+01
1.339955269659338342e+02 9.640113006553436037e+01
1.392556128874462047e+02 9.519151340662071448e+01
1.447221870741134353e+02 9.405112951619811668e+01
1.504033553638023761e+02 1.000858683023994189e+02
1.563075417945815673e+02 9.906189382649628783e+01
1.624435010958865462e+02 9.812189576721461037e+01
1.688203316700362677e+02 9.725862069869708648e+01
1.754474890833459710e+02 9.646559309018800832e+01
1.823348000868440408e+02 9.572230133325376755e+01
1.894924771873821783e+02 9.500272592426709650e+01
1.969311337907421660e+02 9.434216763355293267e+01
2.046617999391989713e+02 9.373602108818242584e+01
2.126959386668689831e+02 1.002681336026330712e+02
2.210454629971021632e+02 9.972393987522137593e+01
2.297227536071151235e+02 9.922575811329238604e+01
2.387406771860646870e+02 9.877029621420933836e+01
2.481126055137767707e+02 9.835456757022923568e+01
2.578524352884273867e+02 9.797585010679730999e+01
2.679746087325689246e+02 9.763165993172876256e+01
2.784941350080644042e+02 9.731972566171464223e+01
2.894266124716749005e+02 9.703796940562497753e+01
3.007882518043098798e+02 9.678448164631961959e+01
3.125959000482278043e+02 9.655751761396024335e+01
3.248670655878374873e+02 9.635546166731580797e+01
3.376199441111336910e+02 9.617683011617818067e+01
3.508734455902711034e+02 9.602026056612484695e+01
3.646472223212745121e+02 9.588088615736069187e+01
3.789616980644715909e+02 9.575596652744961546e+01
3.938380983288489006e+02 9.565100196574449853e+01
4.092984818452438276e+02 9.556490925625034549e+01
4.253657732750387481e+02 9.549669167613363641e+01
4.420637972028529816e+02 9.544541396916152109e+01
4.594173134636476448e+02 9.541021326897811150e+01
4.774520538566126220e+02 9.539028439242972013e+01
4.961947603002902838e+02 9.538488278413470312e+01
5.156732244854963483e+02 9.539330891315000827e+01
5.359163290848514407e+02 9.541491212497783181e+01
5.569540905800130304e+02 9.544908514766579799e+01
5.788177037701274230e+02 9.549526578478514693e+01
6.015395880274832052e+02 9.555291855768882670e+01
6.251534353689711452e+02 9.562155157661396743e+01
6.496942604146117901e+02 9.570070489604938757e+01
6.751984523072501361e+02 9.578993608050170394e+01
7.017038286703822223e+02 9.588883940606986300e+01
7.292496916841444090e+02 9.599246672283035764e+01
7.578768863625922450e+02 9.610134751797383501e+01
7.876278611187054821e+02 9.621820674505673310e+01
8.185467307069020535e+02 9.634275222893370483e+01
8.506793416364153018e+02 9.647469644081016327e+01
8.840733401525062618e+02 9.661379315326929884e+01
9.187782428863330324e+02 9.675978154697611444e+01
9.548455102782293125e+02 9.691243435312061649e+01
9.923286228832545248e+02 9.707153067083778808e+01
1.031283160672184749e+03 9.723685994880655414e+01
1.071766885445503476e+03 9.740823950704970002e+01
1.113839826482618264e+03 9.758547592175855812e+01
1.157564369553303550e+03 9.776839795988951209e+01
1.203005349423324333e+03 9.795684062296257366e+01
1.250230145991456084e+03 9.815064787431944637e+01
1.299308784200414493e+03 9.834967958489679063e+01
1.350314037869872209e+03 9.855379270338244169e+01
1.403321537605484764e+03 9.876285598220417228e+01
1.458409882943986304e+03 9.897675125066578516e+01
1.515660758900601195e+03 9.919535641258291037e+01
1.575159057091621207e+03 9.941856445918404006e+01
1.636993001611701857e+03 9.964626795182651620e+01
1.701254279852589207e+03 9.987837556832855057e+01
1.768038178457205049e+03 1.001147868361587427e+02
1.837443724610724757e+03 1.003554148110027597e+02
1.909573832878096709e+03 1.006001796533142851e+02
1.984535457805803162e+03 1.008489997455017289e+02
2.062439752514092561e+03 1.011018004766825840e+02
2.143402233514854743e+03 1.013585137171840671e+02
2.227542951999556408e+03 1.016190719943488148e+02
2.314986671851160736e+03 1.018834118390040260e+02
2.405863054644066779e+03 1.021514751831977463e+02
2.500306851906321299e+03 9.521761215108139709e+01
2.598458104929247384e+03 9.547581520625054452e+01
2.700462352420682237e+03 9.573736249199134818e+01
2.806470846309838635e+03 9.599727015598128332e+01
2.916640776023700710e+03 9.624646444279403568e+01
3.031135501567576284e+03 9.649859928088970662e+01
3.150124795755327796e+03 9.675364256363263848e+01
3.273785095948577236e+03 9.701155909159415103e+01
3.402299765678064432e+03 9.727231865278432110e+01
3.535859366535175923e+03 9.753589157160274681e+01
3.674661940736687939e+03 9.780224958402092739e+01
3.818913304781854094e+03 9.807136734659478350e+01
3.968827354637157896e+03 9.834322118095158771e+01
4.124626382901347824e+03 9.861778733881764936e+01
4.286541408420925109e+03 9.889504385206947745e+01
4.454812518844988517e+03 9.917497587904358625e+01
4.629689226627267999e+03 9.945755941913176912e+01
4.811430839003254732e+03 9.974278123510094929e+01
5.000306842491089810e+03 1.000306238478654564e+02
5.196597302486196895e+03 1.003210738839565721e+02
5.400593278542373810e+03 1.006141139271582716e+02
5.612597255954965476e+03 1.009097432083050450e+02
5.832923594286199659e+03 1.012079403612258375e+02
6.061898993497572519e+03 1.015086993338146755e+02
6.299862978380693676e+03 1.018120099612829819e+02
6.547168402004729614e+03 1.021178661951860391e+02
6.804181968927094204e+03 9.522186203758117529e+01
7.071284778942996127e+03 9.551338125210631347e+01
7.348872892180387680e+03 9.580727368615671935e+01
7.637357916378011396e+03 9.609145381799821450e+01
7.937167617217543011e+03 9.636898946570107682e+01
8.248746552614580651e+03 9.664866102175886908e+01
8.572556731909324299e+03 9.693046609247882373e+01
8.909078300934124854e+03 9.721440334247466808e+01
9.258810253973944782e+03 9.750047095857279089e+01
9.622271173675135287e+03 9.778866755781481857e+01
1.000000000000000000e+04 9.807899452254326889e+01
