1.000000000000000056e-01 nan
1.039255682936712638e-01 nan
1.080052374516252828e-01 4.565693069003686766e+00
1.122450568085306410e-01 2.235806358313712217e+00
1.166513131698196093e-01 1.979007567209277951e+00
1.212305401337652189e-01 1.628832630713280993e+00
1.259895277795027302e-01 1.342340174524331964e+00
1.309353327353610374e-01 1.193293935302862652e+00
1.360752886424333452e-01 1.143814366373378411e+00
1.414170170289023587e-01 1.018124151002330002e+00
1.469684386112446450e-01 9.061115854018806370e-01
1.527377850390713721e-01 8.673864742817573026e-01
1.587336111010209105e-01 7.703644308508430516e-01
1.649648074098020167e-01 7.354964354202254695e-01
1.714406135851970769e-01 7.004810558500179640e-01
1.781706319545730832e-01 6.648022783737750352e-01
1.851648417912155065e-01 6.781169734340050104e-01
1.924336141115980114e-01 6.392308659492157430e-01
1.999877270535286022e-01 5.995319560216052501e-01
2.078383818579757347e-01 6.035997695552215436e-01
2.159972194782718291e-01 6.053213827494557941e-01
2.244763378413223709e-01 6.044882434193816767e-01
2.332883097864157096e-01 6.012974242367592481e-01
2.424462017082328336e-01 5.967234375994112661e-01
2.519635929317015077e-01 5.911056148435621660e-01
2.618545958474232660e-01 5.426155385681239451e-01
2.721338768375307082e-01 5.364109220356862995e-01
2.828166780230032540e-01 4.926197318876404663e-01
2.939188398646885858e-01 4.527635327915034424e-01
3.054568246515431684e-01 3.863094302681990833e-01
3.174477409109192627e-01 3.297610785074606699e-01
3.299093687770939809e-01 2.614143592791062787e-01
3.428601863556585694e-01 2.227301470244590076e-01
3.563193971228584833e-01 1.894715092354464780e-01
3.703069584005140302e-01 1.610069972392933479e-01
3.848436109487430312e-01 1.471525733013694659e-01
3.999509097203664543e-01 1.341787075147261310e-01
4.156512558225988752e-01 1.131338477543249593e-01
4.319679297334173551e-01 1.023981149185303891e-01
4.489251258218605600e-01 9.220610522638804374e-02
4.665479882234472853e-01 8.879204249682193240e-02
4.848626481239080577e-01 8.469251621789658513e-02
5.038962625065149803e-01 7.997706474122602549e-02
5.236770544204653044e-01 8.038846871381744030e-02
5.442343548300266898e-01 7.965185242661237952e-02
5.655986461065004578e-01 7.775750805183438696e-02
5.878016072274911963e-01 7.483694924305800411e-02
6.108761607505036606e-01 7.637505524275500779e-02
6.348565216305216419e-01 8.272270477250108500e-02
6.597782479539537892e-01 8.188866870755955041e-02
6.856782936641739878e-01 9.260458301459008335e-02
7.125950633568408632e-01 9.563471828474372216e-02
7.405684692262436419e-01 1.046200654481720810e-01
7.696399902471157128e-01 1.212097729653481420e-01
7.998527336796710241e-01 1.380171053832863759e-01
8.312514989890629202e-01 1.544180702332009214e-01
8.638828442740447144e-01 1.971375180053237530e-01
8.977951553033320931e-01 2.479137847430434027e-01
9.330387172620362435e-01 3.571204707997817640e-01
9.696657893145520513e-01 5.079096511881125986e-01
1.007730682094461150e+00 1.033219462811437284e+00
1.047289838236358461e+00 9.312211117619335710e+01
1.088401916069005937e+00 9.712341766477634053e+01
1.131127876593921444e+00 1.049230978775980816e+02
1.175531073878369304e+00 1.085603787268585734e+02
1.221677348996791812e+00 1.071812993347509604e+02
1.269635127659973550e+00 1.169062234875422206e+02
1.319475521676706009e+00 1.123155500683864005e+02
1.371272434398400186e+00 1.277963370255431812e+02
1.425102670302997865e+00 1.276417165957240343e+02
1.481046048880674704e+00 1.397203645449118881e+02
1.539185522990205390e+00 1.337729621524227639e+02
1.599607301861486919e+00 1.506890439263488588e+02
1.662400978926611872e+00 1.597753712329526650e+02
1.727659664669035644e+00 1.714019921340903352e+02
1.795480124687831358e+00 1.857679763239044348e+02
1.865962923181746058e+00 2.035266425611656302e+02
1.939212572065829976e+00 2.089501013052206133e+02
2.015337685941732904e+00 2.330292101660837432e+02
2.094451143151469630e+00 2.620508897141032776e+02
2.176670253153459189e+00 2.971174871675201530e+02
2.262116930469025178e+00 3.391552850408095878e+02
2.350917875457286588e+00 3.898236929450390562e+02
2.443204762186487855e+00 4.853490264220885138e+02
2.539114433680346838e+00 5.645675835083402490e+02
2.638789104828933141e+00 8.878565681122727256e+02
2.742376573264949435e+00 1.399970178350823289e+03
2.850030438518106557e+00 1.909042099976537656e+03
2.961910329772553307e+00 2.815981668131897550e+03
3.078182142565078383e+00 3.352355920556425644e+03
3.199018284775064114e+00 4.336005438391750431e+03
3.324597932270939804e+00 1.043670132267589423e+00
3.455107294592218103e+00 7.387321605769309185e-01
3.590739891061053068e+00 5.604209843900890275e-01
3.731696837732751959e+00 4.920683887835408665e-01
3.878187145610721753e+00 4.307452301671472750e-01
4.030428030568050879e+00 3.763386153861167926e-01
4.188645235435270564e+00 3.529959344278357780e-01
4.353073364731890216e+00 3.301075261058157295e-01
4.523956232538053790e+00 3.077087823087240048e-01
4.701547224022132099e+00 2.650716552775467250e-01
4.886109671160325796e+00 2.637583001601085941e-01
5.077917243205400943e+00 2.421955638328298355e-01
5.277254352483537581e+00 2.380829095700482956e-01
5.484416576121017961e+00 2.319692033345837623e-01
5.699711094326075589e+00 2.237231387797963267e-01
5.923457145875802965e+00 2.292692161642170823e-01
6.155986501483507567e+00 2.486684708000039545e-01
6.397643955748426592e+00 2.438225620914394043e-01
6.648787838417263174e+00 2.889944236256856147e-01
6.909790545715641663e+00 3.532734500454823845e-01
7.181039092537348623e+00 5.460014788634007799e-01
7.462935686310133043e+00 1.127369806816785740e+02
7.755898323389001980e+00 1.772061746952181807e+02
8.060361408861341559e+00 1.465783714535958779e+02
8.376776400682915735e+00 1.654196895382337971e+02
8.705612479099860579e+00 1.920840202846821398e+02
9.047357242349292505e+00 2.298926589915330396e+02
9.402517429670131932e+00 2.839876224987431215e+02
9.771619672696177261e+00 3.356881300391261220e+02
1.015521127634568010e+01 4.737597777196887705e+02
1.055386103036522982e+01 1.846606592479386745e+04
1.096816005273137939e+01 1.674993822080723112e+04
1.139872266616051455e+01 1.605413191329199253e+04
1.184618730902683659e+01 1.496482035885915502e+04
1.231121748203889510e+01 1.459690262357933716e+04
1.279450273207873323e+01 1.847533534569977564e+04
1.329675967466211262e+01 1.593232367032486582e+04
1.381873305653632222e+01 1.479839936792525441e+04
1.436119685999078754e+01 1.523067432354046105e+04
1.492495545051828998e+01 1.386560547570125891e+04
1.551084476952840596e+01 1.393446744403724733e+04
1.611973357388157169e+01 1.433307470871040096e+04
1.675252472408215354e+01 1.396909800998342507e+04
1.741015652304015404e+01 1.388501537628633196e+04
1.809360410738716496e+01 1.304227907350667010e+04
1.880388089340914703e+01 1.247291759762398578e+04
1.954204007974053425e+01 1.305222587617709905e+04
2.030917620904734733e+01 1.287517811349169824e+04
2.110642679101554720e+01 1.288426285671026926e+04
2.193497398905057949e+01 1.307416749594840076e+04
2.279604637318979599e+01 1.247496352521544941e+04
2.369092074182632146e+01 1.298116054149296178e+04
2.462092401494625449e+01 1.268630770201224368e+04
2.558743520168586372e+01 1.254148970933743476e+04
2.659188744512693603e+01 1.163200722253071581e+04
2.763577014736157267e+01 1.174464129849675555e+04
2.872063117797828014e+01 9.884699061885239644e+02
2.984807916924324189e+01 7.270967396524198421e+02
3.101978590138096692e+01 6.707028001728482423e+02
3.223748878149029906e+01 6.212832405915795562e+02
3.350299341977229517e+01 5.362526696287221739e+02
3.481817630688966148e+01 5.006848536175118056e+02
3.618498759642746876e+01 4.687501648717574199e+02
3.760545399658171561e+01 4.404652429844997528e+02
3.908168177536263954e+01 4.153702135155837709e+02
4.061585988376979373e+01 3.926339120712459021e+02
4.221026320156898493e+01 3.722120636732927323e+02
4.386725591048498529e+01 3.538534917604320071e+02
4.558929499981059053e+01 3.630764175208046254e+02
4.737893390963144213e+01 3.466138806418338163e+02
4.923882631706736390e+01 3.313823925778564217e+02
5.117173007114605099e+01 3.175247883411735188e+02
5.318051128214197121e+01 3.282607182472737009e+02
5.526814857144603366e+01 3.153401159416126234e+02
5.743773748826581027e+01 3.032924101097624998e+02
5.969249509970733669e+01 2.922343953466159974e+02
6.203576476104268522e+01 3.035112895786562603e+02
6.447102107323868836e+01 2.930531639884139850e+02
6.700187503509583564e+01 3.050539601639706575e+02
6.963207939763883303e+01 2.950868986122958404e+02
7.236553422869657481e+01 2.856198044530979701e+02
7.520629269592407695e+01 2.982999808216668498e+02
7.815856707684091020e+01 2.893791164413748902e+02
8.122673500479712061e+01 3.027697647609720093e+02
8.441534596012985503e+01 2.944073031605548181e+02
8.772912801613355782e+01 3.086052551960059418e+02
9.117299484984921776e+01 3.006314478667919730e+02
9.475205302806537588e+01 3.159627944882169004e+02
9.847160957933773773e+01 3.083858059942098748e+02
1.023371798632519187e+02 3.248758289468702287e+02
1.063544957486011242e+02 3.178722804502325516e+02
1.105295141126021008e+02 3.354486153810529458e+02
1.148684256737553540e+02 3.289813173887014841e+02
1.193776641714435698e+02 3.481408767017776995e+02
1.240639159058831780e+02 3.420981888658772618e+02
1.289341296525714426e+02 3.627520972694056240e+02
1.339955269659338342e+02 3.573868463468045888e+02
1.392556128874462047e+02 3.799073848132708804e+02
1.447221870741134353e+02 3.749989663024483662e+02
1.504033553638023761e+02 3.994412788681463553e+02
1.563075417945815673e+02 3.952046885017410318e+02
1.624435010958865462e+02 3.915406611666581398e+02
1.688203316700362677e+02 4.184825006063461501e+02
1.754474890833459710e+02 4.153324627949501178e+02
1.823348000868440408e+02 4.446318221773248638e+02
1.894924771873821783e+02 4.421655209436412406e+02
1.969311337907421660e+02 4.402157533104273170e+02
2.046617999391989713e+02 4.727205066948796457e+02
2.126959386668689831e+02 4.714640193425844927e+02
2.210454629971021632e+02 4.706839872957773423e+02
2.297227536071151235e+02 4.703552173157069660e+02
2.387406771860646870e+02 5.067938192536465181e+02
2.481126055137767707e+02 5.071928064294984893e+02
2.578524352884273867e+02 5.080236642928026640e+02
2.679746087325689246e+02 5.487265607885738063e+02
2.784941350080644042e+02 5.503537108782683163e+02
2.894266124716749005e+02 5.524047988069919484e+02
3.007882518043098798e+02 5.548672577722691130e+02
3.125959000482278043e+02 5.577308018560855771e+02
3.248670655878374873e+02 6.042999946332215586e+02
3.376199441111336910e+02 6.080867177577472376e+02
3.508734455902711034e+02 6.122863797419229286e+02
3.646472223212745121e+02 6.168942683055848875e+02
3.789616980644715909e+02 6.699294961343297246e+02
3.938380983288489006e+02 6.756218753385206810e+02
4.092984818452438276e+02 6.817502209856172612e+02
4.253657732750387481e+02 6.883133161600410403e+02
4.420637972028529816e+02 7.489528982264328079e+02
4.594173134636476448e+02 7.568102814310001349e+02
4.774520538566126220e+02 7.651454652735023956e+02
4.961947603002902838e+02 7.739637807071401312e+02
5.156732244854963483e+02 7.831648653912166083e+02
5.359163290848514407e+02 7.924827815489655904e+02
5.569540905800130304e+02 8.022723959291123492e+02
5.788177037701274230e+02 8.751363537020175727e+02
6.015395880274832052e+02 8.865399438430125656e+02
6.251534353689711452e+02 9.676900825626436244e+02
6.496942604146117901e+02 9.809102907098917967e+02
6.751984523072501361e+02 1.071161034737117461e+03
7.017038286703822223e+02 nan
7.292496916841444090e+02 nan
7.578768863625922450e+02 nan
7.876278611187054821e+02 nan
8.185467307069020535e+02 nan
8.506793416364153018e+02 nan
8.840733401525062618e+02 nan
9.187782428863330324e+02 nan
9.548455102782293125e+02 nan
9.923286228832545248e+02 nan
1.031283160672184749e+03 nan
1.071766885445503476e+03 nan
1.113839826482618264e+03 nan
1.157564369553303550e+03 nan
1.203005349423324333e+03 nan
1.250230145991456084e+03 nan
1.299308784200414493e+03 nan
1.350314037869872209e+03 nan
1.403321537605484764e+03 nan
1.458409882943986304e+03 nan
1.515660758900601195e+03 nan
1.575159057091621207e+03 nan
1.636993001611701857e+03 nan
1.701254279852589207e+03 nan
1.768038178457205049e+03 nan
1.837443724610724757e+03 nan
1.909573832878096709e+03 nan
1.984535457805803162e+03 nan
2.062439752514092561e+03 nan
2.143402233514854743e+03 nan
2.227542951999556408e+03 nan
2.314986671851160736e+03 nan
2.405863054644066779e+03 nan
2.500306851906321299e+03 nan
2.598458104929247384e+03 nan
2.700462352420682237e+03 nan
2.806470846309838635e+03 nan
2.916640776023700710e+03 nan
3.031135501567576284e+03 nan
3.150124795755327796e+03 nan
3.273785095948577236e+03 nan
3.402299765678064432e+03 nan
3.535859366535175923e+03 nan
3.674661940736687939e+03 nan
3.818913304781854094e+03 nan
3.968827354637157896e+03 nan
4.124626382901347824e+03 nan
4.286541408420925109e+03 nan
4.454812518844988517e+03 nan
4.629689226627267999e+03 nan
4.811430839003254732e+03 nan
5.000306842491089810e+03 nan
5.196597302486196895e+03 nan
5.400593278542373810e+03 nan
5.612597255954965476e+03 nan
5.832923594286199659e+03 nan
6.061898993497572519e+03 nan
6.299862978380693676e+03 nan
6.547168402004729614e+03 nan
6.804181968927094204e+03 nan
7.071284778942996127e+03 nan
7.348872892180387680e+03 nan
7.637357916378011396e+03 nan
7.937167617217543011e+03 nan
8.248746552614580651e+03 nan
8.572556731909324299e+03 nan
8.909078300934124854e+03 nan
9.258810253973944782e+03 nan
9.622271173675135287e+03 nan
1.000000000000000000e+04 nan
