1.000000000000000056e-01 1.117090505176160792e-01
1.059560179277615893e-01 9.569977673071587698e-02
1.122667773510813566e-01 8.285701523157514015e-02
1.189534067370319470e-01 7.811526996308838788e-02
1.260382929679727537e-01 6.877799700360898161e-02
1.335451562929898806e-01 6.089204314465715417e-02
1.414991297434576023e-01 5.414267657658457938e-02
1.499268432786045602e-01 4.821263250259281291e-02
1.588565129428052836e-01 4.627125337241077413e-02
1.683180353330956669e-01 4.117282590622547284e-02
1.783430876931909326e-01 3.651585489545222662e-02
1.889652339691209604e-01 3.466452009970977244e-02
2.002200371815584523e-01 3.039008322763331327e-02
2.121451784910629856e-01 2.850317107989131654e-02
2.247805833548725263e-01 2.650465606568821325e-02
2.381685551976158166e-01 2.443563064750457065e-02
2.523539170434765944e-01 2.239305407986941221e-02
2.673841615839946395e-01 2.039662523914344966e-02
2.833096101839324144e-01 1.989743446089283982e-02
3.001835813575589040e-01 1.798641664662886316e-02
3.180625692794120107e-01 1.746492842314278926e-02
3.370064329271929005e-01 1.574853714171269015e-02
3.570785964900463627e-01 1.528801181632712981e-02
3.783462617131930217e-01 1.377527934194237857e-02
4.008806328898465443e-01 1.336521835125170990e-02
4.247571552536899553e-01 1.199212401315289181e-02
4.500557675700498916e-01 1.150932614217356487e-02
4.768611697714470465e-01 1.095636722324206704e-02
5.052631065335680960e-01 1.028643062777284158e-02
5.353566677410726005e-01 1.022611589328221993e-02
5.672426068491979168e-01 1.074435528126341591e-02
6.010276782070382851e-01 1.103409175203125432e-02
6.368249944718588074e-01 1.195720589002235122e-02
6.747544053110694495e-01 1.361864684304109341e-02
7.149428986597579083e-01 1.632631376841476439e-02
7.575250258771913936e-01 1.911104574995297831e-02
8.026433522257175879e-01 2.185857047979823664e-02
8.504489341802679014e-01 2.837798648083226377e-02
9.011018251665020573e-01 3.621733487086612607e-02
9.547716114208059102e-01 4.906586332488817315e-02
1.011637979766207618e+00 6.142231271195455755e-02
1.071891319205128035e+00 8.285008882009384235e-02
1.135733358343105737e+00 1.126442462524454013e-01
1.203377840777589913e+00 1.337653974951079627e-01
1.275051240713013456e+00 1.738889641102873418e-01
1.350993521198027292e+00 1.984268133981487436e-01
1.431458937523479191e+00 2.311113691474337428e-01
1.516716888470923230e+00 2.367268960704925762e-01
1.607052818261639260e+00 2.464891808612638402e-01
1.702769172225900407e+00 2.427493617045721475e-01
1.804186409392072754e+00 2.425215082128744370e-01
1.911644075385702690e+00 2.279833175741479701e-01
2.025501939230667681e+00 2.170371510988512720e-01
2.146141197858404848e+00 1.936971531386358358e-01
2.273965752357928860e+00 1.743488933220312675e-01
2.409403560239525621e+00 1.579894540958373672e-01
2.552908068239517991e+00 1.440658866782564551e-01
2.704959730463135870e+00 1.227700391399467739e-01
2.866067616948251739e+00 1.127930229854794547e-01
3.036771118035459072e+00 1.040108833133883276e-01
3.217641750250737065e+00 9.614801501951969476e-02
3.409285069746812891e+00 8.256418440557142246e-02
3.612342699709432114e+00 7.640776050929717900e-02
3.827494478516312970e+00 7.068481243043978068e-02
4.055460735840830111e+00 6.518925788065144111e-02
4.297004704320841917e+00 6.000549422028537971e-02
4.552935074866949705e+00 5.506870832860836368e-02
4.824108704165371186e+00 5.409906130848986250e-02
5.111433483440167791e+00 4.905545452485066127e-02
5.415871378079473608e+00 4.743329181356176205e-02
5.738441648302395670e+00 4.875953847643207245e-02
6.080224261649424200e+00 4.920939006383139025e-02
6.442363508721373755e+00 5.197936182513554493e-02
6.826071834272389616e+00 6.589249327280954915e-02
7.232633896483537050e+00 9.885861474708931840e-02
7.663410868007458632e+00 1.973397798227449762e-01
8.119844993184013759e+00 4.026079785261471500e+01
8.603464416684504457e+00 5.171241359318998576e+01
9.115888299750823265e+00 6.531597417485853896e+01
9.658832241158703980e+00 7.566846744520772461e+01
1.023411402105453760e+01 9.285542623583536681e+01
1.084365968689610860e+01 1.120209034637529157e+02
1.148951000187309823e+01 1.327113500896850837e+02
1.217382727739662052e+01 1.534268284718397695e+02
1.289890261253309411e+01 1.727921852452115274e+02
1.366716356462007376e+01 1.889154597206406834e+02
1.448118227674534531e+01 1.997552654554671392e+02
1.534368408930013139e+01 2.036622592989908753e+02
1.625755666443794922e+01 2.145212255477377425e+02
1.722585965398787522e+01 2.166554668190232178e+02
1.825183494319044186e+01 2.090450823452854650e+02
1.933891750455232028e+01 2.068741556745647472e+02
2.049074689815848060e+01 1.943086469392065112e+02
2.171117945694505380e+01 1.865034076253400883e+02
2.300430119772919113e+01 1.823573864972554475e+02
2.437444150122221842e+01 1.681672155138760445e+02
2.582618760682677461e+01 1.695862709254584786e+02
2.736439997074672092e+01 1.610674479294078196e+02
2.899422853882878215e+01 1.437456153924980811e+02
3.072112998861759081e+01 1.395861086961775754e+02
3.255088599835060137e+01 1.369715120487201432e+02
3.448962260405759395e+01 1.259574389997296464e+02
3.654383070957258184e+01 1.257014536475412427e+02
3.872038781812557318e+01 1.175012114599143445e+02
4.102658105827194390e+01 1.103360856939402908e+02
4.347013158125026422e+01 1.122970741813574875e+02
4.605922041145108636e+01 1.067943108199699225e+02
4.880251583654433745e+01 1.019532132978295920e+02
5.170920242896760755e+01 1.053348872979622683e+02
5.478901179593945159e+01 1.012944931062591962e+02
5.805225516094901650e+01 9.784015623726999422e+01
6.150985788580504021e+01 9.488015331209797409e+01
6.517339604882427295e+01 9.916537440671217496e+01
6.905513520162330110e+01 9.666969224763069235e+01
7.316807143427199378e+01 9.453494485877963882e+01
7.752597488629464806e+01 3.458667422138652226e-05
8.214343584919430441e+01 3.447731216827352589e-05
8.703591361485165123e+01 3.442365758560071004e-05
9.221978823334330855e+01 3.442216123065062620e-05
9.771241535346501905e+01 3.446990803481355081e-05
1.035321843295662632e+02 3.456450448525297324e-05
1.096985797892384085e+02 1.000525471365649807e-05
1.162322468679852960e+02 1.000525471365649807e-05
1.231550603292826196e+02 3.813978843909889574e-05
1.304901978014403028e+02 3.537809562261282043e-05
1.382622173764656281e+02 4.379185434006531462e-05
1.464971398307286279e+02 1.000525471365649807e-05
1.552225357427047925e+02 1.000525471365649807e-05
1.644676177994664386e+02 4.904437002878421801e-05
1.742633386009650849e+02 4.963785805115860771e-05
1.846424942895544348e+02 1.000525471365649807e-05
1.956398343517064689e+02 4.893113505707349898e-05
2.072921779595371845e+02 4.962454460076300963e-05
2.196385372416546886e+02 1.000525471365649807e-05
2.327202478960409735e+02 4.909991596523011513e-05
2.465811075822603868e+02 3.904446949431769154e-05
2.612675225563328922e+02 4.308264198581935526e-05
2.768286630392066741e+02 4.379541987685914181e-05
2.933166278390045250e+02 1.000525471365649807e-05
3.107866187782013867e+02 4.920873847333369247e-05
3.292971255097151584e+02 1.000525471365649807e-05
3.489101213406773923e+02 4.899021136223639179e-05
3.696912707195028247e+02 4.794299727472263765e-05
3.917101490809260440e+02 4.883440667120371112e-05
4.150404757850476472e+02 1.000525471365649807e-05
4.397603609302720997e+02 4.312673860024205004e-05
4.659525668664682030e+02 1.000525471365649807e-05
4.937047852839003781e+02 1.000525471365649807e-05
5.231099308056263908e+02 1.000525471365649807e-05
5.542664520663107623e+02 1.000525471365649807e-05
5.872786613189482523e+02 1.000525471365649807e-05
6.222570836730230894e+02 1.000525471365649807e-05
6.593188271333548300e+02 1.000525471365649807e-05
6.985879746785249154e+02 1.000525471365649807e-05
7.401959996915644524e+02 1.000525471365649807e-05
7.842822061337682271e+02 1.000525471365649807e-05
8.309941949353395785e+02 1.000525471365649807e-05
8.804883581643464368e+02 5.310099193476378916e-05
9.329304026284686415e+02 5.890215147038152510e-05
9.884959046625585870e+02 1.000525471365649807e-05
1.047370897959450758e+03 1.000525471365649807e-05
1.109752496412072105e+03 1.000525471365649807e-05
1.175849554052158055e+03 1.000525471365649807e-05
1.245883364295008050e+03 6.835880339192797401e-05
1.320088400831419449e+03 8.241523498165219473e-05
1.398713102647238657e+03 1.000525471365649807e-05
1.482020705798860035e+03 1.876713058201703177e+02
1.570290124729377567e+03 1.000525471365649807e-05
1.663816886076130686e+03 1.884493877011548477e+02
1.762914118095947970e+03 1.821494523339100340e+02
1.867913599020784659e+03 1.000525471365649807e-05
1.979166867853557278e+03 1.831213711226212695e+02
2.097046401323234932e+03 1.903763281126320521e+02
2.221946860939523958e+03 1.841317933334727854e+02
2.354286414322420114e+03 1.915042991644049835e+02
2.494508135230316384e+03 1.852372628116885096e+02
2.643081486974108429e+03 1.790711314907283906e+02
2.800503894183631019e+03 1.864307434941601969e+02
2.967302408188872505e+03 1.803208880531532543e+02
3.144035471591500027e+03 1.877062618039917083e+02
3.331294787934677061e+03 1.816510584646691200e+02
3.529707302730650099e+03 1.890587491098116004e+02
3.739937302478801485e+03 1.830550520994307249e+02
3.962688638701478339e+03 1.904838097318912276e+02
4.198707084443914027e+03 1.844230028497790101e+02
4.448782831127585268e+03 1.919777475916132232e+02
4.713753134116728688e+03 1.858533209084761779e+02
4.994505115855139593e+03 1.935374093627175398e+02
5.291978735958447032e+03 1.873432676581201974e+02
5.607169938205458493e+03 1.951600874450664662e+02
5.941133984965039417e+03 1.888905161785378937e+02
6.294988990221887434e+03 1.829870372723942467e+02
6.669919663030128504e+03 1.904930811086491929e+02
7.067181273927491020e+03 1.845162551093824561e+02
7.488103857590030202e+03 1.921493882883619904e+02
7.934096665797492278e+03 1.860912478197355711e+02
8.406652885618334039e+03 1.938580079631440469e+02
8.907354638610438997e+03 1.877141526609465529e+02
9.437878277775391325e+03 1.956179532279258808e+02
1.000000000000000000e+04 1.893839536217138004e+02
