1.000000000000000056e-01 nan
1.039255682936712638e-01 nan
1.080052374516252828e-01 nan
1.122450568085306410e-01 2.747918415580636875e+00
1.166513131698196093e-01 2.010643321075856527e+00
1.212305401337652189e-01 1.600078576770609162e+00
1.259895277795027302e-01 1.384706669420350256e+00
1.309353327353610374e-01 1.199074563621141287e+00
1.360752886424333452e-01 1.040418811491053752e+00
1.414170170289023587e-01 9.800882771574567220e-01
1.469684386112446450e-01 9.236243387543952021e-01
1.527377850390713721e-01 8.002766169854603762e-01
1.587336111010209105e-01 7.524485510343458250e-01
1.649648074098020167e-01 7.066198739644006244e-01
1.714406135851970769e-01 6.613104683188653077e-01
1.781706319545730832e-01 6.700612564718854136e-01
1.851648417912155065e-01 6.233545828212602169e-01
1.924336141115980114e-01 6.273832183304468568e-01
1.999877270535286022e-01 5.788271784310095036e-01
2.078383818579757347e-01 5.773956594692049027e-01
2.159972194782718291e-01 5.736849236964007837e-01
2.244763378413223709e-01 5.676064453382912989e-01
2.332883097864157096e-01 5.593337016178405730e-01
2.424462017082328336e-01 5.972411677113301787e-01
2.519635929317015077e-01 5.857476066108859847e-01
2.618545958474232660e-01 5.733849162059716509e-01
2.721338768375307082e-01 5.610124350948854088e-01
2.828166780230032540e-01 5.058416284449448463e-01
2.939188398646885858e-01 4.565625837536223530e-01
3.054568246515431684e-01 3.794485649916715109e-01
3.174477409109192627e-01 3.425569888315087574e-01
3.299093687770939809e-01 2.846506408228893226e-01
3.428601863556585694e-01 2.362720591690906646e-01
3.563193971228584833e-01 1.957382285620788698e-01
3.703069584005140302e-01 1.618983227363767485e-01
3.848436109487430312e-01 1.451844543778458008e-01
3.999509097203664543e-01 1.299086823875690855e-01
4.156512558225988752e-01 1.158562443645729384e-01
4.319679297334173551e-01 1.029715680704223757e-01
4.489251258218605600e-01 9.097066472523063219e-02
4.665479882234472853e-01 8.668507666770992881e-02
4.848626481239080577e-01 8.180806700839471368e-02
5.038962625065149803e-01 7.644968218050028630e-02
5.236770544204653044e-01 7.660599169990894852e-02
5.442343548300266898e-01 7.566701985574593448e-02
5.655986461065004578e-01 7.362478202015088069e-02
5.878016072274911963e-01 7.667727871567951714e-02
6.108761607505036606e-01 7.860942016253505416e-02
6.348565216305216419e-01 7.929096469494067989e-02
6.597782479539537892e-01 8.558157185735838779e-02
6.856782936641739878e-01 9.084745467686508591e-02
7.125950633568408632e-01 9.490008793796644859e-02
7.405684692262436419e-01 1.057773151550930185e-01
7.696399902471157128e-01 1.158797537207238576e-01
7.998527336796710241e-01 1.355089600957273266e-01
8.312514989890629202e-01 1.554779206137248404e-01
8.638828442740447144e-01 1.905552037949286015e-01
8.977951553033320931e-01 2.497088624732497764e-01
9.330387172620362435e-01 3.505399753021616327e-01
9.696657893145520513e-01 5.276116184636283624e-01
1.007730682094461150e+00 9.302951290964497844e+01
1.047289838236358461e+00 9.635547539110905291e+01
1.088401916069005937e+00 9.572403054227623898e+01
1.131127876593921444e+00 9.843579545746609938e+01
1.175531073878369304e+00 1.045011735549108636e+02
1.221677348996791812e+00 1.050432777174991088e+02
1.269635127659973550e+00 1.082398242701371061e+02
1.319475521676706009e+00 1.141172593043116592e+02
1.371272434398400186e+00 1.226997009381669841e+02
1.425102670302997865e+00 1.238572977654648355e+02
1.481046048880674704e+00 1.380573993437592719e+02
1.539185522990205390e+00 1.437488363313844673e+02
1.599607301861486919e+00 1.519522769981049635e+02
1.662400978926611872e+00 1.627243882479942840e+02
1.727659664669035644e+00 1.762732536071148104e+02
1.795480124687831358e+00 1.929960404932460278e+02
1.865962923181746058e+00 1.966677111989027082e+02
1.939212572065829976e+00 2.196298793055307215e+02
2.015337685941732904e+00 2.473159243809440966e+02
2.094451143151469630e+00 2.807775264505447126e+02
2.176670253153459189e+00 3.211926150749533804e+02
2.262116930469025178e+00 3.701161973371108047e+02
2.350917875457286588e+00 4.658457015762104447e+02
2.443204762186487855e+00 5.895437325243202622e+02
2.539114433680346838e+00 8.138715705836106054e+02
2.638789104828933141e+00 1.329117892001711652e+03
2.742376573264949435e+00 2.001949054897361293e+03
2.850030438518106557e+00 2.786360848710298797e+03
2.961910329772553307e+00 3.601400552476081884e+03
3.078182142565078383e+00 4.326497229540522312e+03
3.199018284775064114e+00 5.247680647483094617e+03
3.324597932270939804e+00 7.470879026208079310e-01
3.455107294592218103e+00 5.894050601544780221e-01
3.590739891061053068e+00 5.026711897355257141e-01
3.731696837732751959e+00 4.271073092063028542e-01
3.878187145610721753e+00 3.930253462093617478e-01
4.030428030568050879e+00 3.318843089746456032e-01
4.188645235435270564e+00 3.031297656299304921e-01
4.353073364731890216e+00 2.991832407715326880e-01
4.523956232538053790e+00 2.705600531216081905e-01
4.701547224022132099e+00 2.643406079100120154e-01
4.886109671160325796e+00 2.361672448306228189e-01
5.077917243205400943e+00 2.270337519156224448e-01
5.277254352483537581e+00 2.350214187062987237e-01
5.484416576121017961e+00 2.211452577592319391e-01
5.699711094326075589e+00 2.225948574233528043e-01
5.923457145875802965e+00 2.386497571311013699e-01
6.155986501483507567e+00 2.490654590889664344e-01
6.397643955748426592e+00 2.951867975992366055e-01
6.648787838417263174e+00 3.610789378769709290e-01
6.909790545715641663e+00 6.226212859995453597e-01
7.181039092537348623e+00 1.374313448723621036e+02
7.462935686310133043e+00 1.661529849758307193e+02
7.755898323389001980e+00 1.458683912904936619e+02
8.060361408861341559e+00 1.559694689194370483e+02
8.376776400682915735e+00 1.707503035795037647e+02
8.705612479099860579e+00 2.084290667552726575e+02
9.047357242349292505e+00 2.623606323278141872e+02
9.402517429670131932e+00 3.137449953618563541e+02
9.771619672696177261e+00 4.561999322320195915e+02
1.015521127634568010e+01 1.944013707732696639e+04
1.055386103036522982e+01 1.722364364632948127e+04
1.096816005273137939e+01 1.759203368405377842e+04
1.139872266616051455e+01 2.071952543669925581e+04
1.184618730902683659e+01 2.174322839859483793e+04
1.231121748203889510e+01 1.738766310062968114e+04
1.279450273207873323e+01 1.528826550213333394e+04
1.329675967466211262e+01 1.511392073861914832e+04
1.381873305653632222e+01 1.419329748774130348e+04
1.436119685999078754e+01 1.373026436105229732e+04
1.492495545051828998e+01 1.362187667766285631e+04
1.551084476952840596e+01 1.385594719713338600e+04
1.611973357388157169e+01 1.327405876409797020e+04
1.675252472408215354e+01 1.299765208752846047e+04
1.741015652304015404e+01 1.297929660498524936e+04
1.809360410738716496e+01 1.320227334880092712e+04
1.880388089340914703e+01 1.259247578136711491e+04
1.954204007974053425e+01 1.220246508362986970e+04
2.030917620904734733e+01 1.201331231452800603e+04
2.110642679101554720e+01 1.199984165931802636e+04
2.193497398905057949e+01 1.215602406642099049e+04
2.279604637318979599e+01 1.248529894837362735e+04
2.369092074182632146e+01 1.195094985932248528e+04
2.462092401494625449e+01 1.258177289616332746e+04
2.558743520168586372e+01 1.232899079091252861e+04
2.659188744512693603e+01 1.169694807335163887e+03
2.763577014736157267e+01 8.106218014510471903e+02
2.872063117797828014e+01 7.231674567739730719e+02
2.984807916924324189e+01 6.477427863792487415e+02
3.101978590138096692e+01 5.828399955885315649e+02
3.223748878149029906e+01 5.269292931432044043e+02
3.350299341977229517e+01 4.785933780333339200e+02
3.481817630688966148e+01 4.743692295630744411e+02
3.618498759642746876e+01 4.345029055364938131e+02
3.760545399658171561e+01 3.997045807472238721e+02
3.908168177536263954e+01 4.009481610881090887e+02
4.061585988376979373e+01 3.717003793777720944e+02
4.221026320156898493e+01 3.757084756124604041e+02
4.386725591048498529e+01 3.506030496960502205e+02
4.558929499981059053e+01 3.567285919068930298e+02
4.737893390963144213e+01 3.352017300302456420e+02
4.923882631706736390e+01 3.161363828159840068e+02
5.117173007114605099e+01 3.245611936118380640e+02
5.318051128214197121e+01 3.078867884548031384e+02
5.526814857144603366e+01 3.181064810881727567e+02
5.743773748826581027e+01 3.033290909119784828e+02
5.969249509970733669e+01 2.902185121008984652e+02
6.203576476104268522e+01 3.021342834139358047e+02
6.447102107323868836e+01 2.905102810460553542e+02
6.700187503509583564e+01 3.040547502093048706e+02
6.963207939763883303e+01 2.936535001631468731e+02
7.236553422869657481e+01 2.843808916405029663e+02
7.520629269592407695e+01 2.758658656902875350e+02
7.815856707684091020e+01 2.913060037504217803e+02
8.122673500479712061e+01 2.838317124674966294e+02
8.441534596012985503e+01 2.769876734001370551e+02
8.772912801613355782e+01 2.709092087076897428e+02
9.117299484984921776e+01 2.882915638207848019e+02
9.475205302806537588e+01 2.828697241778064040e+02
9.847160957933773773e+01 2.779730504611246147e+02
1.023371798632519187e+02 2.736358951945912850e+02
1.063544957486011242e+02 2.698015178995349856e+02
1.105295141126021008e+02 2.893595168458531930e+02
1.148684256737553540e+02 2.860769747093179376e+02
1.193776641714435698e+02 2.830868203269981223e+02
1.240639159058831780e+02 2.804860444898643550e+02
1.289341296525714426e+02 2.782442672061782218e+02
1.339955269659338342e+02 2.763317693847454848e+02
1.392556128874462047e+02 2.747224080172640015e+02
1.447221870741134353e+02 2.733931432066263483e+02
1.504033553638023761e+02 2.723238318537395912e+02
1.563075417945815673e+02 2.714963675049822882e+02
1.624435010958865462e+02 2.708949577681238452e+02
1.688203316700362677e+02 2.705054767116126868e+02
1.754474890833459710e+02 2.703155951121943303e+02
1.823348000868440408e+02 2.703141692504078719e+02
1.894924771873821783e+02 2.704914527392051582e+02
1.969311337907421660e+02 2.708387873566343274e+02
2.046617999391989713e+02 2.713484881563705926e+02
2.126959386668689831e+02 2.720138335973704216e+02
2.210454629971021632e+02 2.728288149294848495e+02
2.297227536071151235e+02 2.737881437901635309e+02
2.387406771860646870e+02 2.748872472104476401e+02
2.481126055137767707e+02 2.761221417968971537e+02
2.578524352884273867e+02 2.774892613060471263e+02
2.679746087325689246e+02 2.789856448679147434e+02
2.784941350080644042e+02 2.806086679072664083e+02
2.894266124716749005e+02 2.823560939813992263e+02
3.007882518043098798e+02 2.842269424452119324e+02
3.125959000482278043e+02 2.862098752403427397e+02
3.248670655878374873e+02 2.882348778136692431e+02
3.376199441111336910e+02 2.673484486302839969e+02
3.508734455902711034e+02 2.693842663035390501e+02
3.646472223212745121e+02 2.715218900796775756e+02
3.789616980644715909e+02 2.737611930301468988e+02
3.938380983288489006e+02 2.761022925199492875e+02
4.092984818452438276e+02 2.785453798308064961e+02
4.253657732750387481e+02 2.810911128033488922e+02
4.420637972028529816e+02 2.837400684370172144e+02
4.594173134636476448e+02 2.864727633953459645e+02
4.774520538566126220e+02 2.892124186561011356e+02
4.961947603002902838e+02 2.688868830172619937e+02
5.156732244854963483e+02 2.715453192649647463e+02
5.359163290848514407e+02 2.742964008414514865e+02
5.569540905800130304e+02 2.771414690233706324e+02
5.788177037701274230e+02 2.800818948243328350e+02
6.015395880274832052e+02 2.831190404561284595e+02
6.251534353689711452e+02 2.862446539393442890e+02
6.496942604146117901e+02 2.893466273396604151e+02
6.751984523072501361e+02 2.693464682014082996e+02
7.017038286703822223e+02 2.723250538420654152e+02
7.292496916841444090e+02 2.753939948945690617e+02
7.578768863625922450e+02 2.785545953967328501e+02
7.876278611187054821e+02 2.818092141659113850e+02
8.185467307069020535e+02 2.851597503088461849e+02
8.506793416364153018e+02 2.884999786831957067e+02
8.840733401525062618e+02 2.919005492877823826e+02
9.187782428863330324e+02 2.719341499994515061e+02
9.548455102782293125e+02 2.751824033997678498e+02
9.923286228832545248e+02 2.785215340730141520e+02
1.031283160672184749e+03 2.819535423487329808e+02
1.071766885445503476e+03 2.854815683201973116e+02
1.113839826482618264e+03 2.889780656034515687e+02
1.157564369553303550e+03 2.925476886501142531e+02
1.203005349423324333e+03 2.726796252034984036e+02
1.250230145991456084e+03 2.760807972147611054e+02
1.299308784200414493e+03 2.795733605219064657e+02
1.350314037869872209e+03 2.831595499457862388e+02
1.403321537605484764e+03 2.868073197688825076e+02
1.458409882943986304e+03 2.904309523630047920e+02
1.515660758900601195e+03 2.708212652542010233e+02
1.575159057091621207e+03 2.742692597818329432e+02
1.636993001611701857e+03 2.778074037899223754e+02
1.701254279852589207e+03 2.814382521381741071e+02
1.768038178457205049e+03 2.851642978695433044e+02
1.837443724610724757e+03 2.888639564380240472e+02
1.909573832878096709e+03 2.926236329639822884e+02
1.984535457805803162e+03 2.729312065229757422e+02
2.062439752514092561e+03 2.765048256279532666e+02
2.143402233514854743e+03 2.801703735307598322e+02
2.227542951999556408e+03 2.839305272987641047e+02
2.314986671851160736e+03 2.877136854711994829e+02
2.405863054644066779e+03 2.915054620319777996e+02
2.500306851906321299e+03 2.719532932158231233e+02
2.598458104929247384e+03 2.755551093983914939e+02
2.700462352420682237e+03 2.792484792504967004e+02
2.806470846309838635e+03 2.830359766144886180e+02
2.916640776023700710e+03 2.868823261195388454e+02
3.031135501567576284e+03 2.906999222492381705e+02
3.150124795755327796e+03 2.712516831288147046e+02
3.273785095948577236e+03 2.748765740602132723e+02
3.402299765678064432e+03 2.785924399668012370e+02
3.535859366535175923e+03 2.824027913516815147e+02
3.674661940736687939e+03 2.862965237503002527e+02
3.818913304781854094e+03 2.901358254803611203e+02
3.968827354637157896e+03 2.707636863974241805e+02
4.124626382901347824e+03 2.744077860844101338e+02
4.286541408420925109e+03 2.781430313810528787e+02
4.454812518844988517e+03 2.819720902206463506e+02
4.629689226627267999e+03 2.858978073551695047e+02
4.811430839003254732e+03 2.897593158483340403e+02
5.000306842491089810e+03 2.937130181906317716e+02
5.196597302486196895e+03 2.741022414845508024e+02
5.400593278542373810e+03 2.778538315444142768e+02
5.612597255954965476e+03 2.816992485241588611e+02
5.832923594286199659e+03 2.856413388187742726e+02
6.061898993497572519e+03 2.895292716717208918e+02
6.299862978380693676e+03 2.934984887545840024e+02
6.547168402004729614e+03 2.739242866845295907e+02
6.804181968927094204e+03 2.776902045372123098e+02
7.071284778942996127e+03 2.815498737024159936e+02
7.348872892180387680e+03 2.855064276004977160e+02
7.637357916378011396e+03 2.894135671634729192e+02
7.937167617217543011e+03 2.933972034760735710e+02
8.248746552614580651e+03 2.738464583435934969e+02
8.572556731909324299e+03 2.776251431449948655e+02
8.909078300934124854e+03 2.814977372765658288e+02
9.258810253973944782e+03 2.854670901859478818e+02
9.622271173675135287e+03 2.893887377199076241e+02
1.000000000000000000e+04 2.933846594187771757e+02
