1.000000000000000056e-01 1.102623513390895704e-01
1.039255682936712638e-01 1.007901143351769835e-01
1.080052374516252828e-01 9.890502431448354448e-02
1.122450568085306410e-01 9.130993149092801742e-02
1.166513131698196093e-01 8.470378961359210923e-02
1.212305401337652189e-01 7.882447174816338553e-02
1.259895277795027302e-01 6.885272296662202363e-02
1.309353327353610374e-01 6.445226453219393692e-02
1.360752886424333452e-01 6.039271939691992497e-02
1.414170170289023587e-01 5.669632869353714855e-02
1.469684386112446450e-01 5.330724558892396131e-02
1.527377850390713721e-01 5.008480038113268668e-02
1.587336111010209105e-01 4.706829794889769158e-02
1.649648074098020167e-01 4.424571880225052628e-02
1.714406135851970769e-01 4.150162277361934410e-02
1.781706319545730832e-01 3.885547997644300117e-02
1.851648417912155065e-01 3.633355734973452850e-02
1.924336141115980114e-01 3.390332197580420842e-02
1.999877270535286022e-01 3.149062106706161657e-02
2.078383818579757347e-01 3.117454737169171250e-02
2.159972194782718291e-01 2.877608180399148299e-02
2.244763378413223709e-01 2.647011060132028332e-02
2.332883097864157096e-01 2.592786610316656290e-02
2.424462017082328336e-01 2.368685033987234095e-02
2.519635929317015077e-01 2.303977730357211970e-02
2.618545958474232660e-01 2.234245410096475856e-02
2.721338768375307082e-01 2.163163479799480940e-02
2.828166780230032540e-01 1.956963405164840672e-02
2.939188398646885858e-01 1.886313779275663668e-02
3.054568246515431684e-01 1.817772220235442521e-02
3.174477409109192627e-01 1.750325699512593827e-02
3.299093687770939809e-01 1.684317858293248732e-02
3.428601863556585694e-01 1.622695489181651129e-02
3.563193971228584833e-01 1.559750727982535390e-02
3.703069584005140302e-01 1.501308799360802533e-02
3.848436109487430312e-01 1.443905646526228922e-02
3.999509097203664543e-01 1.387872849598564481e-02
4.156512558225988752e-01 1.247499228367603651e-02
4.319679297334173551e-01 1.194782881648990061e-02
4.489251258218605600e-01 1.219885128701639170e-02
4.665479882234472853e-01 1.159792107507524005e-02
4.848626481239080577e-01 1.097407700452968787e-02
5.038962625065149803e-01 1.102129719559909182e-02
5.236770544204653044e-01 1.098315927563106413e-02
5.442343548300266898e-01 1.084835281484309091e-02
5.655986461065004578e-01 1.061852022294023333e-02
5.878016072274911963e-01 1.100258385940493418e-02
6.108761607505036606e-01 1.205451661452433369e-02
6.348565216305216419e-01 1.307087692151807923e-02
6.597782479539537892e-01 1.403154197832686551e-02
6.856782936641739878e-01 1.491900111945638520e-02
7.125950633568408632e-01 1.674438912153431921e-02
7.405684692262436419e-01 1.859560939692299353e-02
7.696399902471157128e-01 2.043451053256634467e-02
7.998527336796710241e-01 2.375130078151593827e-02
8.312514989890629202e-01 2.730336617272827171e-02
8.638828442740447144e-01 3.113192174616092808e-02
8.977951553033320931e-01 3.760884448460020957e-02
9.330387172620362435e-01 4.517538376716358911e-02
9.696657893145520513e-01 5.404406091852474031e-02
1.007730682094461150e+00 6.450479245988967325e-02
1.047289838236358461e+00 7.700264356508339236e-02
1.088401916069005937e+00 9.214089660351625077e-02
1.131127876593921444e+00 1.106935928842148892e-01
1.175531073878369304e+00 1.337424094079021630e-01
1.221677348996791812e+00 1.522826889295987585e-01
1.269635127659973550e+00 1.748332931570548976e-01
1.319475521676706009e+00 1.893819405004772138e-01
1.371272434398400186e+00 2.069709617615766439e-01
1.425102670302997865e+00 2.282529429194510295e-01
1.481046048880674704e+00 2.377904880226889284e-01
1.539185522990205390e+00 2.494796744702797164e-01
1.599607301861486919e+00 2.471340737104377461e-01
1.662400978926611872e+00 2.467087393932372308e-01
1.727659664669035644e+00 2.479954494050232994e-01
1.795480124687831358e+00 2.350141221392200164e-01
1.865962923181746058e+00 2.390505165469639370e-01
1.939212572065829976e+00 2.144580800850700852e-01
2.015337685941732904e+00 2.062122244858407283e-01
2.094451143151469630e+00 1.993440557596654061e-01
2.176670253153459189e+00 1.810987286860274992e-01
2.262116930469025178e+00 1.763615667655522579e-01
2.350917875457286588e+00 1.612294562791601327e-01
2.443204762186487855e+00 1.477691780042589276e-01
2.539114433680346838e+00 1.357563286790975932e-01
2.638789104828933141e+00 1.334161861956915385e-01
2.742376573264949435e+00 1.229901650525140194e-01
2.850030438518106557e+00 1.134491539564816548e-01
2.961910329772553307e+00 1.047432749399104801e-01
3.078182142565078383e+00 9.677513685154251477e-02
3.199018284775064114e+00 9.555648448207917922e-02
3.324597932270939804e+00 8.828370810468248731e-02
3.455107294592218103e+00 8.156908921327173101e-02
3.590739891061053068e+00 7.532981655423164058e-02
3.731696837732751959e+00 7.421371749493503589e-02
3.878187145610721753e+00 6.836992979490152944e-02
4.030428030568050879e+00 6.290603567597256862e-02
4.188645235435270564e+00 6.168380107359474479e-02
4.353073364731890216e+00 6.035301525068835493e-02
4.523956232538053790e+00 5.511303404442165904e-02
4.701547224022132099e+00 5.361827320041018252e-02
4.886109671160325796e+00 5.188281332930044093e-02
5.077917243205400943e+00 5.000079097424443841e-02
5.277254352483537581e+00 5.115126726349699532e-02
5.484416576121017961e+00 4.867938080648724630e-02
5.699711094326075589e+00 4.901300507617516178e-02
5.923457145875802965e+00 5.206523799668661551e-02
6.155986501483507567e+00 5.456908576092835833e-02
6.397643955748426592e+00 5.987766723649810829e-02
6.648787838417263174e+00 7.314688007971852091e-02
6.909790545715641663e+00 9.907583883838595729e-02
7.181039092537348623e+00 1.472778853121488318e-01
7.462935686310133043e+00 2.874890207266086462e-01
7.755898323389001980e+00 3.923296152961265193e+01
8.060361408861341559e+00 4.530846998872118547e+01
8.376776400682915735e+00 5.336063598432423305e+01
8.705612479099860579e+00 6.025501771213133395e+01
9.047357242349292505e+00 6.981283282401044232e+01
9.402517429670131932e+00 7.795373004717680487e+01
9.771619672696177261e+00 8.942519603494007185e+01
1.015521127634568010e+01 1.055158949470522316e+02
1.055386103036522982e+01 1.196230849300536931e+02
1.096816005273137939e+01 1.302865421875889922e+02
1.139872266616051455e+01 1.455368011084929378e+02
1.184618730902683659e+01 1.558401508401995272e+02
1.231121748203889510e+01 1.707073959307847133e+02
1.279450273207873323e+01 1.910440424528863161e+02
1.329675967466211262e+01 2.043170169322276308e+02
1.381873305653632222e+01 2.085945869934940902e+02
1.436119685999078754e+01 2.170934653665787266e+02
1.492495545051828998e+01 2.295039571720869560e+02
1.551084476952840596e+01 2.310438986700424380e+02
1.611973357388157169e+01 2.363170342326309594e+02
1.675252472408215354e+01 2.292632913041405516e+02
1.741015652304015404e+01 2.255174522805138508e+02
1.809360410738716496e+01 2.246044342294977696e+02
1.880388089340914703e+01 2.118816259579744212e+02
1.954204007974053425e+01 2.159246613432981121e+02
2.030917620904734733e+01 2.078080468098078200e+02
2.110642679101554720e+01 2.020480361683804631e+02
2.193497398905057949e+01 1.854343117906337568e+02
2.279604637318979599e+01 1.833626454911189398e+02
2.369092074182632146e+01 1.709437920125977257e+02
2.462092401494625449e+01 1.715004476795303106e+02
2.558743520168586372e+01 1.622036356077152561e+02
2.659188744512693603e+01 1.542785204821992409e+02
2.763577014736157267e+01 1.577183522366083537e+02
2.872063117797828014e+01 1.518325392175180184e+02
2.984807916924324189e+01 1.468488646008884189e+02
3.101978590138096692e+01 1.427254960922390978e+02
3.223748878149029906e+01 1.394371852878574316e+02
3.350299341977229517e+01 1.280339425469217929e+02
3.481817630688966148e+01 1.261708016514941875e+02
3.618498759642746876e+01 1.248392608045014498e+02
3.760545399658171561e+01 1.239429652504343835e+02
3.908168177536263954e+01 1.235166911697364611e+02
4.061585988376979373e+01 1.156127694113839510e+02
4.221026320156898493e+01 1.160042921079714517e+02
4.386725591048498529e+01 1.167779697823306861e+02
4.558929499981059053e+01 1.103881618070591912e+02
4.737893390963144213e+01 1.118323519267267443e+02
4.923882631706736390e+01 1.063302338175626005e+02
5.117173007114605099e+01 1.082859487659119679e+02
5.318051128214197121e+01 1.106187885059835310e+02
5.526814857144603366e+01 1.060317547890732186e+02
5.743773748826581027e+01 1.088295382103470246e+02
5.969249509970733669e+01 1.048618392344246502e+02
6.203576476104268522e+01 1.012167447274484573e+02
6.447102107323868836e+01 1.046430781524136790e+02
6.700187503509583564e+01 1.014362287700872258e+02
6.963207939763883303e+01 1.052961421389113355e+02
7.236553422869657481e+01 1.025080589149041543e+02
7.520629269592407695e+01 9.993925605154001346e+01
7.815856707684091020e+01 1.043664968450915467e+02
8.122673500479712061e+01 1.021183711951777440e+02
8.441534596012985503e+01 1.000790730450393369e+02
8.772912801613355782e+01 9.826503505620269152e+01
9.117299484984921776e+01 1.032799771587745283e+02
9.475205302806537588e+01 1.016567451882451962e+02
9.847160957933773773e+01 1.002154525133251752e+02
1.023371798632519187e+02 9.893744261140088270e+01
1.063544957486011242e+02 9.780652222161914722e+01
1.105295141126021008e+02 1.034624420690565643e+02
1.148684256737553540e+02 1.024696118387119981e+02
1.193776641714435698e+02 1.016014959389613637e+02
1.240639159058831780e+02 1.008472111696038240e+02
1.289341296525714426e+02 1.001971941781598758e+02
1.339955269659338342e+02 9.964301961923597162e+01
1.392556128874462047e+02 9.917724222111775134e+01
1.447221870741134353e+02 9.879327964912008042e+01
1.504033553638023761e+02 9.848530271155985361e+01
1.563075417945815673e+02 9.824812518666166739e+01
1.624435010958865462e+02 9.807714646865640873e+01
1.688203316700362677e+02 9.796826951178971399e+01
1.754474890833459710e+02 9.791784188964751934e+01
1.823348000868440408e+02 9.792261121309731209e+01
1.894924771873821783e+02 9.797967265687651661e+01
1.969311337907421660e+02 9.808643224221133039e+01
2.046617999391989713e+02 9.824057705867332402e+01
2.126959386668689831e+02 9.844004499196839220e+01
2.210454629971021632e+02 9.868299273375961889e+01
2.297227536071151235e+02 9.896778154832189500e+01
2.387406771860646870e+02 9.929295650866100686e+01
2.481126055137767707e+02 9.965722221799518366e+01
2.578524352884273867e+02 1.000594364186810736e+02
2.679746087325689246e+02 1.004985907202596991e+02
2.784941350080644042e+02 1.009738049637298900e+02
2.894266124716749005e+02 1.014843070910816181e+02
3.007882518043098798e+02 1.020294341560960731e+02
3.125959000482278043e+02 1.026086200980146970e+02
3.248670655878374873e+02 1.032213841699065711e+02
3.376199441111336910e+02 1.038561791314101157e+02
3.508734455902711034e+02 1.044921362627624575e+02
3.646472223212745121e+02 1.051583754389681786e+02
3.789616980644715909e+02 9.905915753664216084e+01
3.938380983288489006e+02 9.974401960469934636e+01
4.092984818452438276e+02 1.004570445337054139e+02
4.253657732750387481e+02 1.011982001926104999e+02
4.420637972028529816e+02 1.019675080460209813e+02
4.594173134636476448e+02 1.027650315575736499e+02
4.774520538566126220e+02 1.035908851918063505e+02
4.961947603002902838e+02 1.043975653323599460e+02
5.156732244854963483e+02 1.052244466589566656e+02
5.359163290848514407e+02 9.927275108714594865e+01
5.569540905800130304e+02 1.001028024941400645e+02
5.788177037701274230e+02 1.009584016351837761e+02
6.015395880274832052e+02 1.018398209791958635e+02
6.251534353689711452e+02 1.027473585641955225e+02
6.496942604146117901e+02 1.036813444594606040e+02
6.751984523072501361e+02 1.045819900402364624e+02
7.017038286703822223e+02 1.055070392687958361e+02
7.292496916841444090e+02 9.963263355626831697e+01
7.578768863625922450e+02 1.005528949682735345e+02
7.876278611187054821e+02 1.014977823768252989e+02
8.185467307069020535e+02 1.024677161677921333e+02
8.506793416364153018e+02 1.034631207248306737e+02
8.840733401525062618e+02 1.044343131314184490e+02
9.187782428863330324e+02 1.054153952311390015e+02
9.548455102782293125e+02 9.959994012314355416e+01
9.923286228832545248e+02 1.005717683449880440e+02
1.031283160672184749e+03 1.015677249424081907e+02
1.071766885445503476e+03 1.025882947727968997e+02
1.113839826482618264e+03 1.036339905933379839e+02
1.157564369553303550e+03 1.046411406711744405e+02
1.203005349423324333e+03 1.056686669522568707e+02
1.250230145991456084e+03 9.988347066734590385e+01
1.299308784200414493e+03 1.008987358674934995e+02
1.350314037869872209e+03 1.019380446328515291e+02
1.403321537605484764e+03 1.030019323671346854e+02
1.458409882943986304e+03 1.040656690536436884e+02
1.515660758900601195e+03 1.051096533212568858e+02
1.575159057091621207e+03 9.937240532261638748e+01
1.636993001611701857e+03 1.004023281864254358e+02
1.701254279852589207e+03 1.014559103390711385e+02
1.768038178457205049e+03 1.025337109275487109e+02
1.837443724610724757e+03 1.036363056532436531e+02
1.909573832878096709e+03 1.046963372252201481e+02
1.984535457805803162e+03 1.057766260791551360e+02
2.062439752514092561e+03 1.000363807530496132e+02
2.143402233514854743e+03 1.011010763669965797e+02
2.227542951999556408e+03 1.021897463701015170e+02
2.314986671851160736e+03 1.033029790717133523e+02
2.405863054644066779e+03 1.043939230140940992e+02
2.500306851906321299e+03 1.054839734310429833e+02
2.598458104929247384e+03 9.977001858841173032e+01
2.700462352420682237e+03 1.008435476065988325e+02
2.806470846309838635e+03 1.019408883727544151e+02
2.916640776023700710e+03 1.030626420464829778e+02
3.031135501567576284e+03 1.041766446250305620e+02
3.150124795755327796e+03 1.052745541005009073e+02
3.273785095948577236e+03 9.958028393056504513e+01
3.402299765678064432e+03 1.006609766534755295e+02
3.535859366535175923e+03 1.017653771066620436e+02
3.674661940736687939e+03 1.028940906951484493e+02
3.818913304781854094e+03 1.040251788990658213e+02
3.968827354637157896e+03 1.051295410054062529e+02
4.124626382901347824e+03 1.062576966769080684e+02
4.286541408420925109e+03 1.005365161211484377e+02
4.454812518844988517e+03 1.016467785056619562e+02
4.629689226627267999e+03 1.027812921918550444e+02
4.811430839003254732e+03 1.039248832127585160e+02
5.000306842491089810e+03 1.050346450771507563e+02
5.196597302486196895e+03 1.061681486336439946e+02
5.400593278542373810e+03 1.004573490859364142e+02
5.612597255954965476e+03 1.015725690667430570e+02
5.832923594286199659e+03 1.027120082867784703e+02
6.061898993497572519e+03 1.038645611173245982e+02
6.299862978380693676e+03 1.049789237144329661e+02
6.547168402004729614e+03 1.061170073114440981e+02
6.804181968927094204e+03 1.004136277676044955e+02
7.071284778942996127e+03 1.015331220993371346e+02
7.348872892180387680e+03 1.026768260436971048e+02
7.637357916378011396e+03 1.038355818554090035e+02
7.937167617217543011e+03 1.049539416270680050e+02
8.248746552614580651e+03 1.060960127291715196e+02
8.572556731909324299e+03 1.003977496077611704e+02
8.909078300934124854e+03 1.015209979156347373e+02
9.258810253973944782e+03 1.026684550741596382e+02
9.622271173675135287e+03 1.038312641440160604e+02
1.000000000000000000e+04 1.049531522545996154e+02
