1.000000000000000056e-01 1.087376536806953786e-01
1.039255682936712638e-01 8.442037385884459955e-02
1.080052374516252828e-01 8.350940620046640173e-02
1.122450568085306410e-01 8.297667209232503782e-02
1.166513131698196093e-01 7.800521010839051028e-02
1.212305401337652189e-01 6.944010597343641678e-02
1.259895277795027302e-01 6.973626939384262868e-02
1.309353327353610374e-01 5.875649230411590651e-02
1.360752886424333452e-01 4.963026785810449593e-02
1.414170170289023587e-01 5.320794066957165724e-02
1.469684386112446450e-01 4.502250465917134042e-02
1.527377850390713721e-01 4.551214424687707177e-02
1.587336111010209105e-01 4.090184004299082798e-02
1.649648074098020167e-01 3.460978601522440162e-02
1.714406135851970769e-01 3.491301597610167728e-02
1.781706319545730832e-01 3.733740570982514023e-02
1.851648417912155065e-01 3.143265152531250078e-02
1.924336141115980114e-01 3.152262455433840760e-02
1.999877270535286022e-01 2.638984860558357334e-02
2.078383818579757347e-01 2.630236469726794299e-02
2.159972194782718291e-01 2.613394649477031317e-02
2.244763378413223709e-01 2.437094378947773227e-02
2.332883097864157096e-01 2.404063533995946800e-02
2.424462017082328336e-01 2.227271671989128343e-02
2.519635929317015077e-01 2.184438984423813651e-02
2.618545958474232660e-01 2.012148257120030190e-02
2.721338768375307082e-01 1.849382128255286015e-02
2.828166780230032540e-01 1.697367020597513945e-02
2.939188398646885858e-01 1.857685684322231412e-02
3.054568246515431684e-01 1.700491383851821317e-02
3.174477409109192627e-01 1.555915233243464028e-02
3.299093687770939809e-01 1.423616125687736378e-02
3.428601863556585694e-01 1.554878835895515295e-02
3.563193971228584833e-01 1.421745755521893785e-02
3.703069584005140302e-01 1.300218647201389736e-02
3.848436109487430312e-01 1.419834151431263042e-02
3.999509097203664543e-01 1.297042895522177580e-02
4.156512558225988752e-01 1.183305660947936780e-02
4.319679297334173551e-01 1.287432561582512423e-02
4.489251258218605600e-01 1.101181399091783267e-02
4.665479882234472853e-01 9.959963957504912660e-03
4.848626481239080577e-01 1.070176105925701483e-02
5.038962625065149803e-01 1.076692361757242491e-02
5.236770544204653044e-01 1.075466821660961414e-02
5.442343548300266898e-01 1.003418687483611377e-02
5.655986461065004578e-01 1.108842719667493468e-02
5.878016072274911963e-01 1.078919252518197557e-02
6.108761607505036606e-01 1.170526215587761910e-02
6.348565216305216419e-01 1.184443248122534972e-02
6.597782479539537892e-01 1.418284719162663660e-02
6.856782936641739878e-01 1.407414392051503475e-02
7.125950633568408632e-01 1.555580214247747131e-02
7.405684692262436419e-01 1.701579904693129378e-02
7.696399902471157128e-01 2.074045580874379208e-02
7.998527336796710241e-01 2.222990254186436518e-02
8.312514989890629202e-01 2.656613656150613734e-02
8.638828442740447144e-01 3.147653931312774378e-02
8.977951553033320931e-01 3.488553140883862008e-02
9.330387172620362435e-01 4.594720791751311095e-02
9.696657893145520513e-01 5.353820784295174745e-02
1.007730682094461150e+00 5.866921413770497667e-02
1.047289838236358461e+00 7.683429994452835310e-02
1.088401916069005937e+00 8.442092045096126485e-02
1.131127876593921444e+00 1.112260133990293220e-01
1.175531073878369304e+00 1.309061170450623035e-01
1.221677348996791812e+00 1.461290650705443228e-01
1.269635127659973550e+00 1.550184812150298130e-01
1.319475521676706009e+00 1.864960184843104940e-01
1.371272434398400186e+00 1.894304788711506649e-01
1.425102670302997865e+00 2.059920440446549039e-01
1.481046048880674704e+00 2.258695434329081875e-01
1.539185522990205390e+00 2.218334602737748462e-01
1.599607301861486919e+00 2.470847734535241702e-01
1.662400978926611872e+00 2.463825720710509370e-01
1.727659664669035644e+00 2.473667107357759021e-01
1.795480124687831358e+00 2.220300078955300960e-01
1.865962923181746058e+00 2.256245021984239207e-01
1.939212572065829976e+00 2.048619444521944388e-01
2.015337685941732904e+00 1.869189494326040646e-01
2.094451143151469630e+00 2.045664640977635784e-01
2.176670253153459189e+00 1.881890054712557214e-01
2.262116930469025178e+00 1.737649308783103808e-01
2.350917875457286588e+00 1.708429428493842550e-01
2.443204762186487855e+00 1.586498024864094747e-01
2.539114433680346838e+00 1.312572228518625872e-01
2.638789104828933141e+00 1.300003473325948566e-01
2.742376573264949435e+00 1.214951989175557107e-01
2.850030438518106557e+00 1.207305942065468457e-01
2.961910329772553307e+00 1.005653335549623884e-01
3.078182142565078383e+00 1.001492466743359039e-01
3.199018284775064114e+00 9.981662451206940734e-02
3.324597932270939804e+00 9.376603685136425392e-02
3.455107294592218103e+00 8.309379134645025755e-02
3.590739891061053068e+00 7.807206641139237402e-02
3.731696837732751959e+00 7.784081534196592156e-02
3.878187145610721753e+00 7.759840410458128390e-02
4.030428030568050879e+00 6.466377409277711263e-02
4.188645235435270564e+00 6.432698883585094562e-02
4.353073364731890216e+00 6.390667916124517789e-02
4.523956232538053790e+00 5.969857582009428787e-02
4.701547224022132099e+00 5.909061549646201644e-02
4.886109671160325796e+00 5.494596071935869269e-02
5.077917243205400943e+00 5.405857712674641546e-02
5.277254352483537581e+00 4.991600510211126329e-02
5.484416576121017961e+00 4.870172187016891946e-02
5.699711094326075589e+00 5.006424689040661624e-02
5.923457145875802965e+00 5.423751122300987659e-02
6.155986501483507567e+00 4.865837257524269904e-02
6.397643955748426592e+00 5.457339775670193988e-02
6.648787838417263174e+00 6.022211902974299730e-02
6.909790545715641663e+00 7.787031299497527981e-02
7.181039092537348623e+00 9.237372099308492623e-02
7.462935686310133043e+00 1.425694344478421194e-01
7.755898323389001980e+00 2.663541420044615027e-01
8.060361408861341559e+00 4.238643861478709596e+01
8.376776400682915735e+00 5.074492992754815646e+01
8.705612479099860579e+00 5.525642909322804996e+01
9.047357242349292505e+00 6.552272727241282269e+01
9.402517429670131932e+00 7.519196344068988935e+01
9.771619672696177261e+00 8.353651237915214267e+01
1.015521127634568010e+01 9.520789217139120808e+01
1.055386103036522982e+01 1.048974057260231660e+02
1.096816005273137939e+01 1.116791415561285561e+02
1.139872266616051455e+01 1.291607190747407117e+02
1.184618730902683659e+01 1.357044777507976221e+02
1.231121748203889510e+01 1.457768257206062401e+02
1.279450273207873323e+01 1.597773853190430771e+02
1.329675967466211262e+01 1.785816940618988724e+02
1.381873305653632222e+01 1.917563486388729359e+02
1.436119685999078754e+01 1.973717739520272119e+02
1.492495545051828998e+01 1.947114567506233413e+02
1.551084476952840596e+01 2.071640070092286692e+02
1.611973357388157169e+01 2.106402404449479207e+02
1.675252472408215354e+01 2.172370822271387283e+02
1.741015652304015404e+01 2.138789336672379591e+02
1.809360410738716496e+01 2.131643621594767808e+02
1.880388089340914703e+01 2.148959450277560848e+02
1.954204007974053425e+01 1.944382960741154136e+02
2.030917620904734733e+01 2.123531300319664297e+02
2.110642679101554720e+01 1.957641868164107848e+02
2.193497398905057949e+01 1.932614201942707837e+02
2.279604637318979599e+01 1.923388620439409635e+02
2.369092074182632146e+01 1.816494637172027069e+02
2.462092401494625449e+01 1.728908999707098246e+02
2.558743520168586372e+01 1.756370070135913011e+02
2.659188744512693603e+01 1.594294359595793367e+02
2.763577014736157267e+01 1.638729312487691061e+02
2.872063117797828014e+01 1.503646835086566398e+02
2.984807916924324189e+01 1.471938610327144090e+02
3.101978590138096692e+01 1.363722671143329421e+02
3.223748878149029906e+01 1.346792702412363667e+02
3.350299341977229517e+01 1.335512901224402640e+02
3.481817630688966148e+01 1.329328960088556641e+02
3.618498759642746876e+01 1.250454574532959668e+02
3.760545399658171561e+01 1.252968936120837213e+02
3.908168177536263954e+01 1.259505359315879360e+02
4.061585988376979373e+01 1.196734999793761318e+02
4.221026320156898493e+01 1.139234715443848671e+02
4.386725591048498529e+01 1.154188047127543939e+02
4.558929499981059053e+01 1.105152611077412388e+02
4.737893390963144213e+01 1.124251839347667925e+02
4.923882631706736390e+01 1.146405053666374130e+02
5.117173007114605099e+01 1.039560742868013250e+02
5.318051128214197121e+01 1.063663559520986723e+02
5.526814857144603366e+01 1.027445148121432226e+02
5.743773748826581027e+01 1.054373095557799047e+02
5.969249509970733669e+01 1.021540558877016736e+02
6.203576476104268522e+01 1.051150880785693573e+02
6.447102107323868836e+01 1.021075408732128551e+02
6.700187503509583564e+01 1.053380283870526313e+02
6.963207939763883303e+01 1.025630689872749315e+02
7.236553422869657481e+01 1.060772449442140299e+02
7.520629269592407695e+01 1.035055666455746888e+02
7.815856707684091020e+01 1.011636684079470996e+02
8.122673500479712061e+01 1.049408432929117225e+02
8.441534596012985503e+01 1.027676634367959991e+02
8.772912801613355782e+01 1.068914865556699283e+02
9.117299484984921776e+01 1.048769054977198323e+02
9.475205302806537588e+01 1.030488863869091603e+02
9.847160957933773773e+01 1.141563843763736799e+02
1.023371798632519187e+02 1.123760129584496923e+02
1.063544957486011242e+02 1.107689702282465873e+02
1.105295141126021008e+02 1.159230565189634916e+02
1.148684256737553540e+02 1.144600565605600337e+02
1.193776641714435698e+02 1.131523039515356430e+02
1.240639159058831780e+02 1.119889039335984648e+02
1.289341296525714426e+02 1.176928818935476500e+02
1.339955269659338342e+02 1.238528699519741991e+02
1.392556128874462047e+02 1.229016730433557143e+02
1.447221870741134353e+02 1.220810920461911451e+02
1.504033553638023761e+02 1.213831230115144422e+02
1.563075417945815673e+02 1.281322438638776759e+02
1.624435010958865462e+02 1.275874452549031304e+02
1.688203316700362677e+02 1.350027750573295293e+02
1.754474890833459710e+02 1.346511954113230729e+02
1.823348000868440408e+02 1.344099764866871567e+02
1.894924771873821783e+02 1.342739648654526263e+02
1.969311337907421660e+02 1.342385487063770029e+02
2.046617999391989713e+02 1.342996241838529556e+02
2.126959386668689831e+02 1.344535633482406070e+02
2.210454629971021632e+02 1.346971407100188287e+02
2.297227536071151235e+02 1.350275713056837503e+02
2.387406771860646870e+02 1.354423762378212075e+02
2.481126055137767707e+02 1.443220880711522796e+02
2.578524352884273867e+02 1.449154856538168872e+02
2.679746087325689246e+02 1.455919704220381163e+02
2.784941350080644042e+02 1.463501700325313095e+02
2.894266124716749005e+02 1.471890311986471431e+02
3.007882518043098798e+02 1.481076831509382430e+02
3.125959000482278043e+02 1.491055506544847731e+02
3.248670655878374873e+02 1.501822804369437279e+02
3.376199441111336910e+02 1.606553876142262993e+02
3.508734455902711034e+02 1.619391160518426886e+02
3.646472223212745121e+02 1.633056442391435326e+02
3.789616980644715909e+02 1.647554070409167082e+02
3.938380983288489006e+02 1.662890948075094002e+02
4.092984818452438276e+02 1.582605862400661181e+02
4.253657732750387481e+02 1.597979818901329736e+02
4.420637972028529816e+02 1.614125006558549273e+02
4.594173134636476448e+02 1.631053514508926696e+02
4.774520538566126220e+02 1.648778722283190348e+02
4.961947603002902838e+02 1.770081966234539266e+02
5.156732244854963483e+02 1.686681640465901637e+02
5.359163290848514407e+02 1.608138758103349346e+02
5.569540905800130304e+02 1.627105844942593649e+02
5.788177037701274230e+02 1.748278290229165748e+02
6.015395880274832052e+02 1.769771378865366671e+02
6.251534353689711452e+02 1.792125880454381672e+02
6.496942604146117901e+02 1.711030945795155844e+02
6.751984523072501361e+02 1.733417115333251672e+02
7.017038286703822223e+02 1.755974584423490512e+02
7.292496916841444090e+02 1.779383061751834134e+02
7.578768863625922450e+02 1.803668634119824219e+02
7.876278611187054821e+02 1.724095321939857968e+02
8.185467307069020535e+02 1.747582662042679829e+02
8.506793416364153018e+02 1.771918911562452479e+02
8.840733401525062618e+02 1.797131970480452026e+02
9.187782428863330324e+02 1.823251643286872934e+02
9.548455102782293125e+02 1.743586725861061097e+02
9.923286228832545248e+02 1.768762923719833680e+02
1.031283160672184749e+03 1.794821600616681394e+02
1.071766885445503476e+03 1.934146958687373967e+02
1.113839826482618264e+03 1.849712992029123768e+02
1.157564369553303550e+03 1.769173533460822796e+02
1.203005349423324333e+03 1.796021328638831562e+02
1.250230145991456084e+03 1.936074400286314869e+02
1.299308784200414493e+03 1.852526794891796271e+02
1.350314037869872209e+03 1.772576539471648971e+02
1.403321537605484764e+03 1.911182792695429384e+02
1.458409882943986304e+03 1.941089333906277545e+02
1.515660758900601195e+03 1.858228273403266257e+02
1.575159057091621207e+03 1.778522103027608523e+02
1.636993001611701857e+03 1.918057710131777469e+02
1.701254279852589207e+03 1.948741983006881640e+02
1.768038178457205049e+03 1.866406060102120534e+02
1.837443724610724757e+03 1.896794924924626287e+02
1.909573832878096709e+03 1.927226597856348178e+02
1.984535457805803162e+03 1.958674377564836959e+02
2.062439752514092561e+03 1.876732870342818558e+02
2.143402233514854743e+03 1.907228355050038999e+02
2.227542951999556408e+03 1.938395645498867168e+02
2.314986671851160736e+03 1.970601088475851839e+02
2.405863054644066779e+03 1.888547699595647487e+02
2.500306851906321299e+03 1.919427430400086507e+02
2.598458104929247384e+03 1.951328218301522384e+02
2.700462352420682237e+03 1.870307663578667814e+02
2.806470846309838635e+03 1.901603415624066713e+02
2.916640776023700710e+03 1.933195741140442294e+02
3.031135501567576284e+03 1.965832683723181162e+02
3.150124795755327796e+03 1.884781727221266863e+02
3.273785095948577236e+03 1.916063441346035461e+02
3.402299765678064432e+03 1.948373317885494771e+02
3.535859366535175923e+03 1.981752707028830969e+02
3.674661940736687939e+03 1.899811539329029415e+02
3.818913304781854094e+03 1.931794080175764634e+02
3.968827354637157896e+03 1.964829637770578188e+02
4.124626382901347824e+03 1.884337847438610538e+02
4.286541408420925109e+03 1.915993377170853194e+02
4.454812518844988517e+03 1.948686056328089933e+02
4.629689226627267999e+03 1.982457808101207206e+02
4.811430839003254732e+03 1.900883622441306784e+02
5.000306842491089810e+03 1.933235047676309080e+02
5.196597302486196895e+03 1.966649487831371914e+02
5.400593278542373810e+03 1.886388821422758326e+02
5.612597255954965476e+03 1.918401728732126514e+02
5.832923594286199659e+03 1.951461312088443094e+02
6.061898993497572519e+03 1.985610897998533630e+02
6.299862978380693676e+03 1.904121079625098503e+02
6.547168402004729614e+03 1.936828725861869032e+02
6.804181968927094204e+03 1.970610566414433720e+02
7.071284778942996127e+03 1.890336821821826447e+02
7.348872892180387680e+03 1.922695896162715030e+02
7.637357916378011396e+03 1.956113328135811003e+02
7.937167617217543011e+03 1.990632443403110301e+02
8.248746552614580651e+03 1.909013688605178913e+02
8.572556731909324299e+03 1.942070678651251114e+02
8.909078300934124854e+03 1.976213285782702087e+02
9.258810253973944782e+03 1.895739785780679085e+02
9.622271173675135287e+03 1.928439904292212645e+02
1.000000000000000000e+04 1.962210430478033629e+02
