1.000000000000000056e-01 6.923241134223108711e-05
1.039255682936712638e-01 6.419095961815636129e-05
1.080052374516252828e-01 5.977618488284418730e-05
1.122450568085306410e-01 5.587781115951030947e-05
1.166513131698196093e-01 5.007280988540943920e-05
1.212305401337652189e-01 4.709708257633469277e-05
1.259895277795027302e-01 4.435555475572242978e-05
1.309353327353610374e-01 4.189185386972943490e-05
1.360752886424333452e-01 3.963793891848156484e-05
1.414170170289023587e-01 3.753397614724695848e-05
1.469684386112446450e-01 3.403661596858863268e-05
1.527377850390713721e-01 3.230851691192463044e-05
1.587336111010209105e-01 3.066298659285558780e-05
1.649648074098020167e-01 2.911089832338548743e-05
1.714406135851970769e-01 2.764305417997436274e-05
1.781706319545730832e-01 2.621364213398563750e-05
1.851648417912155065e-01 2.599675924174936890e-05
1.924336141115980114e-01 2.464804353783235134e-05
1.999877270535286022e-01 2.333687321166733283e-05
2.078383818579757347e-01 2.309302976240300216e-05
2.159972194782718291e-01 2.282716459134105161e-05
2.244763378413223709e-01 2.252871836771952251e-05
2.332883097864157096e-01 2.221338665568974759e-05
2.424462017082328336e-01 2.189133420802529277e-05
2.519635929317015077e-01 2.156161219069186997e-05
2.618545958474232660e-01 2.217818809353837119e-05
2.721338768375307082e-01 2.180195638048175038e-05
2.828166780230032540e-01 2.142885231682976636e-05
2.939188398646885858e-01 2.199627191198720680e-05
3.054568246515431684e-01 2.257763964159189451e-05
3.174477409109192627e-01 2.213622718928344113e-05
3.299093687770939809e-01 2.270417610427249300e-05
3.428601863556585694e-01 2.223541769396635223e-05
3.563193971228584833e-01 2.277374213842640351e-05
3.703069584005140302e-01 2.226865184231574120e-05
3.848436109487430312e-01 2.277261614070964842e-05
3.999509097203664543e-01 2.324009251733211772e-05
4.156512558225988752e-01 2.265452917632498247e-05
4.319679297334173551e-01 2.305724305894837811e-05
4.489251258218605600e-01 2.340471935696002804e-05
4.665479882234472853e-01 2.370691426964706029e-05
4.848626481239080577e-01 2.395529442383078156e-05
5.038962625065149803e-01 2.526258206981839331e-05
5.236770544204653044e-01 2.538542652687829181e-05
5.442343548300266898e-01 2.657876069418706584e-05
5.655986461065004578e-01 2.776084066621861259e-05
5.878016072274911963e-01 2.887729013117940448e-05
6.108761607505036606e-01 3.130450183999015386e-05
6.348565216305216419e-01 3.380867475036030713e-05
6.597782479539537892e-01 3.638441616482771966e-05
6.856782936641739878e-01 4.074821213377273000e-05
7.125950633568408632e-01 4.546399191228299105e-05
7.405684692262436419e-01 5.051623603951110652e-05
7.696399902471157128e-01 5.837851318747611876e-05
7.998527336796710241e-01 6.725273927579280349e-05
8.312514989890629202e-01 8.057992446502600396e-05
8.638828442740447144e-01 9.614467727556228610e-05
8.977951553033320931e-01 1.193974557253283736e-04
9.330387172620362435e-01 1.413722934658494007e-04
9.696657893145520513e-01 1.744847024137637960e-04
1.007730682094461150e+00 2.146880542336129230e-04
1.047289838236358461e+00 2.634958751470097482e-04
1.088401916069005937e+00 3.231954412945803302e-04
1.131127876593921444e+00 3.786831402272979735e-04
1.175531073878369304e+00 4.439142340013105216e-04
1.221677348996791812e+00 5.210181630875786434e-04
1.269635127659973550e+00 5.850786434949867320e-04
1.319475521676706009e+00 6.586357887472167084e-04
1.371272434398400186e+00 7.432327847211429124e-04
1.425102670302997865e+00 8.043081074841411599e-04
1.481046048880674704e+00 8.336593844114798023e-04
1.539185522990205390e+00 9.067231380352773398e-04
1.599607301861486919e+00 9.463782640150565596e-04
1.662400978926611872e+00 9.900557017788033567e-04
1.727659664669035644e+00 9.936720847161023204e-04
1.795480124687831358e+00 9.999217913451898671e-04
1.865962923181746058e+00 1.009047466647562501e-03
1.939212572065829976e+00 1.020979197274804982e-03
2.015337685941732904e+00 1.035607654735622076e-03
2.094451143151469630e+00 1.006003797390458672e-03
2.176670253153459189e+00 9.801159293419093536e-04
2.262116930469025178e+00 9.568873724801700955e-04
2.350917875457286588e+00 9.345953779025037563e-04
2.443204762186487855e+00 9.146586515016437002e-04
2.539114433680346838e+00 8.968640850862966618e-04
2.638789104828933141e+00 8.807890652716763961e-04
2.742376573264949435e+00 8.269225263415249522e-04
2.850030438518106557e+00 8.134292263044900747e-04
2.961910329772553307e+00 7.652483218892386276e-04
3.078182142565078383e+00 7.537167582265557383e-04
3.199018284775064114e+00 7.100255193654459200e-04
3.324597932270939804e+00 6.997147977936320901e-04
3.455107294592218103e+00 6.599290907543490939e-04
3.590739891061053068e+00 6.224561076419524988e-04
3.731696837732751959e+00 6.137108242818798982e-04
3.878187145610721753e+00 5.781826507643540811e-04
4.030428030568050879e+00 5.699588585907466431e-04
4.188645235435270564e+00 5.366391922964167420e-04
4.353073364731890216e+00 5.282838799274032363e-04
4.523956232538053790e+00 5.198659491346201795e-04
4.701547224022132099e+00 4.883452996778098578e-04
4.886109671160325796e+00 4.795230114226569111e-04
5.077917243205400943e+00 4.702568795638074808e-04
5.277254352483537581e+00 4.599823530907458792e-04
5.484416576121017961e+00 4.493179033642045344e-04
5.699711094326075589e+00 4.580054166705482062e-04
5.923457145875802965e+00 4.658724058821983355e-04
6.155986501483507567e+00 4.725409663077274913e-04
6.397643955748426592e+00 4.773386439484237753e-04
6.648787838417263174e+00 5.023207113411626247e-04
6.909790545715641663e+00 5.507373307016946891e-04
7.181039092537348623e+00 6.009729048340304745e-04
7.462935686310133043e+00 6.822958793725954381e-04
7.755898323389001980e+00 7.696254693724094475e-04
8.060361408861341559e+00 9.438109113704218432e-04
8.376776400682915735e+00 1.256093903840948926e-03
8.705612479099860579e+00 1.729617740858108285e-03
9.047357242349292505e+00 2.944622045175179174e-03
9.402517429670131932e+00 6.738504008104530263e-03
9.771619672696177261e+00 5.175708240383759817e-02
1.015521127634568010e+01 7.247091716586591126e-01
1.055386103036522982e+01 1.897757261295279774e+00
1.096816005273137939e+01 2.682441612858888824e+00
1.139872266616051455e+01 3.356122942583241286e+00
1.184618730902683659e+01 3.891395636335227781e+00
1.231121748203889510e+01 4.573476913219161943e+00
1.279450273207873323e+01 4.979840897974106007e+00
1.329675967466211262e+01 5.249763789740231168e+00
1.381873305653632222e+01 5.600021506474890387e+00
1.436119685999078754e+01 6.043556567060279328e+00
1.492495545051828998e+01 6.306403441507356433e+00
1.551084476952840596e+01 6.357914909927075087e+00
1.611973357388157169e+01 6.469717524930262975e+00
1.675252472408215354e+01 6.639717553423295726e+00
1.741015652304015404e+01 6.877955100104363950e+00
1.809360410738716496e+01 6.866816623516046825e+00
1.880388089340914703e+01 6.908983048464828691e+00
1.954204007974053425e+01 7.003005192517406385e+00
2.030917620904734733e+01 7.137972431486223179e+00
2.110642679101554720e+01 7.010799726629858064e+00
2.193497398905057949e+01 6.919642086136878589e+00
2.279604637318979599e+01 6.869208827426436237e+00
2.369092074182632146e+01 6.855875916928388492e+00
2.462092401494625449e+01 6.876994728193550621e+00
2.558743520168586372e+01 6.931306779484102343e+00
2.659188744512693603e+01 6.705830437895881957e+00
2.763577014736157267e+01 6.815857086908147622e+00
2.872063117797828014e+01 6.649870932613106689e+00
2.984807916924324189e+01 6.514762579163109635e+00
3.101978590138096692e+01 6.405781241218157618e+00
3.223748878149029906e+01 6.312577303015287633e+00
3.350299341977229517e+01 6.241442255984506637e+00
3.481817630688966148e+01 6.189935013947449605e+00
3.618498759642746876e+01 6.156163881354937750e+00
3.760545399658171561e+01 6.138708323853864890e+00
3.908168177536263954e+01 6.136426116879436066e+00
4.061585988376979373e+01 5.885323466430175898e+00
4.221026320156898493e+01 5.908723292756556056e+00
4.386725591048498529e+01 5.944310248001421826e+00
4.558929499981059053e+01 5.730830755678519850e+00
4.737893390963144213e+01 5.790004623805369732e+00
4.923882631706736390e+01 5.861287030706258783e+00
5.117173007114605099e+01 5.677285422561666017e+00
5.318051128214197121e+01 5.765286070090524184e+00
5.526814857144603366e+01 5.604647239608635978e+00
5.743773748826581027e+01 5.707897414498077637e+00
5.969249509970733669e+01 5.566332576762467177e+00
6.203576476104268522e+01 5.684184363202201773e+00
6.447102107323868836e+01 5.815081856501357116e+00
6.700187503509583564e+01 5.690987581369292059e+00
6.963207939763883303e+01 5.837337867056826113e+00
7.236553422869657481e+01 5.726487998871387930e+00
7.520629269592407695e+01 5.887095855258785981e+00
7.815856707684091020e+01 5.789934342525767441e+00
8.122673500479712061e+01 5.700428667450830211e+00
8.441534596012985503e+01 5.880084190639919051e+00
8.772912801613355782e+01 5.801657242323424057e+00
9.117299484984921776e+01 5.990672493330815307e+00
9.475205302806537588e+01 5.925791945649329762e+00
9.847160957933773773e+01 6.129118096070238941e+00
1.023371798632519187e+02 6.072343072219568150e+00
1.063544957486011242e+02 6.021938599729079300e+00
1.105295141126021008e+02 6.248643717816189991e+00
1.148684256737553540e+02 6.205848627378613536e+00
1.193776641714435698e+02 6.168693083793478138e+00
1.240639159058831780e+02 6.421545926469536703e+00
1.289341296525714426e+02 6.392910862485305046e+00
1.339955269659338342e+02 6.368390877357904323e+00
1.392556128874462047e+02 6.634089085867554303e+00
1.447221870741134353e+02 6.618740681194642761e+00
1.504033553638023761e+02 6.607760101415593113e+00
1.563075417945815673e+02 6.600938742370125567e+00
1.624435010958865462e+02 6.900650587702143568e+00
1.688203316700362677e+02 6.901527381985196996e+00
1.754474890833459710e+02 6.906410549700163770e+00
1.823348000868440408e+02 6.915153044204296329e+00
1.894924771873821783e+02 6.927623740551773324e+00
1.969311337907421660e+02 6.943706410063438916e+00
2.046617999391989713e+02 6.963298533941406632e+00
2.126959386668689831e+02 6.986310251804401794e+00
2.210454629971021632e+02 7.012154567590382470e+00
2.297227536071151235e+02 7.354454576298955715e+00
2.387406771860646870e+02 7.387290761390352678e+00
2.481126055137767707e+02 7.423304224690603803e+00
2.578524352884273867e+02 7.462455444055487774e+00
2.679746087325689246e+02 7.504711896408770677e+00
2.784941350080644042e+02 7.550048848582372685e+00
2.894266124716749005e+02 7.598449072204089383e+00
3.007882518043098798e+02 7.649902537031025851e+00
3.125959000482278043e+02 7.700654754436618177e+00
3.248670655878374873e+02 7.412846588327904662e+00
3.376199441111336910e+02 7.468279677615004886e+00
3.508734455902711034e+02 7.526501298590195788e+00
3.646472223212745121e+02 7.587528848922203473e+00
3.789616980644715909e+02 7.651385010571353007e+00
3.938380983288489006e+02 7.713231589322107951e+00
4.092984818452438276e+02 7.777145064023649468e+00
4.253657732750387481e+02 7.843696025089988311e+00
4.420637972028529816e+02 7.912918383546651668e+00
4.594173134636476448e+02 7.984850254542338099e+00
4.774520538566126220e+02 8.059534071232070218e+00
4.961947603002902838e+02 7.784331832444111754e+00
5.156732244854963483e+02 7.857851281051496883e+00
5.359163290848514407e+02 7.933991622063190974e+00
5.569540905800130304e+02 8.012804301649293137e+00
5.788177037701274230e+02 8.094344676122632976e+00
6.015395880274832052e+02 8.178672163792963801e+00
6.251534353689711452e+02 7.902492048070516084e+00
6.496942604146117901e+02 7.984871461249339220e+00
6.751984523072501361e+02 8.069939328982773219e+00
7.017038286703822223e+02 8.157761505611022201e+00
7.292496916841444090e+02 8.248407685999080030e+00
7.578768863625922450e+02 7.972288856300226101e+00
7.876278611187054821e+02 8.060494922862718070e+00
8.185467307069020535e+02 8.151444487117192494e+00
8.506793416364153018e+02 8.245212442272853437e+00
8.840733401525062618e+02 8.341877564771063902e+00
9.187782428863330324e+02 8.063450661420842991e+00
9.548455102782293125e+02 8.157257389633858935e+00
9.923286228832545248e+02 8.253892554488954758e+00
1.031283160672184749e+03 8.353439340474242414e+00
1.071766885445503476e+03 8.449051401895054880e+00
1.113839826482618264e+03 8.173266457760234971e+00
1.157564369553303550e+03 8.272582371252010347e+00
1.203005349423324333e+03 8.374478978859277944e+00
1.250230145991456084e+03 8.471216646219746238e+00
1.299308784200414493e+03 8.197939308528146896e+00
1.350314037869872209e+03 8.299800501894566196e+00
1.403321537605484764e+03 8.401869049938822442e+00
1.458409882943986304e+03 8.500982425307043400e+00
1.515660758900601195e+03 8.230050951242118273e+00
1.575159057091621207e+03 8.334360651847935841e+00
1.636993001611701857e+03 8.435914012979406351e+00
1.701254279852589207e+03 8.537319142204877309e+00
1.768038178457205049e+03 8.268614645394064766e+00
1.837443724610724757e+03 8.374910924071953033e+00
1.909573832878096709e+03 8.475753949622786720e+00
1.984535457805803162e+03 8.579392502815785804e+00
2.062439752514092561e+03 8.312830267727534306e+00
2.143402233514854743e+03 8.417697237394513365e+00
2.227542951999556408e+03 8.520688704757887422e+00
2.314986671851160736e+03 8.253776218776181395e+00
2.405863054644066779e+03 8.362045213609404115e+00
2.500306851906321299e+03 8.465031577085895265e+00
2.598458104929247384e+03 8.570145148043282646e+00
2.700462352420682237e+03 8.305213979652613432e+00
2.806470846309838635e+03 8.412060148968471651e+00
2.916640776023700710e+03 8.516429582309227087e+00
3.031135501567576284e+03 8.623652088812756134e+00
3.150124795755327796e+03 8.360679440709626320e+00
3.273785095948577236e+03 8.465070542103665829e+00
3.402299765678064432e+03 8.571491890563375904e+00
3.535859366535175923e+03 8.307955077952927425e+00
3.674661940736687939e+03 8.415804646951016821e+00
3.818913304781854094e+03 8.521411720868160344e+00
3.968827354637157896e+03 8.629888334496373048e+00
4.124626382901347824e+03 8.368227898575295143e+00
4.286541408420925109e+03 8.473187076789226779e+00
4.454812518844988517e+03 8.580802847987801130e+00
4.629689226627267999e+03 8.691345533680413737e+00
4.811430839003254732e+03 8.426623093999202396e+00
5.000306842491089810e+03 8.533372223954486913e+00
5.196597302486196895e+03 8.643011245117417474e+00
5.400593278542373810e+03 8.381550261561574899e+00
5.612597255954965476e+03 8.487429169698256004e+00
5.832923594286199659e+03 8.596161938666449842e+00
6.061898993497572519e+03 8.707844141979835584e+00
6.299862978380693676e+03 8.442827802720758612e+00
6.547168402004729614e+03 8.550653515298877849e+00
6.804181968927094204e+03 8.661392246317058508e+00
7.071284778942996127e+03 8.399440635119985288e+00
7.348872892180387680e+03 8.506359978921738119e+00
7.637357916378011396e+03 8.616156766251235055e+00
7.937167617217543011e+03 8.355993901537182467e+00
8.248746552614580651e+03 8.463171003186602093e+00
8.572556731909324299e+03 8.572028546158220408e+00
8.909078300934124854e+03 8.683824283691484069e+00
9.258810253973944782e+03 8.420989745251553416e+00
9.622271173675135287e+03 8.528911782395857344e+00
1.000000000000000000e+04 8.639736605735956587e+00
