1.000000000000000056e-01 1.088742678605080366e-01
1.059560179277615893e-01 9.328541157976552589e-02
1.122667773510813566e-01 8.709723337661295917e-02
1.189534067370319470e-01 7.611379716042908361e-02
1.260382929679727537e-01 6.705564909727164402e-02
1.335451562929898806e-01 5.940851898732042030e-02
1.414991297434576023e-01 5.688910582420374923e-02
1.499268432786045602e-01 5.064477620448462614e-02
1.588565129428052836e-01 4.512146278347668737e-02
1.683180353330956669e-01 4.014394870229208434e-02
1.783430876931909326e-01 3.834686558474516976e-02
1.889652339691209604e-01 3.381976215294438259e-02
2.002200371815584523e-01 3.193704012612191834e-02
2.121451784910629856e-01 2.779200866114257817e-02
2.247805833548725263e-01 2.586100801488262074e-02
2.381685551976158166e-01 2.383741152631682625e-02
2.523539170434765944e-01 2.183509668477355212e-02
2.673841615839946395e-01 2.141072307707532485e-02
2.833096101839324144e-01 1.940817949353108168e-02
3.001835813575589040e-01 1.889752910274138109e-02
3.180625692794120107e-01 1.704513721627668593e-02
3.370064329271929005e-01 1.653545046522850864e-02
3.570785964900463627e-01 1.490216010537643090e-02
3.783462617131930217e-01 1.343066884852764376e-02
4.008806328898465443e-01 1.301837992297379121e-02
4.247571552536899553e-01 1.258598575742912729e-02
4.500557675700498916e-01 1.122738609008928044e-02
4.768611697714470465e-01 1.067866433639205054e-02
5.052631065335680960e-01 1.079493657915462680e-02
5.353566677410726005e-01 1.073050799525397149e-02
5.672426068491979168e-01 1.046267756036022359e-02
6.010276782070382851e-01 1.157596974230646822e-02
6.368249944718588074e-01 1.252896572317267407e-02
6.747544053110694495e-01 1.427235787950681921e-02
7.149428986597579083e-01 1.588665656192761455e-02
7.575250258771913936e-01 1.859525362912553895e-02
8.026433522257175879e-01 2.290264900769473783e-02
8.504489341802679014e-01 2.759000695293186908e-02
9.011018251665020573e-01 3.519936440892916518e-02
9.547716114208059102e-01 4.772535902775380118e-02
1.011637979766207618e+00 6.433368502675104739e-02
1.071891319205128035e+00 8.682372575591890129e-02
1.135733358343105737e+00 1.095296440644802916e-01
1.203377840777589913e+00 1.400522797609608794e-01
1.275051240713013456e+00 1.690887376996426106e-01
1.350993521198027292e+00 2.079490585009252379e-01
1.431458937523479191e+00 2.249548495328320408e-01
1.516716888470923230e+00 2.480124230709774835e-01
1.607052818261639260e+00 2.585864193662119614e-01
1.702769172225900407e+00 2.545701075826604654e-01
1.804186409392072754e+00 2.363597375227277364e-01
1.911644075385702690e+00 2.223068747856841720e-01
2.025501939230667681e+00 2.115456456277209074e-01
2.146141197858404848e+00 1.887765726021400359e-01
2.273965752357928860e+00 1.699727658638459926e-01
2.409403560239525621e+00 1.540953883027381399e-01
2.552908068239517991e+00 1.405786345298332130e-01
2.704959730463135870e+00 1.288830871941144540e-01
2.866067616948251739e+00 1.185754936286576994e-01
3.036771118035459072e+00 1.014970360748656680e-01
3.217641750250737065e+00 9.379910009373344792e-02
3.409285069746812891e+00 8.683099219741426122e-02
3.612342699709432114e+00 8.028831371242094173e-02
3.827494478516312970e+00 6.891923687871490123e-02
4.055460735840830111e+00 6.365889930802134944e-02
4.297004704320841917e+00 5.860190304399979372e-02
4.552935074866949705e+00 5.788590081741899762e-02
4.824108704165371186e+00 5.282540305492092886e-02
5.111433483440167791e+00 5.153456784070057500e-02
5.415871378079473608e+00 4.981310483865808436e-02
5.738441648302395670e+00 4.758951479933431344e-02
6.080224261649424200e+00 4.799010106418169497e-02
6.442363508721373755e+00 5.451930384887156839e-02
6.826071834272389616e+00 6.424061168152743473e-02
7.232633896483537050e+00 9.618475324961867079e-02
7.663410868007458632e+00 2.063890014982673327e-01
8.119844993184013759e+00 4.182819664079742239e+01
8.603464416684504457e+00 5.375799356021667563e+01
9.115888299750823265e+00 6.314426610105505233e+01
9.658832241158703980e+00 7.875286750946827397e+01
1.023411402105453760e+01 8.981937875541142091e+01
1.084365968689610860e+01 1.085123774043313887e+02
1.148951000187309823e+01 1.285760897204690139e+02
1.217382727739662052e+01 1.487705797378604586e+02
1.289890261253309411e+01 1.676343038929951490e+02
1.366716356462007376e+01 1.833541739414276606e+02
1.448118227674534531e+01 1.940843700006690540e+02
1.534368408930013139e+01 2.129963774089207789e+02
1.625755666443794922e+01 2.085525470154891536e+02
1.722585965398787522e+01 2.107400002805374868e+02
1.825183494319044186e+01 2.190179161882542758e+02
1.933891750455232028e+01 2.011917353878496044e+02
2.049074689815848060e+01 2.036594864086180792e+02
2.171117945694505380e+01 1.956006738129694895e+02
2.300430119772919113e+01 1.775277083721244082e+02
2.437444150122221842e+01 1.764676747538564143e+02
2.582618760682677461e+01 1.651693639495653088e+02
2.736439997074672092e+01 1.568937054971341070e+02
2.899422853882878215e+01 1.507249724906167216e+02
3.072112998861759081e+01 1.360332942486516856e+02
3.255088599835060137e+01 1.335070694834014375e+02
3.448962260405759395e+01 1.322159444625793014e+02
3.654383070957258184e+01 1.225170462931315427e+02
3.872038781812557318e+01 1.144453675776313588e+02
4.102658105827194390e+01 1.158305854811668354e+02
4.347013158125026422e+01 1.094834317645730124e+02
4.605922041145108636e+01 1.040949690734552746e+02
4.880251583654433745e+01 1.070378681739958751e+02
5.170920242896760755e+01 1.025866144007838159e+02
5.478901179593945159e+01 9.875798036594270002e+01
5.805225516094901650e+01 9.545567991601528490e+01
6.150985788580504021e+01 9.948137394593487670e+01
6.517339604882427295e+01 9.673172092548885814e+01
6.905513520162330110e+01 9.425347915705626178e+01
7.316807143427199378e+01 9.910441690327053266e+01
7.752597488629464806e+01 9.713428393923932447e+01
8.214343584919430441e+01 9.544109272940943356e+01
8.703591361485165123e+01 1.010788016738363950e+02
9.221978823334330855e+01 9.978621382370556603e+01
9.771241535346501905e+01 9.876891945743770407e+01
1.035321843295662632e+02 1.055059099658818837e+02
1.096985797892384085e+02 1.048882314183803288e+02
1.162322468679852960e+02 1.045322743614475058e+02
1.231550603292826196e+02 1.123343157443437974e+02
1.304901978014403028e+02 1.124514932754985637e+02
1.382622173764656281e+02 1.128168508456080730e+02
1.464971398307286279e+02 1.134246359862902978e+02
1.552225357427047925e+02 1.229697793044211807e+02
1.644676177994664386e+02 1.240981561056493803e+02
1.742633386009650849e+02 1.254797663648533472e+02
1.846424942895544348e+02 1.271172526053882592e+02
1.956398343517064689e+02 1.290150958878752476e+02
2.072921779595371845e+02 1.311041725296691425e+02
2.196385372416546886e+02 1.333730862899702174e+02
2.327202478960409735e+02 1.359044538530788202e+02
2.465811075822603868e+02 1.387096963599396418e+02
2.612675225563328922e+02 1.418026183564515463e+02
2.768286630392066741e+02 1.451159103863525104e+02
2.933166278390045250e+02 1.485746988756605163e+02
3.107866187782013867e+02 1.523450230563076673e+02
3.292971255097151584e+02 1.453485863773734081e+02
3.489101213406773923e+02 1.492574500221690244e+02
3.696912707195028247e+02 1.534932907529544082e+02
3.917101490809260440e+02 1.580809789538870405e+02
4.150404757850476472e+02 1.627957145112592343e+02
4.397603609302720997e+02 1.558761159036111792e+02
4.659525668664682030e+02 1.608455044108011407e+02
4.937047852839003781e+02 1.659502950761306010e+02
5.231099308056263908e+02 1.593576752128261091e+02
5.542664520663107623e+02 1.645607466429888461e+02
5.872786613189482523e+02 1.701673121725465592e+02
6.222570836730230894e+02 1.635510292672846901e+02
6.593188271333548300e+02 1.692528154756293475e+02
6.985879746785249154e+02 1.753991865134019008e+02
7.401959996915644524e+02 1.686565743201177554e+02
7.842822061337682271e+02 1.749009340857710697e+02
8.309941949353395785e+02 1.683327884012279299e+02
8.804883581643464368e+02 1.746749065828033736e+02
9.329304026284686415e+02 1.811644767790930359e+02
9.884959046625585870e+02 1.746849906495609730e+02
1.047370897959450758e+03 1.812721902178790572e+02
1.109752496412072105e+03 1.749015920657409708e+02
1.175849554052158055e+03 1.815740178252338524e+02
1.245883364295008050e+03 1.753003508520326079e+02
1.320088400831419449e+03 1.820475679483492684e+02
1.398713102647238657e+03 1.758610424031044204e+02
1.482020705798860035e+03 1.826742545389286647e+02
1.570290124729377567e+03 1.765552758341226536e+02
1.663816886076130686e+03 1.834385480844451024e+02
1.762914118095947970e+03 1.773347072810255440e+02
1.867913599020784659e+03 1.843273416067056019e+02
1.979166867853557278e+03 1.782246276611909082e+02
2.097046401323234932e+03 1.853296437502634433e+02
2.221946860939523958e+03 1.792155653068047911e+02
2.354286414322420114e+03 1.864360808041903965e+02
2.494508135230316384e+03 1.802994723291227217e+02
2.643081486974108429e+03 1.876387281796718298e+02
2.800503894183631019e+03 1.814695096440322573e+02
2.967302408188872505e+03 1.889308310391994041e+02
3.144035471591500027e+03 1.827198452132078046e+02
3.331294787934677061e+03 1.903066679592953108e+02
3.529707302730650099e+03 1.840455090020113857e+02
3.739937302478801485e+03 1.917613196346376014e+02
3.962688638701478339e+03 1.854422643727212119e+02
4.198707084443914027e+03 1.932906249466523434e+02
4.448782831127585268e+03 1.869064833255612825e+02
4.713753134116728688e+03 1.948909953851954526e+02
4.994505115855139593e+03 1.884349967724002681e+02
5.291978735958447032e+03 1.823682464877214215e+02
5.607169938205458493e+03 1.900254909805852890e+02
5.941133984965039417e+03 1.838843185456049696e+02
6.294988990221887434e+03 1.916754819954878144e+02
6.669919663030128504e+03 1.854546431297221432e+02
7.067181273927491020e+03 1.933832176162225664e+02
7.488103857590030202e+03 1.870776263922423084e+02
7.934096665797492278e+03 1.951471747762159623e+02
8.406652885618334039e+03 1.887519455246985558e+02
8.907354638610438997e+03 1.968496825238361509e+02
9.437878277775391325e+03 1.904765485137584164e+02
1.000000000000000000e+04 1.843697528614086707e+02
