1.000000000000000056e-01 nan
1.039255682936712638e-01 nan
1.080052374516252828e-01 nan
1.122450568085306410e-01 nan
1.166513131698196093e-01 nan
1.212305401337652189e-01 nan
1.259895277795027302e-01 nan
1.309353327353610374e-01 nan
1.360752886424333452e-01 3.329397543332041298e+00
1.414170170289023587e-01 2.496206872352419559e+00
1.469684386112446450e-01 2.222939777923566229e+00
1.527377850390713721e-01 1.968530195516835946e+00
1.587336111010209105e-01 1.735344621328258619e+00
1.649648074098020167e-01 1.522441145512196448e+00
1.714406135851970769e-01 1.451489648575013724e+00
1.781706319545730832e-01 1.376184482115217600e+00
1.851648417912155065e-01 1.419432491595245205e+00
1.924336141115980114e-01 1.327427024789572974e+00
1.999877270535286022e-01 1.348338392729448998e+00
2.078383818579757347e-01 1.360283764648896554e+00
2.159972194782718291e-01 1.362907250475955623e+00
2.244763378413223709e-01 1.356330059205060889e+00
2.332883097864157096e-01 1.466507766117969958e+00
2.424462017082328336e-01 1.579103117619674368e+00
2.519635929317015077e-01 1.694759654538373850e+00
2.618545958474232660e-01 1.982512806277603179e+00
2.721338768375307082e-01 2.530739096108440389e+00
2.828166780230032540e-01 2.954965818145314671e+00
2.939188398646885858e-01 1.978229713234550218e+04
3.054568246515431684e-01 1.959727581857638870e+04
3.174477409109192627e-01 2.004735506692323543e+04
3.299093687770939809e-01 2.123400132853047035e+04
3.428601863556585694e-01 2.129592985041067368e+04
3.563193971228584833e-01 2.217736977736248809e+04
3.703069584005140302e-01 7.670197510116790740e-01
3.848436109487430312e-01 5.048610872733549915e-01
3.999509097203664543e-01 3.586821736984720510e-01
4.156512558225988752e-01 3.015676918539507145e-01
4.319679297334173551e-01 2.510669149926449961e-01
4.489251258218605600e-01 2.068050943993000323e-01
4.665479882234472853e-01 1.840541735339485674e-01
4.848626481239080577e-01 1.765136387274447161e-01
5.038962625065149803e-01 1.667384396739514385e-01
5.236770544204653044e-01 1.545571031398276507e-01
5.442343548300266898e-01 1.536294203760127930e-01
5.655986461065004578e-01 1.494721813863290616e-01
5.878016072274911963e-01 1.559218731766121302e-01
6.108761607505036606e-01 1.591191750110366732e-01
6.348565216305216419e-01 1.588622954111766628e-01
6.597782479539537892e-01 1.699533244242659447e-01
6.856782936641739878e-01 1.778331938897390052e-01
7.125950633568408632e-01 1.989161396145203153e-01
7.405684692262436419e-01 2.169738680813198539e-01
7.696399902471157128e-01 2.521738901597541660e-01
7.998527336796710241e-01 3.119596319656549599e-01
8.312514989890629202e-01 4.096191833448843411e-01
8.638828442740447144e-01 5.697887531612769729e-01
8.977951553033320931e-01 9.993554347225755974e-01
9.330387172620362435e-01 2.271217649209623346e+02
9.696657893145520513e-01 2.194792855339176185e+02
1.007730682094461150e+00 2.267651619438483124e+02
1.047289838236358461e+00 2.265754864515366478e+02
1.088401916069005937e+00 2.171129245870969271e+02
1.131127876593921444e+00 2.371958022588002279e+02
1.175531073878369304e+00 2.458498199098215480e+02
1.221677348996791812e+00 2.405154605993188852e+02
1.269635127659973550e+00 2.652607173138338226e+02
1.319475521676706009e+00 2.741206205037885297e+02
1.371272434398400186e+00 2.901598604880654761e+02
1.425102670302997865e+00 2.867000706451792666e+02
1.481046048880674704e+00 3.159325552913463184e+02
1.539185522990205390e+00 3.540769747443005713e+02
1.599607301861486919e+00 3.682507880729023100e+02
1.662400978926611872e+00 4.252174827646979338e+02
1.727659664669035644e+00 4.542019108084932668e+02
1.795480124687831358e+00 5.359646422294833883e+02
1.865962923181746058e+00 6.385192477530044926e+02
1.939212572065829976e+00 8.377089021951086352e+02
2.015337685941732904e+00 1.205263897966896593e+03
2.094451143151469630e+00 2.258326297130046896e+03
2.176670253153459189e+00 3.526043826677155266e+03
2.262116930469025178e+00 4.627624967777052916e+03
2.350917875457286588e+00 5.599662326351128286e+03
2.443204762186487855e+00 6.847173777018577312e+03
2.539114433680346838e+00 7.746921476471196911e+03
2.638789104828933141e+00 8.862750128522327941e+03
2.742376573264949435e+00 9.371481049951857131e+03
2.850030438518106557e+00 1.095230614848404184e+04
2.961910329772553307e+00 1.295660220408372697e+04
3.078182142565078383e+00 1.416931438708052701e+04
3.199018284775064114e+00 1.712455644515009044e+04
3.324597932270939804e+00 2.094226545396734218e+04
3.455107294592218103e+00 2.589311711889941216e+04
3.590739891061053068e+00 3.540253184091889852e+04
3.731696837732751959e+00 5.327180707388334849e+04
3.878187145610721753e+00 1.369103957326531236e+05
4.030428030568050879e+00 1.537775763248469429e+00
4.188645235435270564e+00 9.450919855471275888e-01
4.353073364731890216e+00 7.484812696802163323e-01
4.523956232538053790e+00 6.422553728258968420e-01
4.701547224022132099e+00 5.977894790988743656e-01
4.886109671160325796e+00 5.515403313831810372e-01
5.077917243205400943e+00 5.037107257010048356e-01
5.277254352483537581e+00 4.552476298143927624e-01
5.484416576121017961e+00 4.445312209314390417e-01
5.699711094326075589e+00 4.268783705287610419e-01
5.923457145875802965e+00 4.395460738246916854e-01
6.155986501483507567e+00 4.401280009453648612e-01
6.397643955748426592e+00 5.062776481141926244e-01
6.648787838417263174e+00 6.022166460782037989e-01
6.909790545715641663e+00 9.443211485184602738e-01
7.181039092537348623e+00 2.176632824957103480e+02
7.462935686310133043e+00 2.029412845764802853e+02
7.755898323389001980e+00 1.936348861992389914e+02
8.060361408861341559e+00 2.764260359473902326e+02
8.376776400682915735e+00 3.785925553894298901e+02
8.705612479099860579e+00 4.009523980566263504e+02
9.047357242349292505e+00 5.684451552431775099e+02
9.402517429670131932e+00 nan
9.771619672696177261e+00 nan
1.015521127634568010e+01 nan
1.055386103036522982e+01 nan
1.096816005273137939e+01 7.345977862476851442e+04
1.139872266616051455e+01 5.012305068781659065e+04
1.184618730902683659e+01 4.299457078283996088e+04
1.231121748203889510e+01 3.861099505533353658e+04
1.279450273207873323e+01 3.617291377120161633e+04
1.329675967466211262e+01 3.221360140816710555e+04
1.381873305653632222e+01 3.258847800250328146e+04
1.436119685999078754e+01 3.416033882352295041e+04
1.492495545051828998e+01 3.368254886004374566e+04
1.551084476952840596e+01 2.897565560449535769e+04
1.611973357388157169e+01 2.753126655172909886e+04
1.675252472408215354e+01 2.679742846483022731e+04
1.741015652304015404e+01 2.668292970260708171e+04
1.809360410738716496e+01 2.715127934292344798e+04
1.880388089340914703e+01 2.575141320918594647e+04
1.954204007974053425e+01 2.726087039801879655e+04
2.030917620904734733e+01 2.682267909532029444e+04
2.110642679101554720e+01 2.684615345980674829e+04
2.193497398905057949e+01 2.731776768316787638e+04
2.279604637318979599e+01 2.578037177991646240e+04
2.369092074182632146e+01 2.702570022899234027e+04
2.462092401494625449e+01 2.625512480457917991e+04
2.558743520168586372e+01 2.828785856830221383e+04
2.659188744512693603e+01 2.822333621630944617e+04
2.763577014736157267e+01 2.852197907630981717e+04
2.872063117797828014e+01 2.918595572259611799e+04
2.984807916924324189e+01 3.023152316662409430e+04
3.101978590138096692e+01 3.168703063637026207e+04
3.223748878149029906e+01 3.071532560509128234e+04
3.350299341977229517e+01 3.014598195315111298e+04
3.481817630688966148e+01 3.273341500422873287e+04
3.618498759642746876e+01 3.286631113927884871e+04
3.760545399658171561e+01 3.338826101180740079e+04
3.908168177536263954e+01 1.212477973495634615e+03
4.061585988376979373e+01 9.643723989534687462e+02
4.221026320156898493e+01 9.180440978263970919e+02
4.386725591048498529e+01 7.991205355489106523e+02
4.558929499981059053e+01 7.619653002497972238e+02
4.737893390963144213e+01 7.274450486036055281e+02
4.923882631706736390e+01 6.351293463610654726e+02
5.117173007114605099e+01 6.074556039233989395e+02
5.318051128214197121e+01 5.814005092806313542e+02
5.526814857144603366e+01 6.094522890232144618e+02
5.743773748826581027e+01 5.840830077541212404e+02
5.969249509970733669e+01 5.601743714336303128e+02
6.203576476104268522e+01 5.376520581725035299e+02
6.447102107323868836e+01 5.650852788301846203e+02
6.700187503509583564e+01 5.428412089321043368e+02
6.963207939763883303e+01 5.217708217542393641e+02
7.236553422869657481e+01 5.494220598778094882e+02
7.520629269592407695e+01 5.286137193080156749e+02
7.815856707684091020e+01 5.573728538931875391e+02
8.122673500479712061e+01 5.370737487396950200e+02
8.441534596012985503e+01 5.670460165922363558e+02
8.772912801613355782e+01 5.474417605767197301e+02
9.117299484984921776e+01 5.788051450352954816e+02
9.475205302806537588e+01 5.597748126372141542e+02
9.847160957933773773e+01 5.930974976010728597e+02
1.023371798632519187e+02 5.747548859570247259e+02
1.063544957486011242e+02 6.100921542917158149e+02
1.105295141126021008e+02 6.485547286459119505e+02
1.148684256737553540e+02 6.303741129963342473e+02
1.193776641714435698e+02 6.713939037225527500e+02
1.240639159058831780e+02 7.162308846133021234e+02
1.289341296525714426e+02 6.984442254906078915e+02
1.339955269659338342e+02 7.463456398968100984e+02
1.392556128874462047e+02 7.987060887053486340e+02
1.447221870741134353e+02 7.819366295562884943e+02
1.504033553638023761e+02 8.381526392128623684e+02
1.563075417945815673e+02 8.995143078185852801e+02
1.624435010958865462e+02 8.834774112292873269e+02
1.688203316700362677e+02 9.500309003390227645e+02
1.754474890833459710e+02 1.022609593535559839e+03
1.823348000868440408e+02 1.101126047663874715e+03
1.894924771873821783e+02 1.297059538793100501e+03
1.969311337907421660e+02 1.527134743058772756e+03
2.046617999391989713e+02 nan
2.126959386668689831e+02 nan
2.210454629971021632e+02 nan
2.297227536071151235e+02 nan
2.387406771860646870e+02 nan
2.481126055137767707e+02 nan
2.578524352884273867e+02 nan
2.679746087325689246e+02 nan
2.784941350080644042e+02 nan
2.894266124716749005e+02 nan
3.007882518043098798e+02 nan
3.125959000482278043e+02 nan
3.248670655878374873e+02 nan
3.376199441111336910e+02 nan
3.508734455902711034e+02 nan
3.646472223212745121e+02 nan
3.789616980644715909e+02 nan
3.938380983288489006e+02 nan
4.092984818452438276e+02 nan
4.253657732750387481e+02 nan
4.420637972028529816e+02 nan
4.594173134636476448e+02 nan
4.774520538566126220e+02 nan
4.961947603002902838e+02 nan
5.156732244854963483e+02 nan
5.359163290848514407e+02 nan
5.569540905800130304e+02 nan
5.788177037701274230e+02 nan
6.015395880274832052e+02 nan
6.251534353689711452e+02 nan
6.496942604146117901e+02 nan
6.751984523072501361e+02 nan
7.017038286703822223e+02 nan
7.292496916841444090e+02 nan
7.578768863625922450e+02 nan
7.876278611187054821e+02 nan
8.185467307069020535e+02 nan
8.506793416364153018e+02 nan
8.840733401525062618e+02 nan
9.187782428863330324e+02 nan
9.548455102782293125e+02 nan
9.923286228832545248e+02 nan
1.031283160672184749e+03 nan
1.071766885445503476e+03 nan
1.113839826482618264e+03 nan
1.157564369553303550e+03 nan
1.203005349423324333e+03 nan
1.250230145991456084e+03 nan
1.299308784200414493e+03 nan
1.350314037869872209e+03 nan
1.403321537605484764e+03 nan
1.458409882943986304e+03 nan
1.515660758900601195e+03 nan
1.575159057091621207e+03 nan
1.636993001611701857e+03 nan
1.701254279852589207e+03 nan
1.768038178457205049e+03 nan
1.837443724610724757e+03 nan
1.909573832878096709e+03 nan
1.984535457805803162e+03 nan
2.062439752514092561e+03 nan
2.143402233514854743e+03 nan
2.227542951999556408e+03 nan
2.314986671851160736e+03 nan
2.405863054644066779e+03 nan
2.500306851906321299e+03 nan
2.598458104929247384e+03 nan
2.700462352420682237e+03 nan
2.806470846309838635e+03 nan
2.916640776023700710e+03 nan
3.031135501567576284e+03 nan
3.150124795755327796e+03 nan
3.273785095948577236e+03 nan
3.402299765678064432e+03 nan
3.535859366535175923e+03 nan
3.674661940736687939e+03 nan
3.818913304781854094e+03 nan
3.968827354637157896e+03 nan
4.124626382901347824e+03 nan
4.286541408420925109e+03 nan
4.454812518844988517e+03 nan
4.629689226627267999e+03 nan
4.811430839003254732e+03 nan
5.000306842491089810e+03 nan
5.196597302486196895e+03 nan
5.400593278542373810e+03 nan
5.612597255954965476e+03 nan
5.832923594286199659e+03 nan
6.061898993497572519e+03 nan
6.299862978380693676e+03 nan
6.547168402004729614e+03 nan
6.804181968927094204e+03 nan
7.071284778942996127e+03 nan
7.348872892180387680e+03 nan
7.637357916378011396e+03 nan
7.937167617217543011e+03 nan
8.248746552614580651e+03 nan
8.572556731909324299e+03 nan
8.909078300934124854e+03 nan
9.258810253973944782e+03 nan
9.622271173675135287e+03 nan
1.000000000000000000e+04 nan
