1.000000000000000056e-01 nan
1.039255682936712638e-01 nan
1.080052374516252828e-01 nan
1.122450568085306410e-01 nan
1.166513131698196093e-01 nan
1.212305401337652189e-01 nan
1.259895277795027302e-01 nan
1.309353327353610374e-01 nan
1.360752886424333452e-01 3.717572757118272175e+00
1.414170170289023587e-01 2.651831368217245632e+00
1.469684386112446450e-01 2.291634156771415576e+00
1.527377850390713721e-01 1.969407646789056665e+00
1.587336111010209105e-01 1.683993011722922484e+00
1.649648074098020167e-01 1.583110911135427568e+00
1.714406135851970769e-01 1.479707013480800804e+00
1.781706319545730832e-01 1.374453659581217568e+00
1.851648417912155065e-01 1.269554939426171369e+00
1.924336141115980114e-01 1.285245969305025771e+00
1.999877270535286022e-01 1.291532742819629487e+00
2.078383818579757347e-01 1.288955527620549768e+00
2.159972194782718291e-01 1.278017562390484141e+00
2.244763378413223709e-01 1.389162122146196499e+00
2.332883097864157096e-01 1.500441303105515489e+00
2.424462017082328336e-01 1.612582502289145570e+00
2.519635929317015077e-01 1.726346519947532077e+00
2.618545958474232660e-01 2.036318170926406435e+00
2.721338768375307082e-01 2.396267393947943969e+00
2.828166780230032540e-01 3.436881463532745595e+00
2.939188398646885858e-01 2.015244418130392296e+04
3.054568246515431684e-01 1.987645318859784675e+04
3.174477409109192627e-01 2.022179713358673325e+04
3.299093687770939809e-01 2.129818037806369466e+04
3.428601863556585694e-01 2.103788965890988038e+04
3.563193971228584833e-01 2.384340632999581794e+04
3.703069584005140302e-01 8.400141021923013263e-01
3.848436109487430312e-01 5.204833182411361392e-01
3.999509097203664543e-01 3.881545537588539374e-01
4.156512558225988752e-01 2.861080234213787543e-01
4.319679297334173551e-01 2.307306274018650349e-01
4.489251258218605600e-01 2.033008668695320542e-01
4.665479882234472853e-01 1.770296777133752164e-01
4.848626481239080577e-01 1.675751822289069659e-01
5.038962625065149803e-01 1.562109177099172685e-01
5.236770544204653044e-01 1.430509756006554944e-01
5.442343548300266898e-01 1.416183692359312962e-01
5.655986461065004578e-01 1.373302720123782406e-01
5.878016072274911963e-01 1.438403836603893982e-01
6.108761607505036606e-01 1.475604586325574841e-01
6.348565216305216419e-01 1.481194503180154332e-01
6.597782479539537892e-01 1.605446158564186598e-01
6.856782936641739878e-01 1.703102864552610285e-01
7.125950633568408632e-01 1.948953852990677749e-01
7.405684692262436419e-01 2.174446995157776896e-01
7.696399902471157128e-01 2.610033137027197303e-01
7.998527336796710241e-01 3.044981452337186534e-01
8.312514989890629202e-01 4.205323398648386224e-01
8.638828442740447144e-01 5.618656518675199107e-01
8.977951553033320931e-01 1.075529896891531667e+00
9.330387172620362435e-01 2.087002167830991937e+02
9.696657893145520513e-01 2.116246893415614920e+02
1.007730682094461150e+00 2.077126984476461189e+02
1.047289838236358461e+00 2.159036692074349446e+02
1.088401916069005937e+00 2.132884528175159460e+02
1.131127876593921444e+00 2.196217514912527520e+02
1.175531073878369304e+00 2.345702024775962400e+02
1.221677348996791812e+00 2.345653727657011132e+02
1.269635127659973550e+00 2.415097846955654859e+02
1.319475521676706009e+00 2.550314535583492557e+02
1.371272434398400186e+00 2.756993799361014226e+02
1.425102670302997865e+00 2.758949035444987317e+02
1.481046048880674704e+00 3.105566156068230157e+02
1.539185522990205390e+00 3.554015845185909370e+02
1.599607301861486919e+00 3.740531221016190102e+02
1.662400978926611872e+00 4.408852465591751297e+02
1.727659664669035644e+00 4.759345570775332135e+02
1.795480124687831358e+00 5.730017200990173478e+02
1.865962923181746058e+00 6.957966061341976456e+02
1.939212572065829976e+00 1.036761978980360254e+03
2.015337685941732904e+00 1.702508259237371476e+03
2.094451143151469630e+00 2.776645414010168224e+03
2.176670253153459189e+00 4.103789570867197654e+03
2.262116930469025178e+00 5.013326748302091801e+03
2.350917875457286588e+00 6.179210338873009277e+03
2.443204762186487855e+00 6.972867062910902860e+03
2.539114433680346838e+00 7.966419547195892847e+03
2.638789104828933141e+00 9.199761061026454627e+03
2.742376573264949435e+00 1.074033016571916414e+04
2.850030438518106557e+00 1.267763197880383814e+04
2.961910329772553307e+00 1.370716823117227977e+04
3.078182142565078383e+00 1.654541888733454471e+04
3.199018284775064114e+00 2.015423273892994257e+04
3.324597932270939804e+00 2.737550668811830110e+04
3.455107294592218103e+00 3.755675367969940999e+04
3.590739891061053068e+00 6.959860319169872673e+04
3.731696837732751959e+00 nan
3.878187145610721753e+00 nan
4.030428030568050879e+00 9.872400731899487747e-01
4.188645235435270564e+00 7.459056057165753817e-01
4.353073364731890216e+00 6.154342939100619914e-01
4.523956232538053790e+00 5.553060862111592888e-01
4.701547224022132099e+00 4.963072489905217544e-01
4.886109671160325796e+00 4.841044311268607458e-01
5.077917243205400943e+00 4.223345647126078295e-01
5.277254352483537581e+00 4.425379352276767042e-01
5.484416576121017961e+00 4.127546023869218539e-01
5.699711094326075589e+00 4.153370960430377568e-01
5.923457145875802965e+00 4.480930818391349324e-01
6.155986501483507567e+00 5.126024069706351938e-01
6.397643955748426592e+00 6.085212347861037596e-01
6.648787838417263174e+00 1.190396048457393219e+00
6.909790545715641663e+00 2.608158827369006758e+02
7.181039092537348623e+00 2.201224709464503064e+02
7.462935686310133043e+00 2.238519986312230117e+02
7.755898323389001980e+00 2.840112834230224053e+02
8.060361408861341559e+00 3.523757996998646718e+02
8.376776400682915735e+00 4.817688417819180700e+02
8.705612479099860579e+00 9.929725971682033787e+02
9.047357242349292505e+00 nan
9.402517429670131932e+00 nan
9.771619672696177261e+00 nan
1.015521127634568010e+01 nan
1.055386103036522982e+01 nan
1.096816005273137939e+01 6.331178173035402870e+04
1.139872266616051455e+01 4.778554439776836807e+04
1.184618730902683659e+01 4.195904135619038425e+04
1.231121748203889510e+01 3.858209190217687865e+04
1.279450273207873323e+01 3.701844275155422656e+04
1.329675967466211262e+01 3.361971373265221337e+04
1.381873305653632222e+01 3.196784391041269555e+04
1.436119685999078754e+01 2.799426283417630475e+04
1.492495545051828998e+01 2.790335070061637089e+04
1.551084476952840596e+01 2.592393631899686807e+04
1.611973357388157169e+01 2.473588032984279926e+04
1.675252472408215354e+01 2.419433907491013815e+04
1.741015652304015404e+01 2.419441458124094061e+04
1.809360410738716496e+01 2.470525116703976892e+04
1.880388089340914703e+01 2.576379774615602946e+04
1.954204007974053425e+01 2.480900705708649548e+04
2.030917620904734733e+01 2.433649611750918120e+04
2.110642679101554720e+01 2.676975488867357490e+04
2.193497398905057949e+01 2.712294832045995645e+04
2.279604637318979599e+01 2.791513604844575457e+04
2.369092074182632146e+01 2.916341256682650419e+04
2.462092401494625449e+01 2.797547626861743265e+04
2.558743520168586372e+01 3.001646754471781969e+04
2.659188744512693603e+01 3.263965410155298741e+04
2.763577014736157267e+01 3.254447780236734616e+04
2.872063117797828014e+01 3.624953316570998140e+04
2.984807916924324189e+01 3.699046541824995074e+04
3.101978590138096692e+01 4.213662267749459716e+04
3.223748878149029906e+01 4.849554723503455170e+04
3.350299341977229517e+01 5.101235702401560411e+04
3.481817630688966148e+01 5.980864482562091143e+04
3.618498759642746876e+01 1.441847073537154756e+03
3.760545399658171561e+01 1.088174861087738236e+03
3.908168177536263954e+01 1.003539130644533316e+03
4.061585988376979373e+01 8.389066551780744021e+02
4.221026320156898493e+01 7.770830064351644069e+02
4.386725591048498529e+01 7.218765674383745363e+02
4.558929499981059053e+01 6.723345682839126312e+02
4.737893390963144213e+01 6.939080553960213820e+02
4.923882631706736390e+01 6.502413191190385078e+02
5.117173007114605099e+01 6.110280181618965116e+02
5.318051128214197121e+01 5.760375385216525501e+02
5.526814857144603366e+01 6.016630663693639463e+02
5.743773748826581027e+01 5.701902040214159797e+02
5.969249509970733669e+01 5.423275054449801473e+02
6.203576476104268522e+01 5.171481898862753042e+02
6.447102107323868836e+01 5.459546901486460229e+02
6.700187503509583564e+01 5.231460201910125534e+02
6.963207939763883303e+01 5.029629983564506119e+02
7.236553422869657481e+01 5.350398636211514258e+02
7.520629269592407695e+01 5.165599674181758019e+02
7.815856707684091020e+01 5.001626144022596918e+02
8.122673500479712061e+01 4.852779426983152007e+02
8.441534596012985503e+01 4.719966590785352878e+02
8.772912801613355782e+01 5.075884338362531594e+02
9.117299484984921776e+01 4.956170250598024154e+02
9.475205302806537588e+01 4.847532799905432626e+02
9.847160957933773773e+01 4.751218330240486125e+02
1.023371798632519187e+02 4.665934178418033866e+02
1.063544957486011242e+02 4.590557373934811380e+02
1.105295141126021008e+02 4.990008519180266831e+02
1.148684256737553540e+02 4.922093438052692136e+02
1.193776641714435698e+02 4.862383016988292752e+02
1.240639159058831780e+02 4.810508465541410601e+02
1.289341296525714426e+02 4.765788348019072487e+02
1.339955269659338342e+02 4.727628722943942421e+02
1.392556128874462047e+02 4.695500660792925487e+02
1.447221870741134353e+02 4.668953133960526429e+02
1.504033553638023761e+02 4.647568568132585938e+02
1.563075417945815673e+02 4.630992604096960576e+02
1.624435010958865462e+02 4.618911267782654591e+02
1.688203316700362677e+02 4.611043285395895168e+02
1.754474890833459710e+02 4.607144326629860416e+02
1.823348000868440408e+02 4.606996316370136810e+02
1.894924771873821783e+02 4.610408936612202524e+02
1.969311337907421660e+02 4.617213450760731348e+02
2.046617999391989713e+02 4.627261497365518039e+02
2.126959386668689831e+02 4.640423450341532998e+02
2.210454629971021632e+02 4.656586383108689802e+02
2.297227536071151235e+02 4.675650879269799134e+02
2.387406771860646870e+02 4.697533561754391371e+02
2.481126055137767707e+02 4.722155271606454221e+02
2.578524352884273867e+02 4.749468273540344398e+02
2.679746087325689246e+02 4.779408549978742826e+02
2.784941350080644042e+02 4.811934631807016558e+02
2.894266124716749005e+02 4.847016820852660430e+02
3.007882518043098798e+02 4.884626534161965310e+02
3.125959000482278043e+02 4.924746486485881292e+02
3.248670655878374873e+02 4.967367667189992062e+02
3.376199441111336910e+02 5.011539671376926890e+02
3.508734455902711034e+02 4.583015537444732104e+02
3.646472223212745121e+02 4.625633348684909834e+02
3.789616980644715909e+02 4.670360265234909320e+02
3.938380983288489006e+02 4.717208709610822552e+02
4.092984818452438276e+02 4.766195962510993240e+02
4.253657732750387481e+02 4.817340620175599497e+02
4.420637972028529816e+02 4.870668657751984938e+02
4.594173134636476448e+02 4.926199943941456354e+02
4.774520538566126220e+02 4.983749132228975895e+02
4.961947603002902838e+02 5.042326587325896412e+02
5.156732244854963483e+02 4.623093503688610895e+02
5.359163290848514407e+02 4.678105423746014822e+02
5.569540905800130304e+02 4.735118996707907399e+02
5.788177037701274230e+02 4.794177803569034495e+02
6.015395880274832052e+02 4.855322200952521143e+02
6.251534353689711452e+02 4.918601923704392220e+02
6.496942604146117901e+02 4.983814318516459139e+02
6.751984523072501361e+02 5.049818618782666704e+02
7.017038286703822223e+02 4.636558228787819189e+02
7.292496916841444090e+02 4.697985265752787427e+02
7.578768863625922450e+02 4.761401328932208230e+02
7.876278611187054821e+02 4.826867900491357659e+02
8.185467307069020535e+02 4.894429551499856643e+02
8.506793416364153018e+02 4.964146782904305724e+02
8.840733401525062618e+02 5.034529488688048104e+02
9.187782428863330324e+02 4.627168167738682882e+02
9.548455102782293125e+02 4.692183400320120086e+02
9.923286228832545248e+02 4.759187069618529904e+02
1.031283160672184749e+03 4.828235378601174830e+02
1.071766885445503476e+03 4.899389847198737016e+02
1.113839826482618264e+03 4.972713916164894954e+02
1.157564369553303550e+03 5.046409930192224351e+02
1.203005349423324333e+03 4.640893191486338765e+02
1.250230145991456084e+03 4.709015207396865321e+02
1.299308784200414493e+03 4.779149420142650797e+02
1.350314037869872209e+03 4.851357230544689401e+02
1.403321537605484764e+03 4.925711266494936922e+02
1.458409882943986304e+03 5.001563942378818410e+02
1.515660758900601195e+03 5.078410947261420461e+02
1.575159057091621207e+03 4.671802570061389019e+02
1.636993001611701857e+03 4.742757172245487709e+02
1.701254279852589207e+03 4.815768558153102958e+02
1.768038178457205049e+03 4.890898894434683939e+02
1.837443724610724757e+03 4.968231246177259095e+02
1.909573832878096709e+03 5.045963001159092869e+02
1.984535457805803162e+03 4.644315682260674407e+02
2.062439752514092561e+03 4.715908567030117524e+02
2.143402233514854743e+03 4.789547703492499409e+02
2.227542951999556408e+03 4.865299296792503014e+02
2.314986671851160736e+03 4.943233523094946236e+02
2.405863054644066779e+03 5.022176805656516194e+02
2.500306851906321299e+03 5.102594913330893860e+02
2.598458104929247384e+03 4.696315266304245029e+02
2.700462352420682237e+03 4.770460920425263680e+02
2.806470846309838635e+03 4.846710724375934092e+02
2.916640776023700710e+03 4.925138516759169534e+02
3.031135501567576284e+03 5.005013302085679356e+02
3.150124795755327796e+03 5.085909371934909018e+02
3.273785095948577236e+03 4.682287079278506781e+02
3.402299765678064432e+03 4.756851333709246319e+02
3.535859366535175923e+03 4.833515945131355238e+02
3.674661940736687939e+03 4.912357335596717007e+02
3.818913304781854094e+03 4.992959202696491730e+02
3.968827354637157896e+03 5.074255340019094547e+02
4.124626382901347824e+03 4.672560514160657590e+02
4.286541408420925109e+03 4.747479211235238381e+02
4.454812518844988517e+03 4.824501735460171403e+02
4.629689226627267999e+03 4.903697113632341598e+02
4.811430839003254732e+03 4.984863777987417848e+02
5.000306842491089810e+03 5.066509383873533920e+02
5.196597302486196895e+03 4.666175321227601671e+02
5.400593278542373810e+03 4.741404238318201578e+02
5.612597255954965476e+03 4.818736227150474178e+02
5.832923594286199659e+03 4.898246821137117308e+02
6.061898993497572519e+03 4.979856272167835982e+02
6.299862978380693676e+03 5.061813228564753899e+02
6.547168402004729614e+03 4.662402000409415450e+02
6.804181968927094204e+03 4.737907677234814514e+02
7.071284778942996127e+03 4.815521556211981533e+02
7.348872892180387680e+03 4.895308572508320140e+02
7.637357916378011396e+03 4.977272935657273365e+02
7.937167617217543011e+03 5.059507246095137134e+02
8.248746552614580651e+03 4.660678969468644937e+02
8.572556731909324299e+03 4.736435904792857059e+02
8.909078300934124854e+03 4.814303381429693331e+02
9.258810253973944782e+03 4.894351778735575635e+02
9.622271173675135287e+03 4.976591444755437124e+02
1.000000000000000000e+04 5.059084519781819154e+02
