	Cut-Count 5.6ton-year
mass GeV	SI xsec cm2	SD neutron cm2	SD proton cm2
5	3.91e-43	5.35e-38	1.84e-36
6	4.57e-44	6.40e-39	2.18e-37
7	1.00e-44	1.43e-39	4.83e-38
8	3.24e-45	4.69e-40	1.57e-38
10	6.60e-46	9.95e-41	3.25e-39
15	8.90e-47	1.39e-41	4.32e-40
20	3.64e-47	5.86e-42	1.75e-40
30	1.80e-47	3.00e-42	8.47e-41
40	1.46e-47	2.48e-42	6.74e-41
50	1.40e-47	2.40e-42	6.38e-41
60	1.44e-47	2.47e-42	6.47e-41
80	1.62e-47	2.79e-42	7.17e-41
100	1.85e-47	3.20e-42	8.15e-41
400	6.14e-47	1.06e-41	2.64e-40
1000	1.50e-46	2.58e-41	6.41e-40
10000	1.48e-45	2.55e-40	6.32e-39
