1.000000000000000056e-01 nan
1.039255682936712638e-01 nan
1.080052374516252828e-01 nan
1.122450568085306410e-01 8.622283882690853028e-46
1.166513131698196093e-01 1.085838857461668600e-45
1.212305401337652189e-01 1.280253988000616822e-45
1.259895277795027302e-01 1.413235675863236456e-45
1.309353327353610374e-01 1.612275293303721408e-45
1.360752886424333452e-01 1.779744476615979283e-45
1.414170170289023587e-01 1.900946774765628283e-45
1.469684386112446450e-01 2.098400649555053809e-45
1.527377850390713721e-01 2.241303737333348384e-45
1.587336111010209105e-01 2.474110943400990154e-45
1.649648074098020167e-01 2.642600260916708516e-45
1.714406135851970769e-01 2.822563861828096969e-45
1.781706319545730832e-01 2.917090671676306945e-45
1.851648417912155065e-01 3.115747331642646541e-45
1.924336141115980114e-01 3.327932699829187561e-45
1.999877270535286022e-01 3.439384159177444273e-45
2.078383818579757347e-01 3.554568094182877177e-45
2.159972194782718291e-01 3.673609504326106964e-45
2.244763378413223709e-01 3.796637575282517730e-45
2.332883097864157096e-01 3.923785819116709909e-45
2.424462017082328336e-01 4.055192219171906450e-45
2.519635929317015077e-01 4.190999379811784402e-45
2.618545958474232660e-01 4.331354681176985849e-45
2.721338768375307082e-01 4.476410439124511279e-45
2.828166780230032540e-01 4.781258264085642996e-45
2.939188398646885858e-01 5.106866516993973934e-45
3.054568246515431684e-01 5.454649002814671025e-45
3.174477409109192627e-01 6.021230663868700971e-45
3.299093687770939809e-01 6.646663917110819663e-45
3.428601863556585694e-01 7.337061755850084507e-45
3.563193971228584833e-01 8.099172138157091996e-45
3.703069584005140302e-01 8.650733493819079778e-45
3.848436109487430312e-01 9.549296710212027947e-45
3.999509097203664543e-01 1.019961293380344130e-44
4.156512558225988752e-01 1.089421631314046226e-44
4.319679297334173551e-01 1.163612284581454924e-44
4.489251258218605600e-01 1.202581307975112658e-44
4.665479882234472853e-01 1.284478243267495524e-44
4.848626481239080577e-01 1.327495031053073566e-44
5.038962625065149803e-01 1.327495031053073566e-44
5.236770544204653044e-01 1.371952438048118338e-44
5.442343548300266898e-01 1.371952438048118338e-44
5.655986461065004578e-01 1.371952438048118338e-44
5.878016072274911963e-01 1.327495031053073566e-44
6.108761607505036606e-01 1.284478243267495524e-44
6.348565216305216419e-01 1.242855392173279668e-44
6.597782479539537892e-01 1.163612284581454924e-44
6.856782936641739878e-01 1.089421631314046226e-44
7.125950633568408632e-01 1.019961293380344130e-44
7.405684692262436419e-01 9.239856704429974256e-45
7.696399902471157128e-01 8.370410962895532118e-45
7.998527336796710241e-01 7.337061755850084507e-45
8.312514989890629202e-01 6.431282221122383512e-45
8.638828442740447144e-01 5.454649002814671025e-45
8.977951553033320931e-01 4.626324070523298939e-45
9.330387172620362435e-01 3.673609504326106964e-45
9.696657893145520513e-01 2.822563861828096969e-45
1.007730682094461150e+00 1.900946774765628283e-45
1.047289838236358461e+00 2.308746509136637943e-46
1.088401916069005937e+00 2.023725691752541114e-46
1.131127876593921444e+00 1.773891442500030506e-46
1.175531073878369304e+00 1.554899887172857876e-46
1.221677348996791812e+00 1.408587976862964294e-46
1.269635127659973550e+00 1.276043625014636406e-46
1.319475521676706009e+00 1.155971341290882114e-46
1.371272434398400186e+00 1.047197537521898205e-46
1.425102670302997865e+00 9.804293618690277532e-47
1.481046048880674704e+00 9.179182524527365810e-47
1.539185522990205390e+00 8.315446060639209814e-47
1.599607301861486919e+00 7.785262266927691966e-47
1.662400978926611872e+00 7.288882415069020637e-47
1.727659664669035644e+00 6.824151202508980108e-47
1.795480124687831358e+00 6.603018123116460918e-47
1.865962923181746058e+00 6.182016871598428049e-47
1.939212572065829976e+00 5.787858201832405484e-47
2.015337685941732904e+00 5.418830660010319285e-47
2.094451143151469630e+00 5.073331912756860227e-47
2.176670253153459189e+00 4.749861789729403523e-47
2.262116930469025178e+00 4.447015769814202991e-47
2.350917875457286588e+00 4.163478882635620818e-47
2.443204762186487855e+00 3.771706683101342407e-47
2.539114433680346838e+00 3.306079591735382389e-47
2.638789104828933141e+00 2.804029294354015240e-47
2.742376573264949435e+00 2.301153749467703669e-47
2.850030438518106557e+00 2.017070278196952838e-47
2.961910329772553307e+00 1.827269373285385825e-47
3.078182142565078383e+00 1.710764666093906206e-47
3.199018284775064114e+00 1.601688172277101559e-47
3.324597932270939804e+00 7.312932408445413357e-46
3.455107294592218103e+00 8.342883246656460309e-46
3.590739891061053068e+00 9.209469647620353071e-46
3.731696837732751959e+00 9.836643323783906902e-46
3.878187145610721753e+00 1.016606953290775058e-45
4.030428030568050879e+00 1.050652812611683141e-45
4.188645235435270564e+00 1.122203272309165496e-45
4.353073364731890216e+00 1.122203272309165496e-45
4.523956232538053790e+00 1.159785520408913680e-45
4.701547224022132099e+00 1.198626386628106629e-45
4.886109671160325796e+00 1.198626386628106629e-45
5.077917243205400943e+00 1.198626386628106629e-45
5.277254352483537581e+00 1.198626386628106629e-45
5.484416576121017961e+00 1.198626386628106629e-45
5.699711094326075589e+00 1.159785520408913680e-45
5.923457145875802965e+00 1.122203272309165496e-45
6.155986501483507567e+00 1.050652812611683141e-45
6.397643955748426592e+00 9.209469647620353071e-46
6.648787838417263174e+00 8.072536443281533300e-46
6.909790545715641663e+00 6.202414712631954406e-46
7.181039092537348623e+00 4.028563509429287992e-47
7.462935686310133043e+00 2.625247437299366568e-47
7.755898323389001980e+00 1.710764666093906206e-47
8.060361408861341559e+00 1.450973609789920326e-47
8.376776400682915735e+00 1.043753625772886406e-47
8.705612479099860579e+00 7.264911514749853425e-48
9.047357242349292505e+00 4.892789247282757012e-48
9.402517429670131932e+00 3.188427438865082305e-48
9.771619672696177261e+00 nan
1.015521127634568010e+01 nan
1.055386103036522982e+01 2.070932536406348710e-49
1.096816005273137939e+01 2.070932536406348710e-49
1.139872266616051455e+01 1.815270478255760631e-49
1.184618730902683659e+01 1.489719267821918691e-49
1.231121748203889510e+01 1.263495433618288937e-49
1.279450273207873323e+01 1.107513605459238558e-49
1.329675967466211262e+01 1.071625201645109686e-49
1.381873305653632222e+01 1.003299544704777137e-49
1.436119685999078754e+01 9.088917476435109572e-50
1.492495545051828998e+01 8.233674711549404985e-50
1.551084476952840596e+01 7.708704570089513669e-50
1.611973357388157169e+01 6.983336138997070505e-50
1.675252472408215354e+01 6.538086224568354204e-50
1.741015652304015404e+01 6.121224960256548416e-50
1.809360410738716496e+01 5.730942316616746356e-50
1.880388089340914703e+01 5.545234104021980567e-50
1.954204007974053425e+01 5.191676010703908170e-50
2.030917620904734733e+01 5.023442442984433344e-50
2.110642679101554720e+01 4.703153218270465845e-50
2.193497398905057949e+01 4.550749978197383411e-50
2.279604637318979599e+01 4.403285286053070263e-50
2.369092074182632146e+01 4.260599110753980225e-50
2.462092401494625449e+01 4.122536606940807356e-50
2.558743520168586372e+01 3.988947946937781296e-50
2.659188744512693603e+01 3.859688158157234880e-50
2.763577014736157267e+01 3.734616965772991663e-50
2.872063117797828014e+01 3.734616965772991663e-50
2.984807916924324189e+01 3.613598640491849228e-50
3.101978590138096692e+01 3.496501851257930179e-50
3.223748878149029906e+01 3.383199522730091828e-50
3.350299341977229517e+01 3.273568697377694701e-50
3.481817630688966148e+01 3.167490402045091089e-50
3.618498759642746876e+01 3.064849518840017715e-50
3.760545399658171561e+01 2.869438048041707888e-50
3.908168177536263954e+01 1.441445687804712236e-49
4.061585988376979373e+01 1.539609515430136771e-49
4.221026320156898493e+01 1.591170572337914086e-49
4.386725591048498529e+01 1.644458393443238101e-49
4.558929499981059053e+01 1.756447580158273332e-49
4.737893390963144213e+01 1.756447580158273332e-49
4.923882631706736390e+01 1.815270478255760631e-49
5.117173007114605099e+01 1.876063337415379303e-49
5.318051128214197121e+01 1.938892131037146382e-49
5.526814857144603366e+01 2.003825041950287145e-49
5.743773748826581027e+01 2.070932536406348710e-49
5.969249509970733669e+01 2.140287440550327882e-49
6.203576476104268522e+01 2.140287440550327882e-49
6.447102107323868836e+01 2.211965019452784381e-49
6.700187503509583564e+01 2.286043058788722429e-49
6.963207939763883303e+01 2.362601949251868878e-49
7.236553422869657481e+01 2.441724773795966461e-49
7.520629269592407695e+01 2.441724773795966461e-49
7.815856707684091020e+01 2.523497397797741188e-49
8.122673500479712061e+01 2.608008562239412043e-49
8.441534596012985503e+01 2.695349980011844963e-49
8.772912801613355782e+01 2.785616435442877154e-49
9.117299484984921776e+01 2.878905887158809785e-49
9.475205302806537588e+01 2.975319574390704650e-49
9.847160957933773773e+01 2.975319574390704650e-49
1.023371798632519187e+02 3.074962126840844924e-49
1.063544957486011242e+02 3.177941678228590926e-49
1.105295141126021008e+02 3.284369983638851838e-49
1.148684256737553540e+02 3.394362540800520322e-49
1.193776641714435698e+02 3.508038715426492294e-49
1.240639159058831780e+02 3.625521870751274206e-49
1.289341296525714426e+02 3.746939501406779083e-49
1.339955269659338342e+02 3.872423371781571867e-49
1.392556128874462047e+02 4.002109659013732647e-49
1.447221870741134353e+02 4.136139100772490070e-49
1.504033553638023761e+02 4.274657147989047955e-49
1.563075417945815673e+02 4.417814122702290645e-49
1.624435010958865462e+02 4.565765381190710414e-49
1.688203316700362677e+02 4.718671482567567243e-49
1.754474890833459710e+02 4.876698363022251430e-49
1.823348000868440408e+02 5.040017515896936936e-49
1.894924771873821783e+02 5.208806177793946537e-49
1.969311337907421660e+02 5.383247520915797968e-49
2.046617999391989713e+02 5.563530851846656584e-49
2.126959386668689831e+02 5.749851816990923930e-49
2.210454629971021632e+02 6.141422215660914652e-49
2.297227536071151235e+02 6.347096587755135263e-49
2.387406771860646870e+02 6.559658932350005741e-49
2.481126055137767707e+02 6.779339925560816180e-49
2.578524352884273867e+02 7.006377968776176147e-49
2.679746087325689246e+02 7.241019447375079984e-49
2.784941350080644042e+02 7.483518998108319114e-49
2.894266124716749005e+02 7.734139785434444148e-49
3.007882518043098798e+02 7.993153787110108081e-49
3.125959000482278043e+02 8.260842089344754764e-49
3.248670655878374873e+02 8.537495191839945758e-49
3.376199441111336910e+02 9.118906765966636001e-49
3.508734455902711034e+02 9.424296194899440269e-49
3.646472223212745121e+02 9.739913023420535314e-49
3.789616980644715909e+02 1.006609976404813167e-48
3.938380983288489006e+02 1.040321039994105496e-48
4.092984818452438276e+02 1.075161076904703623e-48
4.253657732750387481e+02 1.111167896111600169e-48
4.420637972028529816e+02 1.148380572800922344e-48
4.594173134636476448e+02 1.226586386277321954e-48
4.774520538566126220e+02 1.267664393285794187e-48
4.961947603002902838e+02 1.310118090322026774e-48
5.156732244854963483e+02 1.353993548828874250e-48
5.359163290848514407e+02 1.399338383167875394e-48
5.569540905800130304e+02 1.446201802291131390e-48
5.788177037701274230e+02 1.494634663143664157e-48
6.015395880274832052e+02 1.544689525854197857e-48
6.251534353689711452e+02 1.649884357427549303e-48
6.496942604146117901e+02 1.705138485433381097e-48
6.751984523072501361e+02 1.762243057470602546e-48
7.017038286703822223e+02 1.821260044350026841e-48
7.292496916841444090e+02 1.882253492266173837e-48
7.578768863625922450e+02 1.945289592301243459e-48
7.876278611187054821e+02 2.010436752256754806e-48
8.185467307069020535e+02 2.147349414641497947e-48
8.506793416364153018e+02 2.219263496919873407e-48
8.840733401525062618e+02 2.293585960058242082e-48
9.187782428863330324e+02 2.370397460003020529e-48
9.548455102782293125e+02 2.449781353843869317e-48
9.923286228832545248e+02 2.531823790274164765e-48
1.031283160672184749e+03 2.704243407765915824e-48
1.071766885445503476e+03 2.794807701401984558e-48
1.113839826482618264e+03 2.888404965834337627e-48
1.157564369553303550e+03 2.985136774337406488e-48
1.203005349423324333e+03 3.085108101843854473e-48
1.250230145991456084e+03 3.188427438865082305e-48
1.299308784200414493e+03 3.295206909226897772e-48
1.350314037869872209e+03 3.519613645994132504e-48
1.403321537605484764e+03 3.637484442241967014e-48
1.458409882943986304e+03 3.759302695797768161e-48
1.515660758900601195e+03 3.885200605812591554e-48
1.575159057091621207e+03 4.015314798747068815e-48
1.636993001611701857e+03 4.149786476640665730e-48
1.701254279852589207e+03 4.432390897897542719e-48
1.768038178457205049e+03 4.580830328177473179e-48
1.837443724610724757e+03 4.734240950071455926e-48
1.909573832878096709e+03 4.892789247282757012e-48
1.984535457805803162e+03 5.056647279003498585e-48
2.062439752514092561e+03 5.225992866636097389e-48
2.143402233514854743e+03 5.401009786767940882e-48
2.227542951999556408e+03 5.768823710106929207e-48
2.314986671851160736e+03 5.962019870968962132e-48
2.405863054644066779e+03 6.161686112812399334e-48
2.500306851906321299e+03 6.368039116691972406e-48
2.598458104929247384e+03 6.581302820245384327e-48
2.700462352420682237e+03 6.801708660714083991e-48
2.806470846309838635e+03 7.264911514749853425e-48
2.916640776023700710e+03 7.508211203591625906e-48
3.031135501567576284e+03 7.759658925409480144e-48
3.150124795755327796e+03 8.019527555362836527e-48
3.273785095948577236e+03 8.288099107117652600e-48
3.402299765678064432e+03 8.565665038892242116e-48
3.535859366535175923e+03 9.148995006499638350e-48
3.674661940736687939e+03 9.455392081505573693e-48
3.818913304781854094e+03 9.772050301861952485e-48
3.968827354637157896e+03 1.009931331022235482e-47
4.124626382901347824e+03 1.043753625772886406e-47
4.286541408420925109e+03 1.078708618942787087e-47
4.454812518844988517e+03 1.152169705838976494e-47
4.629689226627267999e+03 1.190755520732165880e-47
4.811430839003254732e+03 1.230633562893114895e-47
5.000306842491089810e+03 1.271847108622095067e-47
5.196597302486196895e+03 1.314440883529581648e-47
5.400593278542373810e+03 1.358461111073215024e-47
5.612597255954965476e+03 1.450973609789920326e-47
5.832923594286199659e+03 1.499566277032016175e-47
6.061898993497572519e+03 1.549786297999754781e-47
6.299862978380693676e+03 1.601688172277101559e-47
6.547168402004729614e+03 1.655328224622595544e-47
6.804181968927094204e+03 1.710764666093906206e-47
7.071284778942996127e+03 1.827269373285385825e-47
7.348872892180387680e+03 1.888464071809631050e-47
7.637357916378011396e+03 1.951708162274780954e-47
7.937167617217543011e+03 2.017070278196952838e-47
8.248746552614580651e+03 2.084621351607955605e-47
8.572556731909324299e+03 2.154434690031884585e-47
8.909078300934124854e+03 2.301153749467703669e-47
9.258810253973944782e+03 2.378218692390390619e-47
9.622271173675135287e+03 2.457864516937806248e-47
1.000000000000000000e+04 2.540177656054792918e-47
