# SDp neutrino floor for F 
#  Column 0 = Mass [GeV] 
#  Column 1 = Cross section [cm^2]
1.000000000000000056e-01 9.732289919626499522e-43
1.059560179277615893e-01 1.124881993235226061e-42
1.122667773510813566e-01 1.297819410979063286e-42
1.189534067370319470e-01 1.494423326062018214e-42
1.260382929679727537e-01 1.715176644922075679e-42
1.335451562929898806e-01 1.964868117379659658e-42
1.414991297434576023e-01 2.241752607803017452e-42
1.499268432786045602e-01 2.549004132227915075e-42
1.588565129428052836e-01 2.884487640999049080e-42
1.683180353330956669e-01 3.248979449444537343e-42
1.783430876931909326e-01 3.643774855330121929e-42
1.889652339691209604e-01 4.057988607527316724e-42
2.002200371815584523e-01 4.495250114808432566e-42
2.121451784910629856e-01 4.940809381217254408e-42
2.247805833548725263e-01 5.392895275793297484e-42
2.381685551976158166e-01 5.837059181268626913e-42
2.523539170434765944e-01 6.273878049716463301e-42
2.673841615839946395e-01 6.701909248605622705e-42
2.833096101839324144e-01 7.122384043054216182e-42
3.001835813575589040e-01 7.548810092002444238e-42
3.180625692794120107e-01 7.993704902644174857e-42
3.370064329271929005e-01 8.452208715991184979e-42
3.570785964900463627e-01 8.940395849075949524e-42
3.783462617131930217e-01 9.467325395405769919e-42
4.008806328898465443e-01 1.001591080874309901e-41
4.247571552536899553e-01 1.059135251534880145e-41
4.500557675700498916e-01 1.114023336981719415e-41
4.768611697714470465e-01 1.164201432534554022e-41
5.052631065335680960e-01 1.201125790646316068e-41
5.353566677410726005e-01 1.216240037798512210e-41
5.672426068491979168e-01 1.204746042069866417e-41
6.010276782070382851e-01 1.162906530903404071e-41
6.368249944718588074e-01 1.095501243711110434e-41
6.747544053110694495e-01 1.010012531586579102e-41
7.149428986597579083e-01 9.126923900846397560e-42
7.575250258771913936e-01 8.077565699006554133e-42
8.026433522257175879e-01 6.966008822555388835e-42
8.504489341802679014e-01 5.848128083229330895e-42
9.011018251665020573e-01 4.781769878659232782e-42
9.547716114208059102e-01 3.818192493004938434e-42
1.011637979766207618e+00 3.004431161418848704e-42
1.071891319205128035e+00 2.346207336443696616e-42
1.135733358343105737e+00 1.837023533020394537e-42
1.203377840777589913e+00 1.458164852488824558e-42
1.275051240713013456e+00 1.180586883299570062e-42
1.350993521198027292e+00 9.814930292837947011e-43
1.431458937523479191e+00 8.403881152281153974e-43
1.516716888470923230e+00 7.424293200681704203e-43
1.607052818261639260e+00 6.754789417412820197e-43
1.702769172225900407e+00 6.327048154337522010e-43
1.804186409392072754e+00 6.078907428656559512e-43
1.911644075385702690e+00 5.967657989947481144e-43
2.025501939230667681e+00 5.960877919774133336e-43
2.146141197858404848e+00 6.041741071359321365e-43
2.273965752357928860e+00 6.188651933995364398e-43
2.409403560239525621e+00 6.389851320449112876e-43
2.552908068239517991e+00 6.638272811754774371e-43
2.704959730463135870e+00 6.931269432863532590e-43
2.866067616948251739e+00 7.254175227768112632e-43
3.036771118035459072e+00 7.604331698586282545e-43
3.217641750250737065e+00 7.985639901166189505e-43
3.409285069746812891e+00 8.391908609867435957e-43
3.612342699709432114e+00 8.811559267406775514e-43
3.827494478516312970e+00 9.254949795615682967e-43
4.055460735840830111e+00 9.702746745551517571e-43
4.297004704320841917e+00 1.016724283417469301e-42
4.552935074866949705e+00 1.062770687344701291e-42
4.824108704165371186e+00 1.109591534359226105e-42
5.111433483440167791e+00 1.154082135809327398e-42
5.415871378079473608e+00 1.198532141763300683e-42
5.738441648302395670e+00 1.239155561297300271e-42
6.080224261649424200e+00 1.276758062264053494e-42
6.442363508721373755e+00 1.310207266332773568e-42
6.826071834272389616e+00 1.336597277342133207e-42
7.232633896483537050e+00 1.354027833969677326e-42
7.663410868007458632e+00 1.360149449935419339e-42
8.119844993184013759e+00 1.349722971783189697e-42
8.603464416684504457e+00 1.316919653254675106e-42
9.115888299750823265e+00 1.255366340418096630e-42
9.658832241158703980e+00 1.157626717918960894e-42
1.023411402105453760e+01 1.022141830699402774e-42
1.084365968689610860e+01 8.544980201964582390e-43
1.148951000187309823e+01 6.664499335832462226e-43
1.217382727739662052e+01 4.633516878537311639e-43
1.289890261253309411e+01 3.217567096713541130e-44
1.366716356462007376e+01 2.375589450414405544e-44
1.448118227674534531e+01 1.811121626766050671e-44
1.534368408930013139e+01 1.414053280580031094e-44
1.625755666443794922e+01 1.126520429834772997e-44
1.722585965398787522e+01 9.143583429661489057e-45
1.825183494319044186e+01 7.553734667774478415e-45
1.933891750455232028e+01 6.348586345112318390e-45
2.049074689815848060e+01 5.428632514402054302e-45
2.171117945694505380e+01 4.712751425481687836e-45
2.300430119772919113e+01 4.151758431991417175e-45
2.437444150122221842e+01 3.709425241630018273e-45
2.582618760682677461e+01 3.353952749383890903e-45
2.736439997074672092e+01 3.071390672918102674e-45
2.899422853882878215e+01 2.844365381265649484e-45
3.072112998861759081e+01 2.662737235499170215e-45
3.255088599835060137e+01 2.518484725603652425e-45
3.448962260405759395e+01 2.402521736043878698e-45
3.654383070957258184e+01 2.312119321600211663e-45
3.872038781812557318e+01 2.240688900396103488e-45
4.102658105827194390e+01 2.188700680923057608e-45
4.347013158125026422e+01 2.152726848948110522e-45
4.605922041145108636e+01 2.130317906120344101e-45
4.880251583654433745e+01 2.121061573903824184e-45
5.170920242896760755e+01 2.121754927050713417e-45
5.478901179593945159e+01 2.131482531294093720e-45
5.805225516094901650e+01 2.152523152116095483e-45
6.150985788580504021e+01 2.180469824668505713e-45
6.517339604882427295e+01 2.217324705100249630e-45
6.905513520162330110e+01 2.262468713155679762e-45
7.316807143427199378e+01 2.316022025751868264e-45
7.752597488629464806e+01 2.377022586057812423e-45
8.214343584919430441e+01 2.444920122463606608e-45
8.703591361485165123e+01 2.521048427086874653e-45
9.221978823334330855e+01 2.605908939344405692e-45
9.771241535346501905e+01 2.698306845777621198e-45
1.035321843295662632e+02 2.798370156907420161e-45
1.096985797892384085e+02 2.906619869752215362e-45
1.162322468679852960e+02 3.022120634747411671e-45
1.231550603292826196e+02 3.147603433147998405e-45
1.304901978014403028e+02 3.283599142828690011e-45
1.382622173764656281e+02 3.427410763334131967e-45
1.464971398307286279e+02 3.581845147854773758e-45
1.552225357427047925e+02 3.746384774598126806e-45
1.644676177994664386e+02 3.924101219168995506e-45
1.742633386009650849e+02 4.109972092674652113e-45
1.846424942895544348e+02 4.309513611437254567e-45
1.956398343517064689e+02 4.523176136280065796e-45
2.072921779595371845e+02 4.749318615532649411e-45
2.196385372416546886e+02 4.989346654344556507e-45
2.327202478960409735e+02 5.243948087316725100e-45
2.465811075822603868e+02 5.514285688589403780e-45
2.612675225563328922e+02 5.802491856414178614e-45
2.768286630392066741e+02 6.107690018574356236e-45
2.933166278390045250e+02 6.432895207029261607e-45
3.107866187782013867e+02 6.777512421257692366e-45
3.292971255097151584e+02 7.143473772568102669e-45
3.489101213406773923e+02 7.530876947441146091e-45
3.696912707195028247e+02 7.939440345795330587e-45
3.917101490809260440e+02 8.373152415437218281e-45
4.150404757850476472e+02 8.835519881080437144e-45
4.397603609302720997e+02 9.328137797004333679e-45
4.659525668664682030e+02 9.846616088409154738e-45
4.937047852839003781e+02 1.039391791315679022e-44
5.231099308056263908e+02 1.097832199095952162e-44
5.542664520663107623e+02 1.160025162665761097e-44
5.872786613189482523e+02 1.225041555891865953e-44
6.222570836730230894e+02 1.294530617279674510e-44
6.593188271333548300e+02 1.368633763886029177e-44
6.985879746785249154e+02 1.446026460197605483e-44
7.401959996915644524e+02 1.528912946079769591e-44
7.842822061337682271e+02 1.616625103755737716e-44
8.309941949353395785e+02 1.709058627239613748e-44
8.804883581643464368e+02 1.808153202860340709e-44
9.329304026284686415e+02 1.911432866624709692e-44
9.884959046625585870e+02 2.022403449079330138e-44
1.047370897959450758e+03 2.139141999288013262e-44
1.109752496412072105e+03 2.263324103554658431e-44
1.175849554052158055e+03 2.395088665821942869e-44
1.245883364295008050e+03 2.533871665531464808e-44
1.320088400831419449e+03 2.682140484574111992e-44
1.398713102647238657e+03 2.837477154625550336e-44
1.482020705798860035e+03 3.004504957089516286e-44
1.570290124729377567e+03 3.178947820469822810e-44
1.663816886076130686e+03 3.366316806780396247e-44
1.762914118095947970e+03 3.561714305369993612e-44
1.867913599020784659e+03 3.772173714454783106e-44
1.979166867853557278e+03 3.992162115609286573e-44
2.097046401323234932e+03 4.228302591162929208e-44
2.221946860939523958e+03 4.474725802065982285e-44
2.354286414322420114e+03 4.739800272185818398e-44
2.494508135230316384e+03 5.017313677917908171e-44
2.643081486974108429e+03 5.314019878051460040e-44
2.800503894183631019e+03 5.625768950274567617e-44
2.967302408188872505e+03 5.958849419159435339e-44
3.144035471591500027e+03 6.309820309181845905e-44
3.331294787934677061e+03 6.681732657698358542e-44
3.529707302730650099e+03 7.077984161793331549e-44
3.739937302478801485e+03 7.494894691474371714e-44
3.962688638701478339e+03 7.939449247163734865e-44
4.198707084443914027e+03 8.407084309474908242e-44
4.448782831127585268e+03 8.908637022348173146e-44
4.713753134116728688e+03 9.431185706306300515e-44
4.994505115855139593e+03 9.993560325922476858e-44
5.291978735958447032e+03 1.058252014907732024e-43
5.607169938205458493e+03 1.121036825698017442e-43
5.941133984965039417e+03 1.187512098271096751e-43
6.294988990221887434e+03 1.257844748690214694e-43
6.669919663030128504e+03 1.332614020297512956e-43
7.067181273927491020e+03 1.411323910118054577e-43
7.488103857590030202e+03 1.495763410123568487e-43
7.934096665797492278e+03 1.583731118822609841e-43
8.406652885618334039e+03 1.678305548721471021e-43
8.907354638610438997e+03 1.777548529478004577e-43
9.437878277775391325e+03 1.882985498039447218e-43
1.000000000000000000e+04 1.995288731182403359e-43
