1.000000000000000056e-01 6.061030856484810495e-41
1.039255682936712638e-01 6.690598208773644860e-41
1.080052374516252828e-01 7.385559560936910223e-41
1.122450568085306410e-01 8.152707474888830179e-41
1.166513131698196093e-01 8.999540065001697184e-41
1.212305401337652189e-01 9.934334284780077159e-41
1.259895277795027302e-01 1.096622682591927241e-40
1.309353327353610374e-01 1.210530342045697292e-40
1.360752886424333452e-01 1.336269741885841096e-40
1.414170170289023587e-01 1.336269741885841096e-40
1.469684386112446450e-01 1.475069860753845574e-40
1.527377850390713721e-01 1.628287332940494081e-40
1.587336111010209105e-01 1.857614750417199964e-40
1.649648074098020167e-01 1.857614750417199964e-40
1.714406135851970769e-01 2.119240561023061010e-40
1.781706319545730832e-01 2.119240561023061010e-40
1.851648417912155065e-01 2.417713659130165759e-40
1.924336141115980114e-01 2.498682158165648044e-40
1.999877270535286022e-01 2.582362267739159723e-40
2.078383818579757347e-01 2.668844798867320944e-40
2.159972194782718291e-01 2.758223603800195587e-40
2.244763378413223709e-01 2.850595677871320078e-40
2.332883097864157096e-01 2.946061264758596540e-40
2.424462017082328336e-01 3.146690849774839200e-40
2.519635929317015077e-01 3.252072574394213876e-40
2.618545958474232660e-01 3.360983501090909347e-40
2.721338768375307082e-01 3.589869686567287227e-40
2.828166780230032540e-01 3.473541821774864733e-40
2.939188398646885858e-01 3.589869686567287227e-40
3.054568246515431684e-01 3.473541821774864733e-40
3.174477409109192627e-01 3.710093336360003545e-40
3.299093687770939809e-01 3.589869686567287227e-40
3.428601863556585694e-01 3.710093336360003545e-40
3.563193971228584833e-01 3.710093336360003545e-40
3.703069584005140302e-01 3.834343239814101619e-40
3.848436109487430312e-01 3.834343239814101619e-40
3.999509097203664543e-01 3.962754234946707584e-40
4.156512558225988752e-01 3.962754234946707584e-40
4.319679297334173551e-01 3.834343239814101619e-40
4.489251258218605600e-01 4.095465675459300620e-40
4.665479882234472853e-01 3.962754234946707584e-40
4.848626481239080577e-01 3.962754234946707584e-40
5.038962625065149803e-01 3.962754234946707584e-40
5.236770544204653044e-01 3.834343239814101619e-40
5.442343548300266898e-01 3.834343239814101619e-40
5.655986461065004578e-01 3.834343239814101619e-40
5.878016072274911963e-01 3.834343239814101619e-40
6.108761607505036606e-01 3.473541821774864733e-40
6.348565216305216419e-01 3.252072574394213876e-40
6.597782479539537892e-01 3.044723965270409493e-40
6.856782936641739878e-01 2.850595677871320078e-40
7.125950633568408632e-01 2.668844798867320944e-40
7.405684692262436419e-01 2.498682158165648044e-40
7.696399902471157128e-01 2.339368902300002962e-40
7.998527336796710241e-01 2.050567670091178162e-40
8.312514989890629202e-01 1.797419708148249685e-40
8.638828442740447144e-01 1.575523526661319750e-40
8.977951553033320931e-01 1.381021011292142312e-40
9.330387172620362435e-01 1.251070636990142154e-40
9.696657893145520513e-01 1.026703213463410839e-40
1.007730682094461150e+00 8.999540065001697184e-41
1.047289838236358461e+00 7.385559560936910223e-41
1.088401916069005937e+00 6.690598208773644860e-41
1.131127876593921444e+00 5.490704104019813651e-41
1.175531073878369304e+00 4.505999406505383190e-41
1.221677348996791812e+00 4.081996944057614179e-41
1.269635127659973550e+00 3.349930256451864247e-41
1.319475521676706009e+00 3.034710801315402754e-41
1.371272434398400186e+00 2.749152651725567668e-41
1.425102670302997865e+00 2.409762539901859720e-41
1.481046048880674704e+00 2.183010346069421845e-41
1.539185522990205390e+00 2.112271028336457164e-41
1.599607301861486919e+00 1.851505624836902280e-41
1.662400978926611872e+00 1.791508545613007323e-41
1.727659664669035644e+00 1.570342112658806240e-41
1.795480124687831358e+00 1.519455991181264039e-41
1.865962923181746058e+00 1.570342112658806240e-41
1.939212572065829976e+00 1.470218808070813380e-41
2.015337685941732904e+00 1.422577130335132666e-41
2.094451143151469630e+00 1.331875160253404033e-41
2.176670253153459189e+00 1.376479256450284623e-41
2.262116930469025178e+00 1.376479256450284623e-41
2.350917875457286588e+00 1.422577130335132666e-41
2.443204762186487855e+00 1.331875160253404033e-41
2.539114433680346838e+00 1.331875160253404033e-41
2.638789104828933141e+00 1.376479256450284623e-41
2.742376573264949435e+00 1.376479256450284623e-41
2.850030438518106557e+00 1.422577130335132666e-41
2.961910329772553307e+00 1.422577130335132666e-41
3.078182142565078383e+00 1.422577130335132666e-41
3.199018284775064114e+00 1.470218808070813380e-41
3.324597932270939804e+00 1.470218808070813380e-41
3.455107294592218103e+00 1.470218808070813380e-41
3.590739891061053068e+00 1.622932394950522060e-41
3.731696837732751959e+00 1.622932394950522060e-41
3.878187145610721753e+00 1.622932394950522060e-41
4.030428030568050879e+00 1.622932394950522060e-41
4.188645235435270564e+00 1.622932394950522060e-41
4.353073364731890216e+00 1.622932394950522060e-41
4.523956232538053790e+00 1.791508545613007323e-41
4.701547224022132099e+00 1.791508545613007323e-41
4.886109671160325796e+00 1.791508545613007323e-41
5.077917243205400943e+00 1.791508545613007323e-41
5.277254352483537581e+00 1.791508545613007323e-41
5.484416576121017961e+00 1.977594925697620939e-41
5.699711094326075589e+00 1.977594925697620939e-41
5.923457145875802965e+00 1.977594925697620939e-41
6.155986501483507567e+00 1.977594925697620939e-41
6.397643955748426592e+00 1.977594925697620939e-41
6.648787838417263174e+00 1.977594925697620939e-41
6.909790545715641663e+00 2.043823981495535691e-41
7.181039092537348623e+00 2.043823981495535691e-41
7.462935686310133043e+00 2.043823981495535691e-41
7.755898323389001980e+00 2.043823981495535691e-41
8.060361408861341559e+00 2.043823981495535691e-41
8.376776400682915735e+00 1.913511988093634318e-41
8.705612479099860579e+00 1.913511988093634318e-41
9.047357242349292505e+00 1.977594925697620939e-41
9.402517429670131932e+00 1.851505624836902280e-41
9.771619672696177261e+00 1.851505624836902280e-41
1.015521127634568010e+01 1.733455640615275714e-41
1.055386103036522982e+01 1.622932394950522060e-41
1.096816005273137939e+01 1.519455991181264039e-41
1.139872266616051455e+01 1.422577130335132666e-41
1.184618730902683659e+01 1.331875160253404033e-41
1.231121748203889510e+01 1.246956249101329629e-41
1.279450273207873323e+01 1.093016226688919397e-41
1.329675967466211262e+01 1.023326701264995835e-41
1.381873305653632222e+01 8.969943335965369926e-42
1.436119685999078754e+01 7.862580283595477436e-42
1.492495545051828998e+01 6.243412527535316818e-42
1.551084476952840596e+01 5.123716851368119694e-42
1.611973357388157169e+01 3.809164750690002520e-42
1.675252472408215354e+01 2.831877037472290327e-42
1.741015652304015404e+01 1.671767837171772003e-42
1.809360410738716496e+01 7.836722666817365211e-43
1.880388089340914703e+01 4.055192219171906599e-43
1.954204007974053425e+01 2.098400649555053585e-43
2.030917620904734733e+01 1.280253988000616723e-43
2.110642679101554720e+01 9.209469647620354004e-44
2.193497398905057949e+01 7.075960627650990014e-44
2.279604637318979599e+01 5.618784118388770907e-44
2.369092074182632146e+01 5.090071598205173462e-44
2.462092401494625449e+01 4.177216467336272708e-44
2.558743520168586372e+01 3.784151597915537268e-44
2.659188744512693603e+01 3.428073078802688680e-44
2.763577014736157267e+01 3.105500593603336673e-44
2.872063117797828014e+01 3.004868457980916836e-44
2.984807916924324189e+01 2.633909558579837218e-44
3.101978590138096692e+01 2.548559085789018995e-44
3.223748878149029906e+01 2.386065731283666702e-44
3.350299341977229517e+01 2.308746509136637943e-44
3.481817630688966148e+01 2.161543343605167203e-44
3.618498759642746876e+01 2.091499652950116805e-44
3.760545399658171561e+01 2.091499652950116805e-44
3.908168177536263954e+01 1.958147910606882821e-44
4.061585988376979373e+01 2.023725691752540974e-44
4.221026320156898493e+01 1.894695143437932311e-44
4.386725591048498529e+01 1.894695143437932311e-44
4.558929499981059053e+01 1.894695143437932311e-44
4.737893390963144213e+01 1.773891442500030428e-44
4.923882631706736390e+01 1.773891442500030428e-44
5.117173007114605099e+01 1.773891442500030428e-44
5.318051128214197121e+01 1.773891442500030428e-44
5.526814857144603366e+01 1.716409410589034417e-44
5.743773748826581027e+01 1.716409410589034417e-44
5.969249509970733669e+01 1.716409410589034417e-44
6.203576476104268522e+01 1.833298530270209415e-44
6.447102107323868836e+01 1.833298530270209415e-44
6.700187503509583564e+01 1.773891442500030428e-44
6.963207939763883303e+01 1.894695143437932311e-44
7.236553422869657481e+01 1.833298530270209415e-44
7.520629269592407695e+01 1.833298530270209415e-44
7.815856707684091020e+01 1.958147910606882821e-44
8.122673500479712061e+01 1.894695143437932311e-44
8.441534596012985503e+01 2.023725691752540974e-44
8.772912801613355782e+01 1.958147910606882821e-44
9.117299484984921776e+01 2.023725691752540974e-44
9.475205302806537588e+01 2.023725691752540974e-44
9.847160957933773773e+01 2.091499652950116805e-44
1.023371798632519187e+02 2.233932776270574334e-44
1.063544957486011242e+02 2.161543343605167203e-44
1.105295141126021008e+02 2.233932776270574334e-44
1.148684256737553540e+02 2.386065731283666702e-44
1.193776641714435698e+02 2.308746509136637943e-44
1.240639159058831780e+02 2.386065731283666702e-44
1.289341296525714426e+02 2.465974350789728284e-44
1.339955269659338342e+02 2.633909558579837218e-44
1.392556128874462047e+02 2.548559085789018995e-44
1.447221870741134353e+02 2.633909558579837218e-44
1.504033553638023761e+02 2.722118392884116575e-44
1.563075417945815673e+02 2.813281314364241100e-44
1.624435010958865462e+02 3.004868457980916836e-44
1.688203316700362677e+02 2.907497254506044718e-44
1.754474890833459710e+02 3.004868457980916836e-44
1.823348000868440408e+02 3.105500593603336673e-44
1.894924771873821783e+02 3.209502869004439332e-44
1.969311337907421660e+02 3.316988149145860863e-44
2.046617999391989713e+02 3.428073078802688680e-44
2.126959386668689831e+02 3.542878209148207457e-44
2.210454629971021632e+02 3.661528128578060239e-44
2.297227536071151235e+02 3.910881690144978155e-44
2.387406771860646870e+02 4.041855934824687378e-44
2.481126055137767707e+02 4.177216467336272708e-44
2.578524352884273867e+02 4.317110183132296570e-44
2.679746087325689246e+02 4.461688897149553305e-44
2.784941350080644042e+02 4.611109508561183755e-44
2.894266124716749005e+02 4.765534171046127645e-44
3.007882518043098798e+02 4.925130468761023560e-44
3.125959000482278043e+02 5.090071598205173462e-44
3.248670655878374873e+02 5.260536556176287894e-44
3.376199441111336910e+02 5.436710334020640370e-44
3.508734455902711034e+02 5.618784118388770907e-44
3.646472223212745121e+02 5.806955498714262437e-44
3.789616980644715909e+02 6.001428681641100242e-44
3.938380983288489006e+02 6.202414712631953908e-44
4.092984818452438276e+02 6.410131704998238391e-44
4.253657732750387481e+02 6.624805076600136992e-44
4.420637972028529816e+02 6.846667794473823797e-44
4.594173134636476448e+02 6.846667794473823797e-44
4.774520538566126220e+02 7.075960627650990014e-44
4.961947603002902838e+02 7.312932408445412859e-44
5.156732244854963483e+02 7.557840302489719173e-44
5.359163290848514407e+02 7.810950087815842068e-44
5.569540905800130304e+02 8.072536443281532491e-44
5.788177037701274230e+02 8.342883246656460122e-44
6.015395880274832052e+02 8.622283882690852219e-44
6.251534353689711452e+02 8.911041561501537324e-44
6.496942604146117901e+02 9.836643323783905781e-44
6.751984523072501361e+02 1.016606953290774990e-43
7.017038286703822223e+02 1.050652812611683203e-43
7.292496916841444090e+02 1.085838857461668494e-43
7.578768863625922450e+02 1.085838857461668494e-43
7.876278611187054821e+02 1.122203272309165359e-43
8.185467307069020535e+02 1.159785520408913605e-43
8.506793416364153018e+02 1.198626386628106480e-43
8.840733401525062618e+02 1.238768021706810800e-43
9.187782428863330324e+02 1.280253988000616723e-43
9.548455102782293125e+02 1.413235675863236419e-43
9.923286228832545248e+02 1.460564511114637893e-43
1.031283160672184749e+03 1.509478374740652702e-43
1.071766885445503476e+03 1.509478374740652702e-43
1.113839826482618264e+03 1.560030348862035772e-43
1.157564369553303550e+03 1.612275293303721309e-43
1.203005349423324333e+03 1.666269905129570396e-43
1.250230145991456084e+03 1.722072780170974891e-43
1.299308784200414493e+03 1.900946774765628034e-43
1.350314037869872209e+03 1.964608907176498634e-43
1.403321537605484764e+03 2.030403065142682396e-43
1.458409882943986304e+03 2.030403065142682396e-43
1.515660758900601195e+03 2.098400649555053585e-43
1.575159057091621207e+03 2.168675452498703993e-43
1.636993001611701857e+03 2.241303737333348072e-43
1.701254279852589207e+03 2.474110943400990042e-43
1.768038178457205049e+03 2.556968170425348315e-43
1.837443724610724757e+03 2.642600260916708292e-43
1.909573832878096709e+03 2.642600260916708292e-43
1.984535457805803162e+03 2.731100144213137181e-43
2.062439752514092561e+03 2.822563861828097143e-43
2.143402233514854743e+03 2.917090671676307020e-43
2.227542951999556408e+03 3.220092767200832944e-43
2.314986671851160736e+03 3.327932699829187561e-43
2.405863054644066779e+03 3.439384159177444621e-43
2.500306851906321299e+03 3.439384159177444621e-43
2.598458104929247384e+03 3.554568094182877202e-43
2.700462352420682237e+03 3.673609504326106939e-43
2.806470846309838635e+03 3.796637575282518228e-43
2.916640776023700710e+03 4.190999379811784452e-43
3.031135501567576284e+03 4.331354681176985650e-43
3.150124795755327796e+03 4.476410439124511528e-43
3.273785095948577236e+03 4.476410439124511528e-43
3.402299765678064432e+03 4.626324070523299313e-43
3.535859366535175923e+03 4.781258264085642449e-43
3.674661940736687939e+03 4.941381156919556117e-43
3.818913304781854094e+03 5.454649002814671150e-43
3.968827354637157896e+03 5.637323547773880460e-43
4.124626382901347824e+03 5.637323547773880460e-43
4.286541408420925109e+03 5.826115807980927696e-43
4.454812518844988517e+03 6.021230663868701170e-43
4.629689226627267999e+03 6.222879857253856833e-43
4.811430839003254732e+03 6.869258680940442780e-43
5.000306842491089810e+03 7.099308076071175726e-43
5.196597302486196895e+03 7.337061755850084108e-43
5.400593278542373810e+03 7.337061755850084108e-43
5.612597255954965476e+03 7.582777734439358376e-43
5.832923594286199659e+03 7.836722666817365211e-43
6.061898993497572519e+03 8.650733493819079828e-43
6.299862978380693676e+03 8.940443941499828552e-43
6.547168402004729614e+03 9.239856704429974505e-43
6.804181968927094204e+03 9.239856704429974505e-43
7.071284778942996127e+03 9.549296710212027598e-43
7.348872892180387680e+03 9.869099768175689598e-43
7.637357916378011396e+03 1.089421631314046181e-42
7.937167617217543011e+03 1.125906032173997861e-42
8.248746552614580651e+03 1.163612284581454934e-42
8.572556731909324299e+03 1.163612284581454934e-42
8.909078300934124854e+03 1.202581307975112648e-42
9.258810253973944782e+03 1.242855392173279589e-42
9.622271173675135287e+03 1.284478243267495325e-42
1.000000000000000000e+04 1.417898710154131641e-42
