1.000000000000000056e-01 9.549296710212027947e-45
1.039255682936712638e-01 1.054119488536096357e-44
1.080052374516252828e-01 1.163612284581454924e-44
1.122450568085306410e-01 1.284478243267495524e-44
1.166513131698196093e-01 1.371952438048118338e-44
1.212305401337652189e-01 1.514458966119002317e-44
1.259895277795027302e-01 1.671767837171772123e-44
1.309353327353610374e-01 1.845416590298273783e-44
1.360752886424333452e-01 1.971091222093128652e-44
1.414170170289023587e-01 2.175831094104378616e-44
1.469684386112446450e-01 2.401837569467785297e-44
1.527377850390713721e-01 2.565405001212361521e-44
1.587336111010209105e-01 2.831877037472290367e-44
1.649648074098020167e-01 3.024730567587738185e-44
1.714406135851970769e-01 3.338913362546767303e-44
1.781706319545730832e-01 3.566296550515811594e-44
1.851648417912155065e-01 3.809164750690002938e-44
1.924336141115980114e-01 4.068572507185532839e-44
1.999877270535286022e-01 4.345646179579779679e-44
2.078383818579757347e-01 4.641588833612781669e-44
2.159972194782718291e-01 4.957685464950161374e-44
2.244763378413223709e-01 5.295308578689270843e-44
2.332883097864157096e-01 5.472646861048321090e-44
2.424462017082328336e-01 5.845339337544562828e-44
2.519635929317015077e-01 6.041097983621916894e-44
2.618545958474232660e-01 6.452502524320022256e-44
2.721338768375307082e-01 6.668594881842948996e-44
2.828166780230032540e-01 6.891924107046890649e-44
2.939188398646885858e-01 7.122732560441150606e-44
3.054568246515431684e-01 7.607797448560521629e-44
3.174477409109192627e-01 7.862580283595477914e-44
3.299093687770939809e-01 8.125895718698617872e-44
3.428601863556585694e-01 8.398029508064970813e-44
3.563193971228584833e-01 8.679276975711039961e-44
3.703069584005140302e-01 8.969943335965371359e-44
3.848436109487430312e-01 9.270344024691968178e-44
3.999509097203664543e-01 9.580805041606564305e-44
4.156512558225988752e-01 1.023326701264995986e-43
4.319679297334173551e-01 1.057597602912696954e-43
4.489251258218605600e-01 1.093016226688919381e-43
4.665479882234472853e-01 1.129621009460533068e-43
4.848626481239080577e-01 1.129621009460533068e-43
5.038962625065149803e-01 1.167451675333460665e-43
5.236770544204653044e-01 1.167451675333460665e-43
5.442343548300266898e-01 1.167451675333460665e-43
5.655986461065004578e-01 1.167451675333460665e-43
5.878016072274911963e-01 1.167451675333460665e-43
6.108761607505036606e-01 1.129621009460533068e-43
6.348565216305216419e-01 1.057597602912696954e-43
6.597782479539537892e-01 1.023326701264995986e-43
6.856782936641739878e-01 9.580805041606564305e-44
7.125950633568408632e-01 8.969943335965371359e-44
7.405684692262436419e-01 8.125895718698617872e-44
7.696399902471157128e-01 7.607797448560521629e-44
7.998527336796710241e-01 6.891924107046890649e-44
8.312514989890629202e-01 6.041097983621916894e-44
8.638828442740447144e-01 5.472646861048321090e-44
8.977951553033320931e-01 4.641588833612781669e-44
9.330387172620362435e-01 4.068572507185532839e-44
9.696657893145520513e-01 3.450732560967549178e-44
1.007730682094461150e+00 2.926715742755394671e-44
1.047289838236358461e+00 2.565405001212361521e-44
1.088401916069005937e+00 2.175831094104378616e-44
1.131127876593921444e+00 1.845416590298273783e-44
1.175531073878369304e+00 1.565177738738916923e-44
1.221677348996791812e+00 1.327495031053073566e-44
1.269635127659973550e+00 1.163612284581454924e-44
1.319475521676706009e+00 1.019961293380344130e-44
1.371272434398400186e+00 9.239856704429974256e-45
1.425102670302997865e+00 8.370410962895532118e-45
1.481046048880674704e+00 7.582777734439358575e-45
1.539185522990205390e+00 7.099308076071175676e-45
1.599607301861486919e+00 6.646663917110819663e-45
1.662400978926611872e+00 6.431282221122383512e-45
1.727659664669035644e+00 6.222879857253857281e-45
1.795480124687831358e+00 6.021230663868700971e-45
1.865962923181746058e+00 5.826115807980927149e-45
1.939212572065829976e+00 5.826115807980927149e-45
2.015337685941732904e+00 5.826115807980927149e-45
2.094451143151469630e+00 5.826115807980927149e-45
2.176670253153459189e+00 6.021230663868700971e-45
2.262116930469025178e+00 6.021230663868700971e-45
2.350917875457286588e+00 6.222879857253857281e-45
2.443204762186487855e+00 6.431282221122383512e-45
2.539114433680346838e+00 6.431282221122383512e-45
2.638789104828933141e+00 6.646663917110819663e-45
2.742376573264949435e+00 6.869258680940442531e-45
2.850030438518106557e+00 7.099308076071175676e-45
2.961910329772553307e+00 7.337061755850084507e-45
3.078182142565078383e+00 7.582777734439358575e-45
3.199018284775064114e+00 7.836722666817365510e-45
3.324597932270939804e+00 8.099172138157091996e-45
3.455107294592218103e+00 8.370410962895532118e-45
3.590739891061053068e+00 8.650733493819079778e-45
3.731696837732751959e+00 8.940443941499829199e-45
3.878187145610721753e+00 9.239856704429974256e-45
4.030428030568050879e+00 9.549296710212027947e-45
4.188645235435270564e+00 9.549296710212027947e-45
4.353073364731890216e+00 9.869099768175690246e-45
4.523956232538053790e+00 1.019961293380344130e-44
4.701547224022132099e+00 1.054119488536096357e-44
4.886109671160325796e+00 1.089421631314046226e-44
5.077917243205400943e+00 1.125906032173997921e-44
5.277254352483537581e+00 1.163612284581454924e-44
5.484416576121017961e+00 1.163612284581454924e-44
5.699711094326075589e+00 1.202581307975112658e-44
5.923457145875802965e+00 1.242855392173279668e-44
6.155986501483507567e+00 1.242855392173279668e-44
6.397643955748426592e+00 1.284478243267495524e-44
6.648787838417263174e+00 1.284478243267495524e-44
6.909790545715641663e+00 1.284478243267495524e-44
7.181039092537348623e+00 1.327495031053073566e-44
7.462935686310133043e+00 1.327495031053073566e-44
7.755898323389001980e+00 1.327495031053073566e-44
8.060361408861341559e+00 1.327495031053073566e-44
8.376776400682915735e+00 1.284478243267495524e-44
8.705612479099860579e+00 1.284478243267495524e-44
9.047357242349292505e+00 1.242855392173279668e-44
9.402517429670131932e+00 1.163612284581454924e-44
9.771619672696177261e+00 1.089421631314046226e-44
1.015521127634568010e+01 1.019961293380344130e-44
1.055386103036522982e+01 9.239856704429974256e-45
1.096816005273137939e+01 7.836722666817365510e-45
1.139872266616051455e+01 6.646663917110819663e-45
1.184618730902683659e+01 5.454649002814671025e-45
1.231121748203889510e+01 4.190999379811784402e-45
1.279450273207873323e+01 3.209502869004439254e-46
1.329675967466211262e+01 2.633909558579837063e-46
1.381873305653632222e+01 2.161543343605167359e-46
1.436119685999078754e+01 1.833298530270209586e-46
1.492495545051828998e+01 1.554899887172857876e-46
1.551084476952840596e+01 1.318777939986574220e-46
1.611973357388157169e+01 1.118512689686684742e-46
1.675252472408215354e+01 9.804293618690277532e-47
1.741015652304015404e+01 8.593927833614214205e-47
1.809360410738716496e+01 7.532984882110785027e-47
1.880388089340914703e+01 6.603018123116460918e-47
1.954204007974053425e+01 5.981691822063994226e-47
2.030917620904734733e+01 5.418830660010319285e-47
2.110642679101554720e+01 4.908933224135219814e-47
2.193497398905057949e+01 4.447015769814202991e-47
2.279604637318979599e+01 4.163478882635620818e-47
2.369092074182632146e+01 3.771706683101342407e-47
2.462092401494625449e+01 3.531226768562633294e-47
2.558743520168586372e+01 3.306079591735382389e-47
2.659188744512693603e+01 3.095287553944958498e-47
2.763577014736157267e+01 2.994986366574207356e-47
2.872063117797828014e+01 2.804029294354015240e-47
2.984807916924324189e+01 2.713166179782438263e-47
3.101978590138096692e+01 2.625247437299366568e-47
3.223748878149029906e+01 2.457864516937806248e-47
3.350299341977229517e+01 2.378218692390390619e-47
3.481817630688966148e+01 2.378218692390390619e-47
3.618498759642746876e+01 2.301153749467703669e-47
3.760545399658171561e+01 2.226586056039640312e-47
3.908168177536263954e+01 2.226586056039640312e-47
4.061585988376979373e+01 2.154434690031884585e-47
4.221026320156898493e+01 2.154434690031884585e-47
4.386725591048498529e+01 2.084621351607955605e-47
4.558929499981059053e+01 2.084621351607955605e-47
4.737893390963144213e+01 2.084621351607955605e-47
4.923882631706736390e+01 2.084621351607955605e-47
5.117173007114605099e+01 2.084621351607955605e-47
5.318051128214197121e+01 2.084621351607955605e-47
5.526814857144603366e+01 2.084621351607955605e-47
5.743773748826581027e+01 2.084621351607955605e-47
5.969249509970733669e+01 2.154434690031884585e-47
6.203576476104268522e+01 2.154434690031884585e-47
6.447102107323868836e+01 2.154434690031884585e-47
6.700187503509583564e+01 2.226586056039640312e-47
6.963207939763883303e+01 2.226586056039640312e-47
7.236553422869657481e+01 2.301153749467703669e-47
7.520629269592407695e+01 2.301153749467703669e-47
7.815856707684091020e+01 2.378218692390390619e-47
8.122673500479712061e+01 2.378218692390390619e-47
8.441534596012985503e+01 2.457864516937806248e-47
8.772912801613355782e+01 2.457864516937806248e-47
9.117299484984921776e+01 2.540177656054792918e-47
9.475205302806537588e+01 2.625247437299366568e-47
9.847160957933773773e+01 2.625247437299366568e-47
1.023371798632519187e+02 2.713166179782438263e-47
1.063544957486011242e+02 2.804029294354015240e-47
1.105295141126021008e+02 2.897935387144608220e-47
1.148684256737553540e+02 2.994986366574207356e-47
1.193776641714435698e+02 2.994986366574207356e-47
1.240639159058831780e+02 3.095287553944958498e-47
1.289341296525714426e+02 3.198947797737555970e-47
1.339955269659338342e+02 3.306079591735382389e-47
1.392556128874462047e+02 3.416799197104594985e-47
1.447221870741134353e+02 3.531226768562633294e-47
1.504033553638023761e+02 3.649486484772075469e-47
1.563075417945815673e+02 3.649486484772075469e-47
1.624435010958865462e+02 3.771706683101342407e-47
1.688203316700362677e+02 3.898019998898497383e-47
1.754474890833459710e+02 4.028563509429287992e-47
1.823348000868440408e+02 4.163478882635620818e-47
1.894924771873821783e+02 4.302912530875921054e-47
1.969311337907421660e+02 4.447015769814202991e-47
2.046617999391989713e+02 4.595944982630293076e-47
2.126959386668689831e+02 4.749861789729403523e-47
2.210454629971021632e+02 4.908933224135219814e-47
2.297227536071151235e+02 5.073331912756860227e-47
2.387406771860646870e+02 5.243236263726409134e-47
2.481126055137767707e+02 5.418830660010319285e-47
2.578524352884273867e+02 5.600305659504812896e-47
2.679746087325689246e+02 5.787858201832405484e-47
2.784941350080644042e+02 5.981691822063994226e-47
2.894266124716749005e+02 6.182016871598428049e-47
3.007882518043098798e+02 6.389050746439267076e-47
3.125959000482278043e+02 6.603018123116460918e-47
3.248670655878374873e+02 6.824151202508980108e-47
3.376199441111336910e+02 7.288882415069020637e-47
3.508734455902711034e+02 7.532984882110785027e-47
3.646472223212745121e+02 7.785262266927691966e-47
3.789616980644715909e+02 8.045988345042949357e-47
3.938380983288489006e+02 8.315446060639209814e-47
4.092984818452438276e+02 8.593927833614214205e-47
4.253657732750387481e+02 8.881735876919608173e-47
4.420637972028529816e+02 9.179182524527365810e-47
4.594173134636476448e+02 9.486590570379696244e-47
4.774520538566126220e+02 9.804293618690277532e-47
4.961947603002902838e+02 1.013263644597698477e-46
5.156732244854963483e+02 1.047197537521898205e-46
5.359163290848514407e+02 1.118512689686684742e-46
5.569540905800130304e+02 1.155971341290882114e-46
5.788177037701274230e+02 1.194684471805283180e-46
6.015395880274832052e+02 1.234694093349080015e-46
6.251534353689711452e+02 1.276043625014636406e-46
6.496942604146117901e+02 1.318777939986574220e-46
6.751984523072501361e+02 1.362943414238903855e-46
7.017038286703822223e+02 1.408587976862964294e-46
7.292496916841444090e+02 1.455761162080875598e-46
7.578768863625922450e+02 1.554899887172857876e-46
7.876278611187054821e+02 1.606973014004641008e-46
8.185467307069020535e+02 1.660790054100817297e-46
8.506793416364153018e+02 1.716409410589034526e-46
8.840733401525062618e+02 1.773891442500030506e-46
9.187782428863330324e+02 1.833298530270209586e-46
9.548455102782293125e+02 1.894695143437932388e-46
9.923286228832545248e+02 2.023725691752541114e-46
1.031283160672184749e+03 2.091499652950116743e-46
1.071766885445503476e+03 2.161543343605167359e-46
1.113839826482618264e+03 2.233932776270574287e-46
1.157564369553303550e+03 2.308746509136637943e-46
1.203005349423324333e+03 2.386065731283666904e-46
1.250230145991456084e+03 2.465974350789728004e-46
1.299308784200414493e+03 2.548559085789019290e-46
1.350314037869872209e+03 2.722118392884117042e-46
1.403321537605484764e+03 2.813281314364241365e-46
1.458409882943986304e+03 2.907497254506044516e-46
1.515660758900601195e+03 3.004868457980916898e-46
1.575159057091621207e+03 3.105500593603336782e-46
1.636993001611701857e+03 3.209502869004439254e-46
1.701254279852589207e+03 3.428073078802688757e-46
1.768038178457205049e+03 3.542878209148207830e-46
1.837443724610724757e+03 3.661528128578060985e-46
1.909573832878096709e+03 3.784151597915537175e-46
1.984535457805803162e+03 3.910881690144978560e-46
2.062439752514092561e+03 4.041855934824687533e-46
2.143402233514854743e+03 4.177216467336272926e-46
2.227542951999556408e+03 4.461688897149553678e-46
2.314986671851160736e+03 4.611109508561183817e-46
2.405863054644066779e+03 4.765534171046128236e-46
2.500306851906321299e+03 4.925130468761023902e-46
2.598458104929247384e+03 5.090071598205173836e-46
2.700462352420682237e+03 5.260536556176288361e-46
2.806470846309838635e+03 5.618784118388771592e-46
2.916640776023700710e+03 5.806955498714262344e-46
3.031135501567576284e+03 6.001428681641100242e-46
3.150124795755327796e+03 6.202414712631954406e-46
3.273785095948577236e+03 6.410131704998239324e-46
3.402299765678064432e+03 6.624805076600136587e-46
3.535859366535175923e+03 6.846667794473824077e-46
3.674661940736687939e+03 7.312932408445413357e-46
3.818913304781854094e+03 7.557840302489719297e-46
3.968827354637157896e+03 7.810950087815842005e-46
4.124626382901347824e+03 8.072536443281533300e-46
4.286541408420925109e+03 8.342883246656460309e-46
4.454812518844988517e+03 8.622283882690853028e-46
4.629689226627267999e+03 9.209469647620353071e-46
4.811430839003254732e+03 9.517892000062589861e-46
5.000306842491089810e+03 9.836643323783906902e-46
5.196597302486196895e+03 1.016606953290775058e-45
5.400593278542373810e+03 1.050652812611683141e-45
5.612597255954965476e+03 1.085838857461668600e-45
5.832923594286199659e+03 1.159785520408913680e-45
6.061898993497572519e+03 1.198626386628106629e-45
6.299862978380693676e+03 1.238768021706810825e-45
6.547168402004729614e+03 1.280253988000616822e-45
6.804181968927094204e+03 1.323129306755235348e-45
7.071284778942996127e+03 1.367440506964265049e-45
7.348872892180387680e+03 1.460564511114637905e-45
7.637357916378011396e+03 1.509478374740652901e-45
7.937167617217543011e+03 1.560030348862036034e-45
8.248746552614580651e+03 1.612275293303721408e-45
8.572556731909324299e+03 1.666269905129570321e-45
8.909078300934124854e+03 1.722072780170974903e-45
9.258810253973944782e+03 1.839347580728039794e-45
9.622271173675135287e+03 1.900946774765628283e-45
1.000000000000000000e+04 1.964608907176498709e-45
