# SI neutrino floor for F 
#  Column 0 = Mass [GeV] 
#  Column 1 = Cross section [cm^2]
1.000000000000000056e-01 2.457317273351808965e-45
1.039255682936712638e-01 2.706359575528433496e-45
1.080052374516252828e-01 2.979574551975053723e-45
1.122450568085306410e-01 3.276361352311341053e-45
1.166513131698196093e-01 3.598509838668178887e-45
1.212305401337652189e-01 3.946186022753350281e-45
1.259895277795027302e-01 4.329219394395550371e-45
1.309353327353610374e-01 4.734704926693137938e-45
1.360752886424333452e-01 5.178085760424325446e-45
1.414170170289023587e-01 5.648400970527850093e-45
1.469684386112446450e-01 6.155979506271454714e-45
1.527377850390713721e-01 6.691552201393531169e-45
1.587336111010209105e-01 7.261678976015933917e-45
1.649648074098020167e-01 7.861726367179905613e-45
1.714406135851970769e-01 8.498091244283906572e-45
1.781706319545730832e-01 9.161182065467591190e-45
1.851648417912155065e-01 9.852272854632281728e-45
1.924336141115980114e-01 1.055537667508177937e-44
1.999877270535286022e-01 1.129006059522542743e-44
2.078383818579757347e-01 1.203169211550520783e-44
2.159972194782718291e-01 1.277162179941133695e-44
2.244763378413223709e-01 1.352008347113862335e-44
2.332883097864157096e-01 1.426586468383244511e-44
2.424462017082328336e-01 1.500000211409812469e-44
2.519635929317015077e-01 1.571328874644044149e-44
2.618545958474232660e-01 1.642590184419389797e-44
2.721338768375307082e-01 1.712906059094375133e-44
2.828166780230032540e-01 1.781172134749311429e-44
2.939188398646885858e-01 1.851207428992578931e-44
3.054568246515431684e-01 1.922371209368250759e-44
3.174477409109192627e-01 1.995104076438428416e-44
3.299093687770939809e-01 2.070058700829634056e-44
3.428601863556585694e-01 2.149080151118172879e-44
3.563193971228584833e-01 2.229712525687647320e-44
3.703069584005140302e-01 2.315574879272839360e-44
3.848436109487430312e-01 2.403848259256196860e-44
3.999509097203664543e-01 2.494113348524214849e-44
4.156512558225988752e-01 2.588222966997591738e-44
4.319679297334173551e-01 2.682408556787725830e-44
4.489251258218605600e-01 2.772790024196079552e-44
4.665479882234472853e-01 2.856465171162607498e-44
4.848626481239080577e-01 2.927654092185391847e-44
5.038962625065149803e-01 2.983077956906899528e-44
5.236770544204653044e-01 3.011323144173250645e-44
5.442343548300266898e-01 3.013177928412543712e-44
5.655986461065004578e-01 2.981169622337437459e-44
5.878016072274911963e-01 2.917512932159650905e-44
6.108761607505036606e-01 2.821418520749344360e-44
6.348565216305216419e-01 2.701427278872700959e-44
6.597782479539537892e-01 2.560993717284008699e-44
6.856782936641739878e-01 2.405510874825517838e-44
7.125950633568408632e-01 2.239748203357198379e-44
7.405684692262436419e-01 2.065994415201765636e-44
7.696399902471157128e-01 1.884742695039169768e-44
7.998527336796710241e-01 1.699686686147306173e-44
8.312514989890629202e-01 1.514025579118651881e-44
8.638828442740447144e-01 1.331567629468046456e-44
8.977951553033320931e-01 1.157737510815259311e-44
9.330387172620362435e-01 9.959096703254739049e-45
9.696657893145520513e-01 8.492726227599823067e-45
1.007730682094461150e+00 7.200117378420494733e-45
1.047289838236358461e+00 6.085093918636249457e-45
1.088401916069005937e+00 5.141611027832538977e-45
1.131127876593921444e+00 4.356981595326161894e-45
1.175531073878369304e+00 3.714509396237852832e-45
1.221677348996791812e+00 3.194289674302870035e-45
1.269635127659973550e+00 2.773624631680411067e-45
1.319475521676706009e+00 2.437988943121669955e-45
1.371272434398400186e+00 2.172815464511277340e-45
1.425102670302997865e+00 1.962092521171454148e-45
1.481046048880674704e+00 1.797123140008322924e-45
1.539185522990205390e+00 1.669352390875514031e-45
1.599607301861486919e+00 1.572561952258548150e-45
1.662400978926611872e+00 1.500087248611024851e-45
1.727659664669035644e+00 1.447668154442827433e-45
1.795480124687831358e+00 1.412719847259202918e-45
1.865962923181746058e+00 1.392579930874762207e-45
1.939212572065829976e+00 1.384782376079402898e-45
2.015337685941732904e+00 1.386767770777038672e-45
2.094451143151469630e+00 1.397652616012970139e-45
2.176670253153459189e+00 1.415744937984616430e-45
2.262116930469025178e+00 1.440435114889187235e-45
2.350917875457286588e+00 1.470077551143891650e-45
2.443204762186487855e+00 1.504732013452959572e-45
2.539114433680346838e+00 1.543985337881710710e-45
2.638789104828933141e+00 1.587695152717429469e-45
2.742376573264949435e+00 1.633709929886993213e-45
2.850030438518106557e+00 1.683102654728984859e-45
2.961910329772553307e+00 1.735237523416240593e-45
3.078182142565078383e+00 1.790366825881214498e-45
3.199018284775064114e+00 1.847622309240753957e-45
3.324597932270939804e+00 1.906522195825450437e-45
3.455107294592218103e+00 1.966690323287480044e-45
3.590739891061053068e+00 2.028519430476198990e-45
3.731696837732751959e+00 2.092097020709371055e-45
3.878187145610721753e+00 2.156267020926853674e-45
4.030428030568050879e+00 2.219904018329386784e-45
4.188645235435270564e+00 2.283284144695386968e-45
4.353073364731890216e+00 2.346626079479498691e-45
4.523956232538053790e+00 2.410257447772428095e-45
4.701547224022132099e+00 2.472089830499844569e-45
4.886109671160325796e+00 2.531261987630732365e-45
5.077917243205400943e+00 2.589148461164288501e-45
5.277254352483537581e+00 2.643584701389207243e-45
5.484416576121017961e+00 2.694562342268015317e-45
5.699711094326075589e+00 2.740780320196279173e-45
5.923457145875802965e+00 2.781293749680218515e-45
6.155986501483507567e+00 2.814694659522869231e-45
6.397643955748426592e+00 2.841744650940551613e-45
6.648787838417263174e+00 2.860870865938876400e-45
6.909790545715641663e+00 2.868548948114637279e-45
7.181039092537348623e+00 2.864209194484138849e-45
7.462935686310133043e+00 2.844856462887433413e-45
7.755898323389001980e+00 2.808996729939480581e-45
8.060361408861341559e+00 2.751462250167638718e-45
8.376776400682915735e+00 2.667919813644023237e-45
8.705612479099860579e+00 2.553669633867749725e-45
9.047357242349292505e+00 2.408532925031258327e-45
9.402517429670131932e+00 2.228554339563302166e-45
9.771619672696177261e+00 2.012902818068658374e-45
1.015521127634568010e+01 1.766729541543742448e-45
1.055386103036522982e+01 1.499494206744795372e-45
1.096816005273137939e+01 1.220711817724040243e-45
1.139872266616051455e+01 9.330006891417737163e-46
1.184618730902683659e+01 6.113231467426271537e-46
1.231121748203889510e+01 5.931821810324284014e-47
1.279450273207873323e+01 4.739556220787472122e-47
1.329675967466211262e+01 3.845301809619298323e-47
1.381873305653632222e+01 3.159128710657746766e-47
1.436119685999078754e+01 2.623294159646348318e-47
1.492495545051828998e+01 2.199959668244979562e-47
1.551084476952840596e+01 1.860679142715607938e-47
1.611973357388157169e+01 1.588448641776521983e-47
1.675252472408215354e+01 1.367285850147871650e-47
1.741015652304015404e+01 1.186340002351600187e-47
1.809360410738716496e+01 1.037993582421261559e-47
1.880388089340914703e+01 9.152332841429380126e-48
1.954204007974053425e+01 8.136038398976394513e-48
2.030917620904734733e+01 7.288708359571659840e-48
2.110642679101554720e+01 6.577238802000837702e-48
2.193497398905057949e+01 5.979329397210903786e-48
2.279604637318979599e+01 5.471179622278815146e-48
2.369092074182632146e+01 5.040237722557039500e-48
2.462092401494625449e+01 4.669974817944335156e-48
2.558743520168586372e+01 4.352906990552089351e-48
2.659188744512693603e+01 4.080040815088800291e-48
2.763577014736157267e+01 3.846637543262678901e-48
2.872063117797828014e+01 3.647647290521754326e-48
2.984807916924324189e+01 3.475911048279923645e-48
3.101978590138096692e+01 3.327442766256393466e-48
3.223748878149029906e+01 3.201102364985534087e-48
3.350299341977229517e+01 3.092783415119753619e-48
3.481817630688966148e+01 3.000602233189878934e-48
3.618498759642746876e+01 2.922672660018578656e-48
3.760545399658171561e+01 2.856743705709255390e-48
3.908168177536263954e+01 2.802660259521673625e-48
4.061585988376979373e+01 2.758463888470515935e-48
4.221026320156898493e+01 2.724048176487215749e-48
4.386725591048498529e+01 2.698406348971121127e-48
4.558929499981059053e+01 2.680553497442520009e-48
4.737893390963144213e+01 2.670127602122463086e-48
4.923882631706736390e+01 2.666922904723695790e-48
5.117173007114605099e+01 2.669639960485044414e-48
5.318051128214197121e+01 2.678067496334304311e-48
5.526814857144603366e+01 2.691618814888945199e-48
5.743773748826581027e+01 2.710273566031297387e-48
5.969249509970733669e+01 2.735314008870281490e-48
6.203576476104268522e+01 2.763349915044592800e-48
6.447102107323868836e+01 2.796852274648708342e-48
6.700187503509583564e+01 2.835147123038571211e-48
6.963207939763883303e+01 2.876652246933210357e-48
7.236553422869657481e+01 2.923792416287543110e-48
7.520629269592407695e+01 2.975356609004003190e-48
7.815856707684091020e+01 3.030837855327469365e-48
8.122673500479712061e+01 3.090961250184714360e-48
8.441534596012985503e+01 3.155160285703465513e-48
8.772912801613355782e+01 3.224544654098654540e-48
9.117299484984921776e+01 3.297712146294632190e-48
9.475205302806537588e+01 3.375505964847540127e-48
9.847160957933773773e+01 3.457342616052481502e-48
1.023371798632519187e+02 3.544753317673340127e-48
1.063544957486011242e+02 3.635370857397581741e-48
1.105295141126021008e+02 3.731142055058135963e-48
1.148684256737553540e+02 3.832254859595816108e-48
1.193776641714435698e+02 3.939047438638531927e-48
1.240639159058831780e+02 4.050089772144873917e-48
1.289341296525714426e+02 4.165720471383327451e-48
1.339955269659338342e+02 4.287800853414603129e-48
1.392556128874462047e+02 4.414821401282398692e-48
1.447221870741134353e+02 4.546527350872752365e-48
1.504033553638023761e+02 4.685726567596032683e-48
1.563075417945815673e+02 4.829820957954990535e-48
1.624435010958865462e+02 4.981341030462214127e-48
1.688203316700362677e+02 5.138919001958519746e-48
1.754474890833459710e+02 5.302426639014640253e-48
1.823348000868440408e+02 5.473147355197845860e-48
1.894924771873821783e+02 5.652479455099489856e-48
1.969311337907421660e+02 5.836316451973957002e-48
2.046617999391989713e+02 6.030803023155508423e-48
2.126959386668689831e+02 6.230882097957464983e-48
2.210454629971021632e+02 6.441009392632101271e-48
2.297227536071151235e+02 6.659446606244723704e-48
2.387406771860646870e+02 6.884963428812992431e-48
2.481126055137767707e+02 7.121431849638179435e-48
2.578524352884273867e+02 7.368515409626671929e-48
2.679746087325689246e+02 7.622834889661893155e-48
2.784941350080644042e+02 7.889135047948735736e-48
2.894266124716749005e+02 8.166245140085315923e-48
3.007882518043098798e+02 8.454127166762360581e-48
3.125959000482278043e+02 8.753122473686888838e-48
3.248670655878374873e+02 9.063261404136089351e-48
3.376199441111336910e+02 9.387043657402990018e-48
3.508734455902711034e+02 9.726080583859514738e-48
3.646472223212745121e+02 1.007520494157210122e-47
3.789616980644715909e+02 1.043691411250621540e-47
3.938380983288489006e+02 1.081491543580576533e-47
4.092984818452438276e+02 1.120935803517696273e-47
4.253657732750387481e+02 1.161939832527897585e-47
4.420637972028529816e+02 1.204372531608605850e-47
4.594173134636476448e+02 1.248591256857156029e-47
4.774520538566126220e+02 1.294481899588099039e-47
4.961947603002902838e+02 1.342165395610513624e-47
5.156732244854963483e+02 1.391783025664287408e-47
5.359163290848514407e+02 1.443274768417562167e-47
5.569540905800130304e+02 1.496960092416948423e-47
5.788177037701274230e+02 1.552767312803045952e-47
6.015395880274832052e+02 1.610661516397324805e-47
6.251534353689711452e+02 1.670905240969554082e-47
6.496942604146117901e+02 1.733585360582331288e-47
6.751984523072501361e+02 1.798728456688234836e-47
7.017038286703822223e+02 1.866430553649522606e-47
7.292496916841444090e+02 1.936791746480482818e-47
7.578768863625922450e+02 2.009913099607797542e-47
7.876278611187054821e+02 2.085807336809891363e-47
8.185467307069020535e+02 2.164691695682757534e-47
8.506793416364153018e+02 2.246683373837111364e-47
8.840733401525062618e+02 2.331904582936381718e-47
9.187782428863330324e+02 2.420480547078601025e-47
9.548455102782293125e+02 2.512544702749619830e-47
9.923286228832545248e+02 2.608233931975250982e-47
1.031283160672184749e+03 2.707690819833394936e-47
1.071766885445503476e+03 2.811064329533000468e-47
1.113839826482618264e+03 2.918508449132438502e-47
1.157564369553303550e+03 3.030183423540252144e-47
1.203005349423324333e+03 3.146256558506603870e-47
1.250230145991456084e+03 3.266901136650446369e-47
1.299308784200414493e+03 3.392297611368349137e-47
1.350314037869872209e+03 3.522634037757109817e-47
1.403321537605484764e+03 3.658103244700832715e-47
1.458409882943986304e+03 3.798901591768214018e-47
1.515660758900601195e+03 3.945245156638071236e-47
1.575159057091621207e+03 4.097351598094079487e-47
1.636993001611701857e+03 4.255433370049065315e-47
1.701254279852589207e+03 4.419573828203311735e-47
1.768038178457205049e+03 4.590159974150696249e-47
1.837443724610724757e+03 4.767444827260270854e-47
1.909573832878096709e+03 4.951692348884156690e-47
1.984535457805803162e+03 5.143176717934217767e-47
2.062439752514092561e+03 5.342181936123493144e-47
2.143402233514854743e+03 5.548978558601027660e-47
2.227542951999556408e+03 5.763884747505314501e-47
2.314986671851160736e+03 5.987155842628850628e-47
2.405863054644066779e+03 6.219282937072947372e-47
2.500306851906321299e+03 6.460549495114064316e-47
2.598458104929247384e+03 6.711296029640097292e-47
2.700462352420682237e+03 6.971905629120993426e-47
2.806470846309838635e+03 7.242759715114273863e-47
2.916640776023700710e+03 7.524039564797870706e-47
3.031135501567576284e+03 7.816157906582398151e-47
3.150124795755327796e+03 8.119822997617992128e-47
3.273785095948577236e+03 8.435447431531328003e-47
3.402299765678064432e+03 8.763867877923240467e-47
3.535859366535175923e+03 9.105315234802397287e-47
3.674661940736687939e+03 9.460214038116215129e-47
3.818913304781854094e+03 9.829278758081799146e-47
3.968827354637157896e+03 1.021290385641008320e-46
4.124626382901347824e+03 1.061174887644677349e-46
4.286541408420925109e+03 1.102617457973211295e-46
4.454812518844988517e+03 1.145628950789382529e-46
4.629689226627267999e+03 1.190257793531415036e-46
4.811430839003254732e+03 1.236589803875720560e-46
5.000306842491089810e+03 1.284736997488527037e-46
5.196597302486196895e+03 1.334846229435647540e-46
5.400593278542373810e+03 1.386962566322889645e-46
5.612597255954965476e+03 1.441132869074634872e-46
5.832923594286199659e+03 1.497455935743744346e-46
6.061898993497572519e+03 1.555987032869069766e-46
6.299862978380693676e+03 1.616924991549382287e-46
6.547168402004729614e+03 1.680255479580958673e-46
6.804181968927094204e+03 1.745919447930252486e-46
7.071284778942996127e+03 1.814155431861500262e-46
7.348872892180387680e+03 1.885065810321881589e-46
7.637357916378011396e+03 1.958752430191037778e-46
7.937167617217543011e+03 2.035256612380268722e-46
8.248746552614580651e+03 2.114859028616947149e-46
8.572556731909324299e+03 2.197598267741933113e-46
8.909078300934124854e+03 2.283595193794717826e-46
9.258810253973944782e+03 2.372813487055144054e-46
9.622271173675135287e+03 2.465514084905078302e-46
1.000000000000000000e+04 2.561896157228583035e-46
