# SI neutrino floor for Ge 
#  Column 0 = Mass [GeV] 
#  Column 1 = Cross section [cm^2]
1.000000000000000056e-01 3.411089133550599469e-45
1.039255682936712638e-01 3.693615526914359678e-45
1.080052374516252828e-01 4.004110185128401503e-45
1.122450568085306410e-01 4.338597363556700057e-45
1.166513131698196093e-01 4.705523686641291644e-45
1.212305401337652189e-01 5.098745628132217190e-45
1.259895277795027302e-01 5.525521696524128477e-45
1.309353327353610374e-01 5.987835517762216120e-45
1.360752886424333452e-01 6.481862159574288312e-45
1.414170170289023587e-01 7.010857852225287158e-45
1.469684386112446450e-01 7.580737974322349532e-45
1.527377850390713721e-01 8.180726111906338991e-45
1.587336111010209105e-01 8.816108520397377327e-45
1.649648074098020167e-01 9.490161106185145841e-45
1.714406135851970769e-01 1.019837402588030724e-44
1.781706319545730832e-01 1.092950030583254628e-44
1.851648417912155065e-01 1.169686500280125654e-44
1.924336141115980114e-01 1.248771755456156628e-44
1.999877270535286022e-01 1.328755467365428343e-44
2.078383818579757347e-01 1.411824822775116960e-44
2.159972194782718291e-01 1.493946206434904257e-44
2.244763378413223709e-01 1.577199191015298127e-44
2.332883097864157096e-01 1.658929552199669857e-44
2.424462017082328336e-01 1.739870770244656420e-44
2.519635929317015077e-01 1.819701117175664743e-44
2.618545958474232660e-01 1.896712518526838675e-44
2.721338768375307082e-01 1.974998132834959435e-44
2.828166780230032540e-01 2.051475300646688185e-44
2.939188398646885858e-01 2.130938375238733276e-44
3.054568246515431684e-01 2.209429673114017083e-44
3.174477409109192627e-01 2.290996103860380001e-44
3.299093687770939809e-01 2.376946664099121626e-44
3.428601863556585694e-01 2.465172082315822503e-44
3.563193971228584833e-01 2.556320109741561356e-44
3.703069584005140302e-01 2.652580236756618797e-44
3.848436109487430312e-01 2.753574030707857647e-44
3.999509097203664543e-01 2.856939398981853763e-44
4.156512558225988752e-01 2.959686614505016939e-44
4.319679297334173551e-01 3.061784234331894664e-44
4.489251258218605600e-01 3.160888038593329573e-44
4.665479882234472853e-01 3.249176983452902032e-44
4.848626481239080577e-01 3.319134771997625797e-44
5.038962625065149803e-01 3.367201790190279844e-44
5.236770544204653044e-01 3.383935334449123326e-44
5.442343548300266898e-01 3.362731582512484981e-44
5.655986461065004578e-01 3.300755212175746894e-44
5.878016072274911963e-01 3.201114639006946081e-44
6.108761607505036606e-01 3.066523389261443525e-44
6.348565216305216419e-01 2.904485673612954835e-44
6.597782479539537892e-01 2.723148249657537565e-44
6.856782936641739878e-01 2.525042112487447865e-44
7.125950633568408632e-01 2.315064130698331829e-44
7.405684692262436419e-01 2.098709654008959793e-44
7.696399902471157128e-01 1.878312369357495504e-44
7.998527336796710241e-01 1.660430829984138058e-44
8.312514989890629202e-01 1.449399763505836293e-44
8.638828442740447144e-01 1.250369182624940667e-44
8.977951553033320931e-01 1.067635760007607437e-44
9.330387172620362435e-01 9.052173783660421582e-45
9.696657893145520513e-01 7.629160347274395390e-45
1.007730682094461150e+00 6.418279643965958644e-45
1.047289838236358461e+00 5.405348697820055626e-45
1.088401916069005937e+00 4.567520676030371935e-45
1.131127876593921444e+00 3.886707483534085498e-45
1.175531073878369304e+00 3.336012116704255651e-45
1.221677348996791812e+00 2.896279713323825395e-45
1.269635127659973550e+00 2.545170698110401162e-45
1.319475521676706009e+00 2.267054187544046354e-45
1.371272434398400186e+00 2.047998777657799501e-45
1.425102670302997865e+00 1.877522631930648906e-45
1.481046048880674704e+00 1.745194489419340425e-45
1.539185522990205390e+00 1.645686337651839639e-45
1.599607301861486919e+00 1.571632246658989755e-45
1.662400978926611872e+00 1.520178583372330396e-45
1.727659664669035644e+00 1.486162719493513533e-45
1.795480124687831358e+00 1.466750253378388774e-45
1.865962923181746058e+00 1.460598304624335749e-45
1.939212572065829976e+00 1.465617075707835087e-45
2.015337685941732904e+00 1.478163029323004907e-45
2.094451143151469630e+00 1.498597233473649647e-45
2.176670253153459189e+00 1.525695417397041988e-45
2.262116930469025178e+00 1.558207786099951117e-45
2.350917875457286588e+00 1.595654082969065676e-45
2.443204762186487855e+00 1.636535511258608435e-45
2.539114433680346838e+00 1.681833118261395196e-45
2.638789104828933141e+00 1.729395857338925999e-45
2.742376573264949435e+00 1.780570300413859084e-45
2.850030438518106557e+00 1.832071092621118754e-45
2.961910329772553307e+00 1.886055264159647979e-45
3.078182142565078383e+00 1.941626676058996256e-45
3.199018284775064114e+00 1.997438615672605435e-45
3.324597932270939804e+00 2.053611775361512644e-45
3.455107294592218103e+00 2.109056918415809357e-45
3.590739891061053068e+00 2.163712689276895640e-45
3.731696837732751959e+00 2.217773133573082750e-45
3.878187145610721753e+00 2.266810908005003968e-45
4.030428030568050879e+00 2.315372114402149059e-45
4.188645235435270564e+00 2.357691364201861453e-45
4.353073364731890216e+00 2.396484596682180669e-45
4.523956232538053790e+00 2.427160254642623046e-45
4.701547224022132099e+00 2.450531956728753043e-45
4.886109671160325796e+00 2.465083346300688108e-45
5.077917243205400943e+00 2.468022863984853842e-45
5.277254352483537581e+00 2.455538833227742240e-45
5.484416576121017961e+00 2.427915657480162287e-45
5.699711094326075589e+00 2.379744869195585627e-45
5.923457145875802965e+00 2.305027669158811233e-45
6.155986501483507567e+00 2.197441117293353856e-45
6.397643955748426592e+00 2.049786301749367744e-45
6.648787838417263174e+00 1.849640341469904323e-45
6.909790545715641663e+00 1.596738281892112769e-45
7.181039092537348623e+00 1.304297588865902075e-45
7.462935686310133043e+00 9.855807999738119692e-46
7.755898323389001980e+00 6.453505908216604197e-46
8.060361408861341559e+00 4.268215586237856991e-47
8.376776400682915735e+00 2.938914303621841242e-47
8.705612479099860579e+00 2.075876970874217624e-47
9.047357242349292505e+00 1.490844253949909552e-47
9.402517429670131932e+00 1.087081993626020505e-47
9.771619672696177261e+00 8.045555412325433620e-48
1.015521127634568010e+01 6.046286849802345537e-48
1.055386103036522982e+01 4.611809425742430166e-48
1.096816005273137939e+01 3.568492033198208759e-48
1.139872266616051455e+01 2.798477380911416799e-48
1.184618730902683659e+01 2.223705840264561934e-48
1.231121748203889510e+01 1.792142970865996119e-48
1.279450273207873323e+01 1.464137189070941168e-48
1.329675967466211262e+01 1.213096898296090192e-48
1.381873305653632222e+01 1.018515920873992318e-48
1.436119685999078754e+01 8.675464771227896269e-49
1.492495545051828998e+01 7.504354891263761092e-49
1.551084476952840596e+01 6.592174713376594375e-49
1.611973357388157169e+01 5.873837344142912911e-49
1.675252472408215354e+01 5.309251315705997858e-49
1.741015652304015404e+01 4.865228758818050861e-49
1.809360410738716496e+01 4.518877538126960186e-49
1.880388089340914703e+01 4.246909228810426257e-49
1.954204007974053425e+01 4.031957985656614309e-49
2.030917620904734733e+01 3.861867304576186074e-49
2.110642679101554720e+01 3.730037513975251126e-49
2.193497398905057949e+01 3.626699392672458118e-49
2.279604637318979599e+01 3.547833966365520095e-49
2.369092074182632146e+01 3.488176136632436715e-49
2.462092401494625449e+01 3.445044937905725442e-49
2.558743520168586372e+01 3.416021241825923708e-49
2.659188744512693603e+01 3.399448380590012939e-49
2.763577014736157267e+01 3.391544639350262139e-49
2.872063117797828014e+01 3.392684409334486664e-49
2.984807916924324189e+01 3.401951112699991825e-49
3.101978590138096692e+01 3.417702768560622160e-49
3.223748878149029906e+01 3.439999972335383495e-49
3.350299341977229517e+01 3.467672667642938249e-49
3.481817630688966148e+01 3.501750347937452038e-49
3.618498759642746876e+01 3.539623745233349704e-49
3.760545399658171561e+01 3.582469404929277374e-49
3.908168177536263954e+01 3.629540462224499888e-49
4.061585988376979373e+01 3.680832745579391630e-49
4.221026320156898493e+01 3.736217432802561899e-49
4.386725591048498529e+01 3.796364130057917338e-49
4.558929499981059053e+01 3.858958512124236985e-49
4.737893390963144213e+01 3.925955153822783204e-49
4.923882631706736390e+01 3.996264214550034995e-49
5.117173007114605099e+01 4.072214527599376523e-49
5.318051128214197121e+01 4.150214111019596466e-49
5.526814857144603366e+01 4.232475152218760861e-49
5.743773748826581027e+01 4.318410518833648510e-49
5.969249509970733669e+01 4.409019938604446026e-49
6.203576476104268522e+01 4.503348405645231849e-49
6.447102107323868836e+01 4.602313278020763432e-49
6.700187503509583564e+01 4.704407399582308430e-49
6.963207939763883303e+01 4.811097278446359681e-49
7.236553422869657481e+01 4.924258570677051394e-49
7.520629269592407695e+01 5.040044787778098150e-49
7.815856707684091020e+01 5.161456889307407649e-49
8.122673500479712061e+01 5.288191075416522578e-49
8.441534596012985503e+01 5.419109384864679425e-49
8.772912801613355782e+01 5.555987657107900944e-49
9.117299484984921776e+01 5.699384431876554070e-49
9.475205302806537588e+01 5.846938709167012479e-49
9.847160957933773773e+01 6.000128431234274603e-49
1.023371798632519187e+02 6.161294736290343590e-49
1.063544957486011242e+02 6.329771482621418474e-49
1.105295141126021008e+02 6.502820860573873755e-49
1.148684256737553540e+02 6.683428611509958035e-49
1.193776641714435698e+02 6.873524004157472266e-49
1.240639159058831780e+02 7.069943423407900933e-49
1.289341296525714426e+02 7.271629138979114225e-49
1.339955269659338342e+02 7.485708585204185595e-49
1.392556128874462047e+02 7.707108510111096690e-49
1.447221870741134353e+02 7.938439093008549716e-49
1.504033553638023761e+02 8.175809255940283408e-49
1.563075417945815673e+02 8.425314678953944713e-49
1.624435010958865462e+02 8.682832331496283600e-49
1.688203316700362677e+02 8.955064787037527835e-49
1.754474890833459710e+02 9.235470914629535383e-49
1.823348000868440408e+02 9.527273243051124999e-49
1.894924771873821783e+02 9.831123101801380401e-49
1.969311337907421660e+02 1.014391125221147255e-48
2.046617999391989713e+02 1.047303264135807169e-48
2.126959386668689831e+02 1.081615639594412421e-48
2.210454629971021632e+02 1.117139938910524027e-48
2.297227536071151235e+02 1.154104177411717593e-48
2.387406771860646870e+02 1.192813287747026376e-48
2.481126055137767707e+02 1.232666247470499502e-48
2.578524352884273867e+02 1.273997518337835147e-48
2.679746087325689246e+02 1.317312073352083948e-48
2.784941350080644042e+02 1.362319294189470033e-48
2.894266124716749005e+02 1.408944130625734045e-48
3.007882518043098798e+02 1.457527554025966665e-48
3.125959000482278043e+02 1.508051230935775727e-48
3.248670655878374873e+02 1.560639881615093297e-48
3.376199441111336910e+02 1.615419387588731565e-48
3.508734455902711034e+02 1.672454164133896177e-48
3.646472223212745121e+02 1.731718725565492604e-48
3.789616980644715909e+02 1.793021029208935707e-48
3.938380983288489006e+02 1.856733262612796008e-48
4.092984818452438276e+02 1.922969511139038477e-48
4.253657732750387481e+02 1.991859454760182234e-48
4.420637972028529816e+02 2.063602243275301662e-48
4.594173134636476448e+02 2.138336942446552735e-48
4.774520538566126220e+02 2.215929166406552931e-48
4.961947603002902838e+02 2.296553048100765171e-48
5.156732244854963483e+02 2.380344645440309721e-48
5.359163290848514407e+02 2.467439476294612918e-48
5.569540905800130304e+02 2.557885943158690432e-48
5.788177037701274230e+02 2.651905629560828307e-48
6.015395880274832052e+02 2.749636247269676339e-48
6.251534353689711452e+02 2.851223763876626991e-48
6.496942604146117901e+02 2.956806889997004585e-48
6.751984523072501361e+02 3.066556733038212090e-48
7.017038286703822223e+02 3.180637165391351830e-48
7.292496916841444090e+02 3.299218603977742767e-48
7.578768863625922450e+02 3.422476640483721142e-48
7.876278611187054821e+02 3.550595654965885471e-48
8.185467307069020535e+02 3.683767708361125222e-48
8.506793416364153018e+02 3.822189355231060405e-48
8.840733401525062618e+02 3.966067177578512934e-48
9.187782428863330324e+02 4.115615622383580184e-48
9.548455102782293125e+02 4.271056597054638734e-48
9.923286228832545248e+02 4.432621891767944867e-48
1.031283160672184749e+03 4.600551376021680079e-48
1.071766885445503476e+03 4.775094885017483833e-48
1.113839826482618264e+03 4.956511573100275853e-48
1.157564369553303550e+03 5.145070915833815667e-48
1.203005349423324333e+03 5.341053995425358877e-48
1.250230145991456084e+03 5.544746932404651969e-48
1.299308784200414493e+03 5.756437805187130451e-48
1.350314037869872209e+03 5.976456063847086752e-48
1.403321537605484764e+03 6.205127896425308670e-48
1.458409882943986304e+03 6.442792687706349549e-48
1.515660758900601195e+03 6.689803155221842880e-48
1.575159057091621207e+03 6.946511353117707945e-48
1.636993001611701857e+03 7.213094810391022432e-48
1.701254279852589207e+03 7.490187879715013391e-48
1.768038178457205049e+03 7.778152398886532195e-48
1.837443724610724757e+03 8.077406526189675097e-48
1.909573832878096709e+03 8.388399294339600825e-48
1.984535457805803162e+03 8.711468037347948730e-48
2.062439752514092561e+03 9.047028188431458645e-48
2.143402233514854743e+03 9.395882442097039898e-48
2.227542951999556408e+03 9.758717055928616986e-48
2.314986671851160736e+03 1.013581863927687063e-47
2.405863054644066779e+03 1.052801286125223454e-47
2.500306851906321299e+03 1.093576718635977713e-47
2.598458104929247384e+03 1.135954833109759200e-47
2.700462352420682237e+03 1.179998274814038224e-47
2.806470846309838635e+03 1.225772373118362690e-47
2.916640776023700710e+03 1.273346651475125487e-47
3.031135501567576284e+03 1.322774351959692620e-47
3.150124795755327796e+03 1.374033453134198858e-47
3.273785095948577236e+03 1.427294197850057051e-47
3.402299765678064432e+03 1.482638996470197558e-47
3.535859366535175923e+03 1.540148898499950412e-47
3.674661940736687939e+03 1.599918237866545024e-47
3.818913304781854094e+03 1.662062311861789844e-47
3.968827354637157896e+03 1.726631124325837799e-47
4.124626382901347824e+03 1.793733887566812638e-47
4.286541408420925109e+03 1.863541825293764353e-47
4.454812518844988517e+03 1.936230599397627941e-47
4.629689226627267999e+03 2.011779882576524123e-47
4.811430839003254732e+03 2.090277656819846405e-47
5.000306842491089810e+03 2.171857841482667458e-47
5.196597302486196895e+03 2.256628380448752370e-47
5.400593278542373810e+03 2.344717300840413920e-47
5.612597255954965476e+03 2.436261894421197862e-47
5.832923594286199659e+03 2.531294194293275002e-47
6.061898993497572519e+03 2.630043038749077305e-47
6.299862978380693676e+03 2.732651565853317176e-47
6.547168402004729614e+03 2.839222029586092437e-47
6.804181968927094204e+03 2.949888366825209122e-47
7.071284778942996127e+03 3.065072525482898547e-47
7.348872892180387680e+03 3.184819054996899213e-47
7.637357916378011396e+03 3.309430284141378404e-47
7.937167617217543011e+03 3.438935404453399377e-47
8.248746552614580651e+03 3.573525751548043107e-47
8.572556731909324299e+03 3.713404827589545674e-47
8.909078300934124854e+03 3.858720763046879351e-47
9.258810253973944782e+03 4.009331231037951956e-47
9.622271173675135287e+03 4.165823378987942335e-47
1.000000000000000000e+04 4.328433763569156814e-47
