1.000000000000000021e-03 3.885200605812591506e-46
1.055386103036524146e-03 4.288761570346432696e-46
1.113839826482619470e-03 5.225992866636097681e-46
1.175531073878369843e-03 5.768823710106929305e-46
1.240639159058831839e-03 7.029495826102719950e-46
1.309353327353610878e-03 8.019527555362836284e-46
1.381873305653632221e-03 9.772050301861951561e-46
1.458409882943986291e-03 1.190755520732165919e-45
1.539185522990205385e-03 1.314440883529581706e-45
1.624435010958867089e-03 1.601688172277101393e-45
1.714406135851970214e-03 1.951708162274780934e-45
1.809360410738716568e-03 2.154434690031884556e-45
1.909573832878096698e-03 2.625247437299366374e-45
2.015337685941732959e-03 2.994986366574207298e-45
2.126959386668691738e-03 3.531226768562633275e-45
2.244763378413223813e-03 4.028563509429287758e-45
2.369092074182631985e-03 4.908933224135219386e-45
2.500306851906324013e-03 5.981691822063994887e-45
2.638789104828934487e-03 6.603018123116460685e-45
2.784941350080644140e-03 8.045988345042948813e-45
2.939188398646887333e-03 9.179182524527366899e-45
3.101978590138096837e-03 1.082267866254417303e-44
3.273785095948577185e-03 1.234694093349079883e-44
3.455107294592218038e-03 1.504514163000859455e-44
3.646472223212748626e-03 1.833298530270209415e-44
3.848436109487428890e-03 2.023725691752540974e-44
4.061585988376979588e-03 2.465974350789728284e-44
4.286541408420925167e-03 2.813281314364241100e-44
4.523956232538053901e-03 3.316988149145860863e-44
4.774520538566130907e-03 3.784151597915537268e-44
5.038962625065149942e-03 4.611109508561183755e-44
5.318051128214196926e-03 5.618784118388770907e-44
5.612597255954972046e-03 6.846667794473823797e-44
5.923457145875806254e-03 7.557840302489719173e-44
6.251534353689711630e-03 9.209469647620354004e-44
6.597782479539533035e-03 1.050652812611683203e-43
6.963207939763882935e-03 1.159785520408913605e-43
7.348872892180387945e-03 1.413235675863236419e-43
7.755898323389001994e-03 1.722072780170974891e-43
8.185467307069028281e-03 1.900946774765628034e-43
8.638828442740444438e-03 2.316364321455529823e-43
9.117299484984920863e-03 2.642600260916708292e-43
9.622271173675134986e-03 3.220092767200832944e-43
1.015521127634568151e-02 3.923785819116709362e-43
1.071766885445502894e-02 4.331354681176985650e-43
1.131127876593921409e-02 5.277893931714500871e-43
1.193776641714436315e-02 6.021230663868701170e-43
1.259895277795027198e-02 6.646663917110819763e-43
1.329675967466211958e-02 8.099172138157092643e-43
1.403321537605484691e-02 9.869099768175689598e-43
1.481046048880674780e-02 1.125906032173997861e-42
1.563075417945815684e-02 1.371952438048118298e-42
1.649648074098019820e-02 1.514458966119002347e-42
1.741015652304015240e-02 1.727754836294027094e-42
1.837443724610725651e-02 2.105324416306791871e-42
1.939212572065828963e-02 2.401837569467785217e-42
2.046617999391989878e-02 2.651319638614461567e-42
2.159972194782718360e-02 3.230717607239738587e-42
2.279604637318979887e-02 3.685730743113521135e-42
2.405863054644065760e-02 4.491180555485328433e-42
2.539114433680347144e-02 5.123716851368119694e-42
2.679746087325690987e-02 5.845339337544563107e-42
2.828166780230032332e-02 7.122732560441150208e-42
2.984807916924325788e-02 7.862580283595477436e-42
3.150124795755327584e-02 8.969943335965369926e-42
3.324597932270940276e-02 1.023326701264995835e-41
3.508734455902711574e-02 1.167451675333460641e-41
3.703069584005139192e-02 1.331875160253404033e-41
3.908168177536264221e-02 1.519455991181264039e-41
4.124626382901350197e-02 1.733455640615275714e-41
4.353073364731887412e-02 2.043823981495535691e-41
4.594173134636474198e-02 2.112271028336457164e-41
4.848626481239078079e-02 2.490464758359765725e-41
5.117173007114604599e-02 2.660067786288726473e-41
5.400593278542371173e-02 2.841220942355865277e-41
5.699711094326075089e-02 3.034710801315402754e-41
6.015395880274835433e-02 3.578063705414727485e-41
6.348565216305217251e-02 3.578063705414727485e-41
6.700187503509587306e-02 3.821733260072761472e-41
7.071284778942996119e-02 4.081996944057614179e-41
7.462935686310133432e-02 4.218701786824926707e-41
7.876278611187055578e-02 4.505999406505383190e-41
8.312514989890627815e-02 4.505999406505383190e-41
8.772912801613355627e-02 4.812862268396566547e-41
9.258810253973949467e-02 5.312780686070240266e-41
9.771619672696171821e-02 5.312780686070240266e-41
1.031283160672184784e-01 5.864626296003390078e-41
1.088401916069005465e-01 5.864626296003390078e-41
1.148684256737553672e-01 5.864626296003390078e-41
1.212305401337651634e-01 6.473792844856696470e-41
1.279450273207873301e-01 6.473792844856696470e-41
1.350314037869872197e-01 7.146234334944505571e-41
1.425102670302997865e-01 7.146234334944505571e-41
1.504033553638023657e-01 7.385559560936910223e-41
1.587336111010208550e-01 6.914664318740016011e-41
1.675252472408213789e-01 7.146234334944505571e-41
1.768038178457206899e-01 6.690598208773644860e-41
1.865962923181745947e-01 6.914664318740016011e-41
1.969311337907421744e-01 6.473792844856696470e-41
2.078383818579757347e-01 6.264012946280291487e-41
2.193497398905057960e-01 6.061030856484810495e-41
2.314986671851160804e-01 5.312780686070240266e-41
2.443204762186486634e-01 4.812862268396566547e-41
2.578524352884273840e-01 4.359984833420442139e-41
2.721338768375305972e-01 3.821733260072761472e-41
2.872063117797828413e-01 3.462118407316695148e-41
3.031135501567576163e-01 2.936372572186787604e-41
3.199018284775063670e-01 2.660067786288726473e-41
3.376199441111336630e-01 2.409762539901859720e-41
3.563193971228584278e-01 1.977594925697620939e-41
3.760545399658167809e-01 1.791508545613007323e-41
3.968827354637161631e-01 1.519455991181264039e-41
4.188645235435271008e-01 1.376479256450284623e-41
4.420637972028529927e-01 1.331875160253404033e-41
4.665479882234472853e-01 1.331875160253404033e-41
4.923882631706736346e-01 1.167451675333460641e-41
5.196597302486196668e-01 1.129621009460532964e-41
5.484416576121015074e-01 1.093016226688919397e-41
5.788177037701274230e-01 1.057597602912696993e-41
6.108761607505033275e-01 1.023326701264995835e-41
6.447102107323869902e-01 1.057597602912696993e-41
6.804181968927094371e-01 1.093016226688919397e-41
7.181039092537349067e-01 1.129621009460532964e-41
7.578768863625922059e-01 1.167451675333460641e-41
7.998527336796708020e-01 1.167451675333460641e-41
8.441534596012976177e-01 1.206549278761904566e-41
8.909078300934133443e-01 1.331875160253404033e-41
9.402517429670123050e-01 1.331875160253404033e-41
9.923286228832545186e-01 1.376479256450284623e-41
1.047289838236358461e+00 1.519455991181264039e-41
1.105295141126021008e+00 1.519455991181264039e-41
1.166513131698196259e+00 1.677283909886526919e-41
1.231121748203889643e+00 1.677283909886526919e-41
1.299308784200415845e+00 1.851505624836902280e-41
1.371272434398399520e+00 1.977594925697620939e-41
1.447221870741134397e+00 2.183010346069421845e-41
1.527377850390712499e+00 2.183010346069421845e-41
1.611973357388157169e+00 2.409762539901859720e-41
1.701254279852587370e+00 2.573869669699717828e-41
1.795480124687830470e+00 2.841220942355865277e-41
1.894924771873819802e+00 2.841220942355865277e-41
1.999877270535284968e+00 3.136342347988163545e-41
2.110642679101552677e+00 3.349930256451864247e-41
2.227542951999556209e+00 3.578063705414727485e-41
2.350917875457284367e+00 3.949721950798611758e-41
2.481126055137767850e+00 3.949721950798611758e-41
2.618545958474232549e+00 4.359984833420442139e-41
2.763577014736157356e+00 4.656903963470476270e-41
2.916640776023703641e+00 4.974043569773981914e-41
3.078182142565077051e+00 5.490704104019813651e-41
3.248670655878374891e+00 5.490704104019813651e-41
3.428601863556583140e+00 6.061030856484810495e-41
3.618498759642746698e+00 6.473792844856696470e-41
3.818913304781850204e+00 6.914664318740016011e-41
4.030428030568050879e+00 7.146234334944505571e-41
4.253657732750382614e+00 7.632899716346944265e-41
4.489251258218603269e+00 8.152707474888830179e-41
4.737893390963138884e+00 8.999540065001697184e-41
5.000306842491089476e+00 8.999540065001697184e-41
5.277254352483532251e+00 9.934334284780077159e-41
5.569540905800129948e+00 1.061087193483173520e-40
5.878016072274911963e+00 1.133348244480702417e-40
6.203576476104267989e+00 1.171303734326889067e-40
6.547168402004736265e+00 1.251070636990142154e-40
6.909790545715638110e+00 1.336269741885841096e-40
7.292496916841444410e+00 1.475069860753845574e-40
7.696399902471150689e+00 1.475069860753845574e-40
8.122673500479711706e+00 1.575523526661319750e-40
8.572556731909315886e+00 1.739175254995232538e-40
9.047357242349292505e+00 1.739175254995232538e-40
9.548455102782282822e+00 1.919825706441482081e-40
1.007730682094459773e+01 2.050567670091178162e-40
1.063544957486011278e+01 2.050567670091178162e-40
1.122450568085305811e+01 2.263562866670176742e-40
1.184618730902682415e+01 2.417713659130165759e-40
1.250230145991453412e+01 2.417713659130165759e-40
1.319475521676706009e+01 2.668844798867320944e-40
1.392556128874461940e+01 2.850595677871320078e-40
1.469684386112444408e+01 3.146690849774839200e-40
1.551084476952840596e+01 3.146690849774839200e-40
1.636993001611702070e+01 3.360983501090909347e-40
1.727659664669034711e+01 3.710093336360003545e-40
1.823348000868438490e+01 3.710093336360003545e-40
1.924336141115979970e+01 3.962754234946707584e-40
2.030917620904734733e+01 4.374370798290458525e-40
2.143402233514854416e+01 4.374370798290458525e-40
2.262116930469021625e+01 4.672269626283806371e-40
2.387406771860646870e+01 5.157584498860606013e-40
2.519635929317013634e+01 5.157584498860606013e-40
2.659188744512691116e+01 5.693309674006260296e-40
2.806470846309833078e+01 6.081029498752821369e-40
2.961910329772553396e+01 6.081029498752821369e-40
3.125959000482277972e+01 6.712674136665189091e-40
3.299093687770935901e+01 7.169813654603474892e-40
3.481817630688966148e+01 7.169813654603474892e-40
3.674661940736687882e+01 7.914551753750993179e-40
3.878187145610719710e+01 8.453540284960187325e-40
4.092984818452433871e+01 8.453540284960187325e-40
4.319679297334173640e+01 9.331620779959699613e-40
4.558929499981059053e+01 9.331620779959699613e-40
4.811430839003254789e+01 9.967113064864900257e-40
5.077917243205393305e+01 1.100241038157408630e-39
5.359163290848514549e+01 1.100241038157408630e-39
5.655986461065002402e+01 1.214524541025767508e-39
5.969249509970727274e+01 1.297234821892242878e-39
6.299862978380680545e+01 1.297234821892242878e-39
6.648787838417263174e+01 1.431980331600671696e-39
7.017038286703822791e+01 1.529499559431124265e-39
7.405684692262427404e+01 1.688370716955049740e-39
7.815856707684091020e+01 1.688370716955049740e-39
8.248746552614581162e+01 1.803350374828533924e-39
8.705612479099856671e+01 1.803350374828533924e-39
9.187782428863320661e+01 1.990666781494760378e-39
9.696657893145520291e+01 2.126233089994335616e-39
1.023371798632519187e+02 2.197439992948399506e-39
1.080052374516251774e+02 2.347087754574109471e-39
1.139872266616050211e+02 2.347087754574109471e-39
1.203005349423324191e+02 2.590882887485497266e-39
1.269635127659972795e+02 2.767324485886708721e-39
1.339955269659337205e+02 3.054770168107528422e-39
1.414170170289021087e+02 3.054770168107528422e-39
1.492495545051829140e+02 3.262802933236597408e-39
1.575159057091621264e+02 3.601714622082444323e-39
1.662400978926610264e+02 3.601714622082444323e-39
1.754474890833459710e+02 3.846994826747332682e-39
1.851648417912153946e+02 3.975829519698963376e-39
1.954204007974051365e+02 4.246587306094773604e-39
2.062439752514088411e+02 4.246587306094773604e-39
2.176670253153459100e+02 4.687685988788507620e-39
2.297227536071151235e+02 5.006921880406700648e-39
2.424462017082325929e+02 5.526997528593183651e-39
2.558743520168583814e+02 5.526997528593183651e-39
2.700462352420682350e+02 5.903391337443018734e-39
2.850030438518105029e+02 6.516584462810846496e-39
3.007882518043095956e+02 6.516584462810846496e-39
3.174477409109186965e+02 6.960370086734105009e-39
3.350299341977229801e+02 7.193470775281739354e-39
3.535859366535175923e+02 7.683353003372302303e-39
3.731696837732748122e+02 7.683353003372302303e-39
3.938380983288481048e+02 9.999999999999999619e-39
4.156512558225987846e+02 9.999999999999999619e-39
4.386725591048494266e+02 9.999999999999999619e-39
4.629689226627258449e+02 9.999999999999999619e-39
4.886109671160326116e+02 9.999999999999999619e-39
5.156732244854963483e+02 9.999999999999999619e-39
5.442343548300260636e+02 9.999999999999999619e-39
5.743773748826574774e+02 9.999999999999999619e-39
6.061898993497571837e+02 9.999999999999999619e-39
6.397643955748424105e+02 9.999999999999999619e-39
6.751984523072494540e+02 9.999999999999999619e-39
7.125950633568396597e+02 9.999999999999999619e-39
7.520629269592407127e+02 9.999999999999999619e-39
7.937167617217542102e+02 9.999999999999999619e-39
8.376776400682906569e+02 9.999999999999999619e-39
8.840733401525044428e+02 9.999999999999999619e-39
9.330387172620360161e+02 9.999999999999999619e-39
9.847160957933764394e+02 9.999999999999999619e-39
1.039255682936711082e+03 9.999999999999999619e-39
1.096816005273137989e+03 9.999999999999999619e-39
1.157564369553303550e+03 9.999999999999999619e-39
1.221677348996790670e+03 9.999999999999999619e-39
1.289341296525713005e+03 9.999999999999999619e-39
1.360752886424333155e+03 9.999999999999999619e-39
1.436119685999077319e+03 9.999999999999999619e-39
1.515660758900601195e+03 9.999999999999999619e-39
1.599607301861484530e+03 9.999999999999999619e-39
1.688203316700362848e+03 9.999999999999999619e-39
1.781706319545728775e+03 9.999999999999999619e-39
1.880388089340912757e+03 9.999999999999999619e-39
1.984535457805799069e+03 9.999999999999999619e-39
2.094451143151468841e+03 9.999999999999999619e-39
2.210454629971019131e+03 9.999999999999999619e-39
2.332883097864153569e+03 9.999999999999999619e-39
2.462092401494625392e+03 9.999999999999999619e-39
2.598458104929247384e+03 9.999999999999999619e-39
2.742376573264946728e+03 9.999999999999999619e-39
2.894266124716745708e+03 9.999999999999999619e-39
3.054568246515431838e+03 9.999999999999999619e-39
3.223748878149026950e+03 9.999999999999999619e-39
3.402299765678064432e+03 9.999999999999999619e-39
3.590739891061047729e+03 9.999999999999999619e-39
3.789616980644716023e+03 9.999999999999999619e-39
3.999509097203661440e+03 9.999999999999999619e-39
4.221026320156894144e+03 9.999999999999999619e-39
4.454812518844979422e+03 9.999999999999999619e-39
4.701547224022129740e+03 9.999999999999999619e-39
4.961947603002898177e+03 9.999999999999999619e-39
5.236770544204644466e+03 9.999999999999999619e-39
5.526814857144591770e+03 9.999999999999999619e-39
5.832923594286199659e+03 9.999999999999999619e-39
6.155986501483501343e+03 9.999999999999999619e-39
6.496942604146111080e+03 9.999999999999999619e-39
6.856782936641738161e+03 9.999999999999999619e-39
7.236553422869649694e+03 9.999999999999999619e-39
7.637357916378011396e+03 9.999999999999999619e-39
8.060361408861328528e+03 9.999999999999999619e-39
8.506793416364153018e+03 9.999999999999999619e-39
8.977951553033313758e+03 9.999999999999999619e-39
9.475205302806527470e+03 9.999999999999999619e-39
1.000000000000000000e+04 9.999999999999999619e-39
