1.000000000000000021e-03 nan
1.055386103036524146e-03 nan
1.113839826482619470e-03 nan
1.175531073878369843e-03 nan
1.240639159058831839e-03 nan
1.309353327353610878e-03 nan
1.381873305653632221e-03 nan
1.458409882943986291e-03 nan
1.539185522990205385e-03 nan
1.624435010958867089e-03 nan
1.714406135851970214e-03 nan
1.809360410738716568e-03 1.068100954795546652e-48
1.909573832878096698e-03 1.259340184381400394e-48
2.015337685941732959e-03 1.484820037728882651e-48
2.126959386668691738e-03 1.693941571613881731e-48
2.244763378413223813e-03 2.064121874006953955e-48
2.369092074182631985e-03 2.354832075546360343e-48
2.500306851906324013e-03 2.776455396740511580e-48
2.638789104828934487e-03 3.273568697377694928e-48
2.784941350080644140e-03 3.859688158157234348e-48
2.939188398646887333e-03 4.550749978197383145e-48
3.101978590138096837e-03 5.365543669712146506e-48
3.273785095948577185e-03 6.121224960256547960e-48
3.455107294592218038e-03 7.217205953687304094e-48
3.646472223212748626e-03 8.509417986780928451e-48
3.848436109487428890e-03 1.003299544704777092e-47
4.061585988376979588e-03 1.182936339440071268e-47
4.286541408420925167e-03 1.394736388103946797e-47
4.523956232538053901e-03 1.644458393443237865e-47
4.774520538566130907e-03 1.938892131037146518e-47
5.038962625065149942e-03 2.286043058788722125e-47
5.318051128214196926e-03 2.608008562239411830e-47
5.612597255954972046e-03 3.074962126840845197e-47
5.923457145875806254e-03 3.625521870751273811e-47
6.251534353689711630e-03 4.274657147989047773e-47
6.597782479539533035e-03 5.040017515896936845e-47
6.963207939763882935e-03 5.942412614891895169e-47
7.348872892180387945e-03 7.006377968776176329e-47
7.755898323389001994e-03 8.260842089344754581e-47
8.185467307069028281e-03 9.739913023420536347e-47
8.638828442740444438e-03 1.111167896111600108e-46
9.117299484984920863e-03 1.310118090322026810e-46
9.622271173675134986e-03 1.544689525854197966e-46
1.015521127634568151e-02 1.821260044350026671e-46
1.071766885445502894e-02 2.147349414641497923e-46
1.131127876593921409e-02 2.531823790274164972e-46
1.193776641714436315e-02 2.888404965834337700e-46
1.259895277795027198e-02 3.519613645994132237e-46
1.329675967466211958e-02 4.015314798747068256e-46
1.403321537605484691e-02 4.734240950071455513e-46
1.481046048880674780e-02 5.581887970608732004e-46
1.563075417945815684e-02 6.581302820245384376e-46
1.649648074098019820e-02 7.759658925409479755e-46
1.741015652304015240e-02 9.148995006499637183e-46
1.837443724610725651e-02 1.043753625772886338e-45
1.939212572065828963e-02 1.230633562893114954e-45
2.046617999391989878e-02 1.450973609789920404e-45
2.159972194782718360e-02 1.710764666093906099e-45
2.279604637318979887e-02 2.017070278196952634e-45
2.405863054644065760e-02 2.301153749467703533e-45
2.539114433680347144e-02 2.713166179782438049e-45
2.679746087325690987e-02 3.198947797737555853e-45
2.828166780230032332e-02 3.771706683101342174e-45
2.984807916924325788e-02 4.447015769814202719e-45
3.150124795755327584e-02 5.073331912756860071e-45
3.324597932270940276e-02 5.981691822063994887e-45
3.508734455902711574e-02 7.052689961832990173e-45
3.703069584005139192e-02 8.315446060639209270e-45
3.908168177536264221e-02 9.486590570379696166e-45
4.124626382901350197e-02 1.118512689686684828e-44
4.353073364731887412e-02 1.318777939986574204e-44
4.594173134636474198e-02 1.504514163000859455e-44
4.848626481239078079e-02 1.773891442500030428e-44
5.117173007114604599e-02 2.091499652950116805e-44
5.400593278542371173e-02 2.386065731283666702e-44
5.699711094326075089e-02 2.813281314364241100e-44
6.015395880274835433e-02 3.316988149145860863e-44
6.348565216305217251e-02 3.784151597915537268e-44
6.700187503509587306e-02 4.461688897149553305e-44
7.071284778942996119e-02 5.090071598205173462e-44
7.462935686310133432e-02 6.001428681641100242e-44
7.876278611187055578e-02 6.846667794473823797e-44
8.312514989890627815e-02 8.072536443281532491e-44
8.772912801613355627e-02 9.209469647620354004e-44
9.258810253973949467e-02 1.050652812611683203e-43
9.771619672696171821e-02 1.198626386628106480e-43
1.031283160672184784e-01 1.367440506964264944e-43
1.088401916069005465e-01 1.612275293303721309e-43
1.148684256737553672e-01 1.839347580728039956e-43
1.212305401337651634e-01 2.098400649555053585e-43
1.279450273207873301e-01 2.393938661832576618e-43
1.350314037869872197e-01 2.642600260916708292e-43
1.425102670302997865e-01 3.014783155789996344e-43
1.504033553638023657e-01 3.439384159177444621e-43
1.587336111010208550e-01 3.796637575282518228e-43
1.675252472408213789e-01 4.190999379811784452e-43
1.768038178457206899e-01 4.781258264085642449e-43
1.865962923181745947e-01 5.106866516993973486e-43
1.969311337907421744e-01 5.637323547773880460e-43
2.078383818579757347e-01 6.021230663868701170e-43
2.193497398905057960e-01 6.431282221122382666e-43
2.314986671851160804e-01 6.646663917110819763e-43
2.443204762186486634e-01 7.099308076071175726e-43
2.578524352884273840e-01 7.337061755850084108e-43
2.721338768375305972e-01 7.582777734439358376e-43
2.872063117797828413e-01 7.582777734439358376e-43
3.031135501567576163e-01 7.836722666817365211e-43
3.199018284775063670e-01 8.099172138157092643e-43
3.376199441111336630e-01 8.099172138157092643e-43
3.563193971228584278e-01 8.099172138157092643e-43
3.760545399658167809e-01 8.370410962895531770e-43
3.968827354637161631e-01 8.650733493819079828e-43
4.188645235435271008e-01 8.650733493819079828e-43
4.420637972028529927e-01 8.650733493819079828e-43
4.665479882234472853e-01 8.650733493819079828e-43
4.923882631706736346e-01 8.650733493819079828e-43
5.196597302486196668e-01 8.370410962895531770e-43
5.484416576121015074e-01 8.370410962895531770e-43
5.788177037701274230e-01 7.836722666817365211e-43
6.108761607505033275e-01 7.337061755850084108e-43
6.447102107323869902e-01 6.869258680940442780e-43
6.804181968927094371e-01 6.222879857253856833e-43
7.181039092537349067e-01 5.637323547773880460e-43
7.578768863625922059e-01 4.941381156919556117e-43
7.998527336796708020e-01 4.190999379811784452e-43
8.441534596012976177e-01 3.554568094182877202e-43
8.909078300934133443e-01 2.917090671676307020e-43
9.402517429670123050e-01 2.316364321455529823e-43
9.923286228832545186e-01 1.839347580728039956e-43
1.047289838236358461e+00 1.460564511114637893e-43
1.105295141126021008e+00 1.159785520408913605e-43
1.166513131698196259e+00 9.209469647620354004e-44
1.231121748203889643e+00 7.557840302489719173e-44
1.299308784200415845e+00 6.202414712631953908e-44
1.371272434398399520e+00 5.260536556176287894e-44
1.447221870741134397e+00 4.611109508561183755e-44
1.527377850390712499e+00 4.041855934824687378e-44
1.611973357388157169e+00 3.661528128578060239e-44
1.701254279852587370e+00 3.316988149145860863e-44
1.795480124687830470e+00 3.105500593603336673e-44
1.894924771873819802e+00 2.907497254506044718e-44
1.999877270535284968e+00 2.813281314364241100e-44
2.110642679101552677e+00 2.813281314364241100e-44
2.227542951999556209e+00 2.722118392884116575e-44
2.350917875457284367e+00 2.722118392884116575e-44
2.481126055137767850e+00 2.722118392884116575e-44
2.618545958474232549e+00 2.722118392884116575e-44
2.763577014736157356e+00 2.813281314364241100e-44
2.916640776023703641e+00 2.813281314364241100e-44
3.078182142565077051e+00 2.907497254506044718e-44
3.248670655878374891e+00 3.004868457980916836e-44
3.428601863556583140e+00 3.004868457980916836e-44
3.618498759642746698e+00 3.105500593603336673e-44
3.818913304781850204e+00 3.209502869004439332e-44
4.030428030568050879e+00 3.316988149145860863e-44
4.253657732750382614e+00 3.428073078802688680e-44
4.489251258218603269e+00 3.428073078802688680e-44
4.737893390963138884e+00 3.542878209148207457e-44
5.000306842491089476e+00 3.661528128578060239e-44
5.277254352483532251e+00 3.784151597915537268e-44
5.569540905800129948e+00 3.784151597915537268e-44
5.878016072274911963e+00 3.910881690144978155e-44
6.203576476104267989e+00 4.041855934824687378e-44
6.547168402004736265e+00 4.041855934824687378e-44
6.909790545715638110e+00 4.041855934824687378e-44
7.292496916841444410e+00 4.041855934824687378e-44
7.696399902471150689e+00 4.177216467336272708e-44
8.122673500479711706e+00 4.041855934824687378e-44
8.572556731909315886e+00 4.041855934824687378e-44
9.047357242349292505e+00 3.910881690144978155e-44
9.548455102782282822e+00 3.784151597915537268e-44
1.007730682094459773e+01 3.661528128578060239e-44
1.063544957486011278e+01 3.428073078802688680e-44
1.122450568085305811e+01 3.209502869004439332e-44
1.184618730902682415e+01 2.907497254506044718e-44
1.250230145991453412e+01 2.548559085789018995e-44
1.319475521676706009e+01 2.233932776270574334e-44
1.392556128874461940e+01 1.894695143437932311e-44
1.469684386112444408e+01 1.554899887172857829e-44
1.551084476952840596e+01 1.194684471805283079e-44
1.636993001611702070e+01 8.881735876919608718e-45
1.727659664669034711e+01 5.787858201832404317e-45
1.823348000868438490e+01 2.994986366574207298e-45
1.924336141115979970e+01 1.271847108622094902e-45
2.030917620904734733e+01 5.962019870968961938e-46
2.143402233514854416e+01 3.188427438865082062e-46
2.262116930469021625e+01 2.077765670890800160e-46
2.387406771860646870e+01 1.544689525854197966e-46
2.519635929317013634e+01 1.226586386277321796e-46
2.659188744512691116e+01 1.040321039994105417e-46
2.806470846309833078e+01 8.823413323044371446e-47
2.961910329772553396e+01 7.993153787110108567e-47
3.125959000482277972e+01 7.241019447375078647e-47
3.299093687770935901e+01 6.559658932350005711e-47
3.481817630688966148e+01 6.141422215660915047e-47
3.674661940736687882e+01 5.749851816990923869e-47
3.878187145610719710e+01 5.563530851846656463e-47
4.092984818452433871e+01 5.208806177793946020e-47
4.319679297334173640e+01 5.208806177793946020e-47
4.558929499981059053e+01 5.040017515896936845e-47
4.811430839003254789e+01 4.876698363022250944e-47
5.077917243205393305e+01 4.876698363022250944e-47
5.359163290848514549e+01 4.718671482567567395e-47
5.655986461065002402e+01 4.718671482567567395e-47
5.969249509970727274e+01 4.718671482567567395e-47
6.299862978380680545e+01 4.718671482567567395e-47
6.648787838417263174e+01 4.718671482567567395e-47
7.017038286703822791e+01 4.876698363022250944e-47
7.405684692262427404e+01 4.876698363022250944e-47
7.815856707684091020e+01 4.876698363022250944e-47
8.248746552614581162e+01 5.040017515896936845e-47
8.705612479099856671e+01 5.040017515896936845e-47
9.187782428863320661e+01 5.208806177793946020e-47
9.696657893145520291e+01 5.383247520915797239e-47
1.023371798632519187e+02 5.563530851846656463e-47
1.080052374516251774e+02 5.749851816990923869e-47
1.139872266616050211e+02 5.749851816990923869e-47
1.203005349423324191e+02 5.942412614891895169e-47
1.269635127659972795e+02 6.141422215660915047e-47
1.339955269659337205e+02 6.347096587755134747e-47
1.414170170289021087e+02 6.559658932350005711e-47
1.492495545051829140e+02 6.779339925560816696e-47
1.575159057091621264e+02 7.006377968776176329e-47
1.662400978926610264e+02 7.241019447375078647e-47
1.754474890833459710e+02 7.483518998108318506e-47
1.851648417912153946e+02 7.993153787110108567e-47
1.954204007974051365e+02 8.260842089344754581e-47
2.062439752514088411e+02 8.537495191839945880e-47
2.176670253153459100e+02 8.823413323044371446e-47
2.297227536071151235e+02 9.424296194899440026e-47
2.424462017082325929e+02 9.739913023420536347e-47
2.558743520168583814e+02 1.006609976404813125e-46
2.700462352420682350e+02 1.075161076904703683e-46
2.850030438518105029e+02 1.111167896111600108e-46
3.007882518043095956e+02 1.148380572800922326e-46
3.174477409109186965e+02 1.226586386277321796e-46
3.350299341977229801e+02 1.267664393285794284e-46
3.535859366535175923e+02 1.353993548828874116e-46
3.731696837732748122e+02 1.399338383167875321e-46
3.938380983288481048e+02 1.446201802291131329e-46
4.156512558225987846e+02 1.544689525854197966e-46
4.386725591048494266e+02 1.596420710774267994e-46
4.629689226627258449e+02 1.705138485433381012e-46
4.886109671160326116e+02 1.762243057470602339e-46
5.156732244854963483e+02 1.882253492266173922e-46
5.442343548300260636e+02 1.945289592301243484e-46
5.743773748826574774e+02 2.077765670890800160e-46
6.061898993497571837e+02 2.147349414641497923e-46
6.397643955748424105e+02 2.293585960058242009e-46
6.751984523072494540e+02 2.370397460003020492e-46
7.125950633568396597e+02 2.531823790274164972e-46
7.520629269592407127e+02 2.616613803080964082e-46
7.937167617217542102e+02 2.794807701401984315e-46
8.376776400682906569e+02 2.888404965834337700e-46
8.840733401525044428e+02 3.085108101843854132e-46
9.330387172620360161e+02 3.188427438865082062e-46
9.847160957933764394e+02 3.405562391748114097e-46
1.039255682936711082e+03 3.637484442241966674e-46
1.096816005273137989e+03 3.759302695797767894e-46
1.157564369553303550e+03 4.015314798747068256e-46
1.221677348996790670e+03 4.149786476640665779e-46
1.289341296525713005e+03 4.432390897897542159e-46
1.360752886424333155e+03 4.580830328177473276e-46
1.436119685999077319e+03 4.892789247282756574e-46
1.515660758900601195e+03 5.225992866636097681e-46
1.599607301861484530e+03 5.401009786767940250e-46
1.688203316700362848e+03 5.768823710106929305e-46
1.781706319545728775e+03 5.962019870968961938e-46
1.880388089340912757e+03 6.368039116691971725e-46
1.984535457805799069e+03 6.801708660714084040e-46
2.094451143151468841e+03 7.029495826102719950e-46
2.210454629971019131e+03 7.508211203591626344e-46
2.332883097864153569e+03 7.759658925409479755e-46
2.462092401494625392e+03 8.288099107117653086e-46
2.598458104929247384e+03 8.852526569752481200e-46
2.742376573264946728e+03 9.148995006499637183e-46
2.894266124716745708e+03 9.772050301861951561e-46
3.054568246515431838e+03 1.009931331022235482e-45
3.223748878149026950e+03 1.078708618942787136e-45
3.402299765678064432e+03 1.152169705838976329e-45
3.590739891061047729e+03 1.190755520732165919e-45
3.789616980644716023e+03 1.271847108622094902e-45
3.999509097203661440e+03 1.358461111073215112e-45
4.221026320156894144e+03 1.403955562720248013e-45
4.454812518844979422e+03 1.499566277032016000e-45
4.701547224022129740e+03 1.549786297999754693e-45
4.961947603002898177e+03 1.655328224622595709e-45
5.236770544204644466e+03 1.768057657219411603e-45
5.526814857144591770e+03 1.827269373285385981e-45
5.832923594286199659e+03 1.951708162274780934e-45
6.155986501483501343e+03 2.084621351607955547e-45
6.496942604146111080e+03 2.154434690031884556e-45
6.856782936641738161e+03 2.301153749467703533e-45
7.236553422869649694e+03 2.378218692390390308e-45
7.637357916378011396e+03 2.540177656054792607e-45
8.060361408861328528e+03 2.713166179782438049e-45
8.506793416364153018e+03 2.804029294354015356e-45
8.977951553033313758e+03 2.994986366574207298e-45
9.475205302806527470e+03 3.198947797737555853e-45
1.000000000000000000e+04 3.306079591735382759e-45
