1.000000000000000021e-03 nan
1.055386103036524146e-03 1.218531919043930022e-48
1.113839826482619470e-03 1.301515106179671451e-48
1.175531073878369843e-03 1.639050273791485251e-48
1.240639159058831839e-03 1.750671162394587853e-48
1.309353327353610878e-03 1.869893540086688983e-48
1.381873305653632221e-03 2.354832075546360343e-48
1.458409882943986291e-03 2.869438048041707831e-48
1.539185522990205385e-03 5.023442442984433458e-48
1.624435010958867089e-03 5.365543669712146506e-48
1.714406135851970214e-03 6.757044754321752023e-48
1.809360410738716568e-03 7.217205953687304094e-48
1.909573832878096698e-03 7.708704570089512985e-48
2.015337685941732959e-03 9.707881434638270544e-48
2.126959386668691738e-03 1.036899742937909918e-47
2.244763378413223813e-03 1.107513605459238566e-47
2.369092074182631985e-03 1.394736388103946797e-47
2.500306851906324013e-03 1.489719267821918508e-47
2.638789104828934487e-03 1.591170572337913980e-47
2.784941350080644140e-03 2.286043058788722125e-47
2.939188398646887333e-03 3.394362540800520094e-47
3.101978590138096837e-03 3.625521870751273811e-47
3.273785095948577185e-03 4.565765381190710232e-47
3.455107294592218038e-03 4.876698363022250944e-47
3.646472223212748626e-03 5.208806177793946020e-47
3.848436109487428890e-03 5.563530851846656463e-47
4.061585988376979588e-03 7.006377968776176329e-47
4.286541408420925167e-03 1.186839490774959127e-46
4.523956232538053901e-03 1.494634663143663938e-46
4.774520538566130907e-03 1.596420710774267994e-46
5.038962625065149942e-03 2.010436752256754746e-46
5.318051128214196926e-03 2.147349414641497923e-46
5.612597255954972046e-03 5.056647279003498269e-46
5.923457145875806254e-03 5.401009786767940250e-46
6.251534353689711630e-03 6.801708660714084040e-46
6.597782479539533035e-03 8.565665038892242165e-46
6.963207939763882935e-03 1.078708618942787136e-45
7.348872892180387945e-03 1.549786297999754693e-45
7.755898323389001994e-03 1.951708162274780934e-45
8.185467307069028281e-03 2.457864516937806403e-45
8.638828442740444438e-03 2.713166179782438049e-45
9.117299484984920863e-03 3.416799197104594926e-45
9.622271173675134986e-03 4.302912530875921249e-45
1.015521127634568151e-02 4.595944982630293581e-45
1.071766885445502894e-02 5.787858201832404317e-45
1.131127876593921409e-02 7.288882415069020754e-45
1.193776641714436315e-02 8.045988345042948813e-45
1.259895277795027198e-02 9.804293618690276832e-45
1.329675967466211958e-02 1.234694093349079883e-44
1.403321537605484691e-02 1.362943414238903731e-44
1.481046048880674780e-02 1.716409410589034417e-44
1.563075417945815684e-02 1.894695143437932311e-44
1.649648074098019820e-02 2.308746509136637943e-44
1.741015652304015240e-02 2.633909558579837218e-44
1.837443724610725651e-02 3.209502869004439332e-44
1.939212572065828963e-02 3.661528128578060239e-44
2.046617999391989878e-02 4.461688897149553305e-44
2.159972194782718360e-02 4.925130468761023560e-44
2.279604637318979887e-02 6.202414712631953908e-44
2.405863054644065760e-02 7.075960627650990014e-44
2.539114433680347144e-02 7.810950087815842068e-44
2.679746087325690987e-02 9.836643323783905781e-44
2.828166780230032332e-02 1.085838857461668494e-43
2.984807916924325788e-02 1.238768021706810800e-43
3.150124795755327584e-02 1.413235675863236419e-43
3.324597932270940276e-02 1.779744476615979133e-43
3.508734455902711574e-02 2.030403065142682396e-43
3.703069584005139192e-02 2.316364321455529823e-43
3.908168177536264221e-02 2.642600260916708292e-43
4.124626382901350197e-02 3.014783155789996344e-43
4.353073364731887412e-02 3.115747331642646292e-43
4.594173134636474198e-02 3.554568094182877202e-43
4.848626481239078079e-02 4.190999379811784452e-43
5.117173007114604599e-02 4.476410439124511528e-43
5.400593278542371173e-02 5.277893931714500871e-43
5.699711094326075089e-02 5.637323547773880460e-43
6.015395880274835433e-02 6.222879857253856833e-43
6.348565216305217251e-02 6.646663917110819763e-43
6.700187503509587306e-02 7.337061755850084108e-43
7.071284778942996119e-02 8.099172138157092643e-43
7.462935686310133432e-02 8.099172138157092643e-43
7.876278611187055578e-02 9.239856704429974505e-43
8.312514989890627815e-02 1.019961293380344199e-42
8.772912801613355627e-02 1.019961293380344199e-42
9.258810253973949467e-02 1.125906032173997861e-42
9.771619672696171821e-02 1.284478243267495325e-42
1.031283160672184784e-01 1.417898710154131641e-42
1.088401916069005465e-01 1.417898710154131641e-42
1.148684256737553672e-01 1.565177738738916883e-42
1.212305401337651634e-01 1.727754836294027094e-42
1.279450273207873301e-01 1.785616823079655618e-42
1.350314037869872197e-01 1.971091222093128452e-42
1.425102670302997865e-01 2.037102470824839302e-42
1.504033553638023657e-01 2.105324416306791871e-42
1.587336111010208550e-01 2.175831094104378407e-42
1.675252472408213789e-01 2.248699019211661597e-42
1.768038178457206899e-01 2.105324416306791871e-42
1.865962923181745947e-01 2.248699019211661597e-42
1.969311337907421744e-01 2.175831094104378407e-42
2.078383818579757347e-01 1.907219033630370990e-42
2.193497398905057960e-01 1.907219033630370990e-42
2.314986671851160804e-01 1.845416590298273842e-42
2.443204762186486634e-01 1.671767837171772003e-42
2.578524352884273840e-01 1.514458966119002347e-42
2.721338768375305972e-01 1.371952438048118298e-42
2.872063117797828413e-01 1.242855392173279589e-42
3.031135501567576163e-01 1.054119488536096392e-42
3.199018284775063670e-01 9.549296710212027598e-43
3.376199441111336630e-01 8.099172138157092643e-43
3.563193971228584278e-01 7.337061755850084108e-43
3.760545399658167809e-01 6.021230663868701170e-43
3.968827354637161631e-01 5.454649002814671150e-43
4.188645235435271008e-01 4.941381156919556117e-43
4.420637972028529927e-01 4.781258264085642449e-43
4.665479882234472853e-01 4.331354681176985650e-43
4.923882631706736346e-01 4.190999379811784452e-43
5.196597302486196668e-01 4.055192219171906599e-43
5.484416576121015074e-01 3.923785819116709362e-43
5.788177037701274230e-01 4.055192219171906599e-43
6.108761607505033275e-01 3.796637575282518228e-43
6.447102107323869902e-01 4.055192219171906599e-43
6.804181968927094371e-01 4.190999379811784452e-43
7.181039092537349067e-01 4.331354681176985650e-43
7.578768863625922059e-01 4.476410439124511528e-43
7.998527336796708020e-01 4.941381156919556117e-43
8.441534596012976177e-01 5.106866516993973486e-43
8.909078300934133443e-01 5.637323547773880460e-43
9.402517429670123050e-01 5.637323547773880460e-43
9.923286228832545186e-01 6.431282221122382666e-43
1.047289838236358461e+00 6.431282221122382666e-43
1.105295141126021008e+00 7.099308076071175726e-43
1.166513131698196259e+00 7.836722666817365211e-43
1.231121748203889643e+00 8.650733493819079828e-43
1.299308784200415845e+00 8.650733493819079828e-43
1.371272434398399520e+00 9.549296710212027598e-43
1.447221870741134397e+00 1.054119488536096392e-42
1.527377850390712499e+00 1.125906032173997861e-42
1.611973357388157169e+00 1.242855392173279589e-42
1.701254279852587370e+00 1.371952438048118298e-42
1.795480124687830470e+00 1.371952438048118298e-42
1.894924771873819802e+00 1.514458966119002347e-42
1.999877270535284968e+00 1.617595067710382920e-42
2.110642679101552677e+00 1.785616823079655618e-42
2.227542951999556209e+00 1.907219033630370990e-42
2.350917875457284367e+00 2.105324416306791871e-42
2.481126055137767850e+00 2.248699019211661597e-42
2.618545958474232549e+00 2.324007269086725594e-42
2.763577014736157356e+00 2.482274383063322813e-42
2.916640776023703641e+00 2.740111531232194308e-42
3.078182142565077051e+00 2.926715742755394313e-42
3.248670655878374891e+00 3.230717607239738587e-42
3.428601863556583140e+00 3.450732560967549158e-42
3.618498759642746698e+00 3.566296550515811216e-42
3.818913304781850204e+00 3.809164750690002520e-42
4.030428030568050879e+00 4.068572507185532381e-42
4.253657732750382614e+00 4.491180555485328433e-42
4.489251258218603269e+00 4.797034239473073497e-42
4.737893390963138884e+00 4.957685464950161175e-42
5.000306842491089476e+00 5.295308578689270206e-42
5.277254352483532251e+00 5.655924148835058976e-42
5.569540905800129948e+00 6.243412527535316818e-42
5.878016072274911963e+00 6.668594881842948916e-42
6.203576476104267989e+00 6.891924107046890410e-42
6.547168402004736265e+00 7.361270719115229732e-42
6.909790545715638110e+00 7.862580283595477436e-42
7.292496916841444410e+00 8.679276975711040081e-42
7.696399902471150689e+00 8.679276975711040081e-42
8.122673500479711706e+00 9.580805041606564146e-42
8.572556731909315886e+00 1.023326701264995835e-41
9.047357242349292505e+00 1.023326701264995835e-41
9.548455102782282822e+00 1.129621009460532964e-41
1.007730682094459773e+01 1.206549278761904566e-41
1.063544957486011278e+01 1.288716436653468600e-41
1.122450568085305811e+01 1.331875160253404033e-41
1.184618730902682415e+01 1.422577130335132666e-41
1.250230145991453412e+01 1.570342112658806240e-41
1.319475521676706009e+01 1.570342112658806240e-41
1.392556128874461940e+01 1.677283909886526919e-41
1.469684386112444408e+01 1.851505624836902280e-41
1.551084476952840596e+01 1.851505624836902280e-41
1.636993001611702070e+01 2.043823981495535691e-41
1.727659664669034711e+01 2.183010346069421845e-41
1.823348000868438490e+01 2.331675434965306510e-41
1.924336141115979970e+01 2.409762539901859720e-41
2.030917620904734733e+01 2.573869669699717828e-41
2.143402233514854416e+01 2.749152651725567668e-41
2.262116930469021625e+01 2.841220942355865277e-41
2.387406771860646870e+01 3.034710801315402754e-41
2.519635929317013634e+01 3.241377504413340223e-41
2.659188744512691116e+01 3.349930256451864247e-41
2.806470846309833078e+01 3.578063705414727485e-41
2.961910329772553396e+01 3.949721950798611758e-41
3.125959000482277972e+01 3.949721950798611758e-41
3.299093687770935901e+01 4.218701786824926707e-41
3.481817630688966148e+01 4.656903963470476270e-41
3.674661940736687882e+01 4.656903963470476270e-41
3.878187145610719710e+01 4.974043569773981914e-41
4.092984818452433871e+01 5.490704104019813651e-41
4.319679297334173640e+01 5.490704104019813651e-41
4.558929499981059053e+01 6.061030856484810495e-41
4.811430839003254789e+01 6.061030856484810495e-41
5.077917243205393305e+01 6.473792844856696470e-41
5.359163290848514549e+01 7.146234334944505571e-41
5.655986461065002402e+01 7.146234334944505571e-41
5.969249509970727274e+01 7.632899716346944265e-41
6.299862978380680545e+01 8.425739181858859443e-41
6.648787838417263174e+01 8.425739181858859443e-41
7.017038286703822791e+01 8.999540065001697184e-41
7.405684692262427404e+01 9.934334284780077159e-41
7.815856707684091020e+01 9.934334284780077159e-41
8.248746552614581162e+01 1.096622682591927241e-40
8.705612479099856671e+01 1.171303734326889067e-40
9.187782428863320661e+01 1.171303734326889067e-40
9.696657893145520291e+01 1.292968614147986612e-40
1.023371798632519187e+02 1.381021011292142312e-40
1.080052374516251774e+02 1.381021011292142312e-40
1.139872266616050211e+02 1.524469504151106349e-40
1.203005349423324191e+02 1.524469504151106349e-40
1.269635127659972795e+02 1.628287332940494081e-40
1.339955269659337205e+02 1.797419708148249685e-40
1.414170170289021087e+02 1.797419708148249685e-40
1.492495545051829140e+02 1.984120088562898458e-40
1.575159057091621264e+02 2.119240561023061010e-40
1.662400978926610264e+02 2.119240561023061010e-40
1.754474890833459710e+02 2.339368902300002962e-40
1.851648417912153946e+02 2.498682158165648044e-40
1.954204007974051365e+02 2.498682158165648044e-40
2.062439752514088411e+02 2.758223603800195587e-40
2.176670253153459100e+02 2.946061264758596540e-40
2.297227536071151235e+02 2.946061264758596540e-40
2.424462017082325929e+02 3.252072574394213876e-40
2.558743520168583814e+02 3.252072574394213876e-40
2.700462352420682350e+02 3.589869686567287227e-40
2.850030438518105029e+02 3.834343239814101619e-40
3.007882518043095956e+02 3.834343239814101619e-40
3.174477409109186965e+02 4.232621581966683166e-40
3.350299341977229801e+02 4.520867152986842625e-40
3.535859366535175923e+02 4.520867152986842625e-40
3.731696837732748122e+02 4.990455648895955388e-40
3.938380983288481048e+02 5.330310443450611005e-40
4.156512558225987846e+02 5.330310443450611005e-40
4.386725591048494266e+02 5.883976892643858830e-40
4.629689226627258449e+02 5.883976892643858830e-40
4.886109671160326116e+02 6.495153413757760610e-40
5.156732244854963483e+02 6.937479562778233267e-40
5.442343548300260636e+02 6.937479562778233267e-40
5.743773748826574774e+02 7.658084810188104813e-40
6.061898993497571837e+02 8.179607697667205824e-40
6.397643955748424105e+02 8.179607697667205824e-40
6.751984523072494540e+02 9.029234449768611718e-40
7.125950633568396597e+02 9.644133936870678838e-40
7.520629269592407127e+02 9.967113064864900257e-40
7.937167617217542102e+02 1.064588298113738787e-39
8.376776400682906569e+02 1.137087777679448328e-39
8.840733401525044428e+02 1.175168503361174341e-39
9.330387172620360161e+02 1.255198600485721327e-39
9.847160957933764394e+02 1.255198600485721327e-39
1.039255682936711082e+03 1.385577751857138627e-39
1.096816005273137989e+03 1.479936919702073724e-39
1.157564369553303550e+03 1.479936919702073724e-39
1.221677348996790670e+03 1.633659939787755310e-39
1.289341296525713005e+03 1.744913741498532930e-39
1.360752886424333155e+03 1.803350374828533924e-39
1.436119685999077319e+03 1.926160257185260255e-39
1.515660758900601195e+03 2.057333609788816579e-39
1.599607301861484530e+03 2.126233089994335616e-39
1.688203316700362848e+03 2.271031593540831151e-39
1.781706319545728775e+03 2.271031593540831151e-39
1.880388089340912757e+03 2.506926671649537151e-39
1.984535457805799069e+03 2.677650771591298419e-39
2.094451143151468841e+03 2.677650771591298419e-39
2.210454629971019131e+03 2.955781925604682910e-39
2.332883097864153569e+03 3.157073496905787559e-39
2.462092401494625392e+03 3.262802933236597408e-39
2.598458104929247384e+03 3.485002928299727249e-39
2.742376573264946728e+03 3.722334955182207340e-39
2.894266124716745708e+03 3.846994826747332682e-39
3.054568246515431838e+03 4.108978847542362829e-39
3.223748878149026950e+03 4.108978847542362829e-39
3.402299765678064432e+03 4.535783956262485572e-39
3.590739891061047729e+03 4.844675174430273216e-39
3.789616980644716023e+03 4.844675174430273216e-39
3.999509097203661440e+03 5.347898041049122838e-39
4.221026320156894144e+03 5.712095003793789559e-39
4.454812518844979422e+03 5.903391337443018734e-39
4.701547224022129740e+03 6.305417924054635012e-39
4.961947603002898177e+03 6.734822905067723645e-39
5.236770544204644466e+03 6.960370086734105009e-39
5.526814857144591770e+03 7.434377935371045176e-39
5.832923594286199659e+03 7.434377935371045176e-39
6.155986501483501343e+03 8.206596678933171558e-39
6.496942604146111080e+03 8.765473748390500336e-39
6.856782936641738161e+03 8.765473748390500336e-39
7.236553422869649694e+03 9.675955187934251482e-39
7.637357916378011396e+03 9.999999999999999619e-39
8.060361408861328528e+03 9.999999999999999619e-39
8.506793416364153018e+03 9.999999999999999619e-39
8.977951553033313758e+03 9.999999999999999619e-39
9.475205302806527470e+03 9.999999999999999619e-39
1.000000000000000000e+04 9.999999999999999619e-39
