# SDn neutrino floor for Si 
#  Column 0 = Mass [GeV] 
#  Column 1 = Cross section [cm^2]
1.000000000000000056e-01 2.741393885728928966e-36
1.059560179277615893e-01 3.155467505199541859e-36
1.122667773510813566e-01 3.626704707592585913e-36
1.189534067370319470e-01 4.161802632289738593e-36
1.260382929679727537e-01 4.762984733330207577e-36
1.335451562929898806e-01 5.439849066919760102e-36
1.414991297434576023e-01 6.192462626674353998e-36
1.499268432786045602e-01 7.022512078522612085e-36
1.588565129428052836e-01 7.933577111763614281e-36
1.683180353330956669e-01 8.922846233600376200e-36
1.783430876931909326e-01 9.986007599855494021e-36
1.889652339691209604e-01 1.110980325439068754e-35
2.002200371815584523e-01 1.228236881216374069e-35
2.121451784910629856e-01 1.348774123371515158e-35
2.247805833548725263e-01 1.470057531563900992e-35
2.381685551976158166e-01 1.589535934305466148e-35
2.523539170434765944e-01 1.707388931833787215e-35
2.673841615839946395e-01 1.821924321735876140e-35
2.833096101839324144e-01 1.936503592700769915e-35
3.001835813575589040e-01 2.051456438222361960e-35
3.180625692794120107e-01 2.170771912396452568e-35
3.370064329271929005e-01 2.296349368651175995e-35
3.570785964900463627e-01 2.429719995309439034e-35
3.783462617131930217e-01 2.572329950359350470e-35
4.008806328898465443e-01 2.722118497945582045e-35
4.247571552536899553e-01 2.875124365882412809e-35
4.500557675700498916e-01 3.025080599299120240e-35
4.768611697714470465e-01 3.153776530933622351e-35
5.052631065335680960e-01 3.240261198081131743e-35
5.353566677410726005e-01 3.259368230311586355e-35
5.672426068491979168e-01 3.194092764966205894e-35
6.010276782070382851e-01 3.048502467520749204e-35
6.368249944718588074e-01 2.838296145983228886e-35
6.747544053110694495e-01 2.589153322818978660e-35
7.149428986597579083e-01 2.321414524290345133e-35
7.575250258771913936e-01 2.045191598887735056e-35
8.026433522257175879e-01 1.767424288060455640e-35
8.504489341802679014e-01 1.492672329073843828e-35
9.011018251665020573e-01 1.231812740504338814e-35
9.547716114208059102e-01 9.950107522608420191e-36
1.011637979766207618e+00 7.905297925936541082e-36
1.071891319205128035e+00 6.228310266238688312e-36
1.135733358343105737e+00 4.905536347828773231e-36
1.203377840777589913e+00 3.899573181460721358e-36
1.275051240713013456e+00 3.155460914674245350e-36
1.350993521198027292e+00 2.615871933372464548e-36
1.431458937523479191e+00 2.233156388148951651e-36
1.516716888470923230e+00 1.967848581745311806e-36
1.607052818261639260e+00 1.789225200201024759e-36
1.702769172225900407e+00 1.677196510064309181e-36
1.804186409392072754e+00 1.614018180789851925e-36
1.911644075385702690e+00 1.588227126191361096e-36
2.025501939230667681e+00 1.591640920584918241e-36
2.146141197858404848e+00 1.616707764992105219e-36
2.273965752357928860e+00 1.659742435370590438e-36
2.409403560239525621e+00 1.717453245518437579e-36
2.552908068239517991e+00 1.786055886533088332e-36
2.704959730463135870e+00 1.865502909285160349e-36
2.866067616948251739e+00 1.952743624384987971e-36
3.036771118035459072e+00 2.047245607565150644e-36
3.217641750250737065e+00 2.148433671610547250e-36
3.409285069746812891e+00 2.253799670007259198e-36
3.612342699709432114e+00 2.363303017210455365e-36
3.827494478516312970e+00 2.475938988898795751e-36
4.055460735840830111e+00 2.588851976955407057e-36
4.297004704320841917e+00 2.701178696121200028e-36
4.552935074866949705e+00 2.811282221685332658e-36
4.824108704165371186e+00 2.915847190007079505e-36
5.111433483440167791e+00 3.013478045511872646e-36
5.415871378079473608e+00 3.100452315350943565e-36
5.738441648302395670e+00 3.170583264749237806e-36
6.080224261649424200e+00 3.220853235418375691e-36
6.442363508721373755e+00 3.242319974033667378e-36
6.826071834272389616e+00 3.224009019779007711e-36
7.232633896483537050e+00 3.149166211796492281e-36
7.663410868007458632e+00 2.988183968040473464e-36
8.119844993184013759e+00 2.713427942672832826e-36
8.603464416684504457e+00 2.322899453175307854e-36
9.115888299750823265e+00 1.824218080889991017e-36
9.658832241158703980e+00 1.256036525896058001e-36
1.023411402105453760e+01 7.382991474047956799e-38
1.084365968689610860e+01 4.988044764785005517e-38
1.148951000187309823e+01 3.509926145631586802e-38
1.217382727739662052e+01 2.544701822740925591e-38
1.289890261253309411e+01 1.893065046285158695e-38
1.366716356462007376e+01 1.440819080560467022e-38
1.448118227674534531e+01 1.120632544769078914e-38
1.534368408930013139e+01 8.892004085428476179e-39
1.625755666443794922e+01 7.198271183970226225e-39
1.722585965398787522e+01 5.938865843002667554e-39
1.825183494319044186e+01 4.988848702633508801e-39
1.933891750455232028e+01 4.262416303698335209e-39
2.049074689815848060e+01 3.704390186949412466e-39
2.171117945694505380e+01 3.272547567392981465e-39
2.300430119772919113e+01 2.937046497190976922e-39
2.437444150122221842e+01 2.675100201295271985e-39
2.582618760682677461e+01 2.471239204600884846e-39
2.736439997074672092e+01 2.314760724621878820e-39
2.899422853882878215e+01 2.196356320090622602e-39
3.072112998861759081e+01 2.108748160582744967e-39
3.255088599835060137e+01 2.046127077654577618e-39
3.448962260405759395e+01 2.004655074192759808e-39
3.654383070957258184e+01 1.981594761092437616e-39
3.872038781812557318e+01 1.974250057122945279e-39
4.102658105827194390e+01 1.980698482646966302e-39
4.347013158125026422e+01 1.998859834163387216e-39
4.605922041145108636e+01 2.028092351227249203e-39
4.880251583654433745e+01 2.066570142492827052e-39
5.170920242896760755e+01 2.114944005333617839e-39
5.478901179593945159e+01 2.171794992123313399e-39
5.805225516094901650e+01 2.237088696330056740e-39
6.150985788580504021e+01 2.310948761005574747e-39
6.517339604882427295e+01 2.392727476606612465e-39
6.905513520162330110e+01 2.482525609248520380e-39
7.316807143427199378e+01 2.580633328984213131e-39
7.752597488629464806e+01 2.686864020143650063e-39
8.214343584919430441e+01 2.801693868853254212e-39
8.703591361485165123e+01 2.924959514650846648e-39
9.221978823334330855e+01 3.057612390886862547e-39
9.771241535346501905e+01 3.199224873122827377e-39
1.035321843295662632e+02 3.350672328045097712e-39
1.096985797892384085e+02 3.512376081752115693e-39
1.162322468679852960e+02 3.684651776432660992e-39
1.231550603292826196e+02 3.868248191957235314e-39
1.304901978014403028e+02 4.063363914097142142e-39
1.382622173764656281e+02 4.271032464706852312e-39
1.464971398307286279e+02 4.491449658086550636e-39
1.552225357427047925e+02 4.725448288080617825e-39
1.644676177994664386e+02 4.974450681632975309e-39
1.742633386009650849e+02 5.238232498335859981e-39
1.846424942895544348e+02 5.518079933244344754e-39
1.956398343517064689e+02 5.815271621788179621e-39
2.072921779595371845e+02 6.130037768847207604e-39
2.196385372416546886e+02 6.464307923154065292e-39
2.327202478960409735e+02 6.818558604587503122e-39
2.465811075822603868e+02 7.194364720203507898e-39
2.612675225563328922e+02 7.591925283460339782e-39
2.768286630392066741e+02 8.013908882721441125e-39
2.933166278390045250e+02 8.461947391934270839e-39
3.107866187782013867e+02 8.935361548883985652e-39
3.292971255097151584e+02 9.438560430235752389e-39
3.489101213406773923e+02 9.970283103932044687e-39
3.696912707195028247e+02 1.053567084263113092e-38
3.917101490809260440e+02 1.113300121263250286e-38
4.150404757850476472e+02 1.176807166081068912e-38
4.397603609302720997e+02 1.243790289714761484e-38
4.659525668664682030e+02 1.315122152124449237e-38
4.937047852839003781e+02 1.390308151299219352e-38
5.231099308056263908e+02 1.470376080883040308e-38
5.542664520663107623e+02 1.555064507291987923e-38
5.872786613189482523e+02 1.644736284843963967e-38
6.222570836730230894e+02 1.739843305795959097e-38
6.593188271333548300e+02 1.840669173045476316e-38
6.985879746785249154e+02 1.947307305160956423e-38
7.401959996915644524e+02 2.060580125953992027e-38
7.842822061337682271e+02 2.180255048881951229e-38
8.309941949353395785e+02 2.307408704271551558e-38
8.804883581643464368e+02 2.441818307928548447e-38
9.329304026284686415e+02 2.584454656669285385e-38
9.884959046625585870e+02 2.735511173771231825e-38
1.047370897959450758e+03 2.895419829259020114e-38
1.109752496412072105e+03 3.065275443037204106e-38
1.175849554052158055e+03 3.244487736052066695e-38
1.245883364295008050e+03 3.435549654344461343e-38
1.320088400831419449e+03 3.636630182796431005e-38
1.398713102647238657e+03 3.850980828993461610e-38
1.482020705798860035e+03 4.077014557115619220e-38
1.570290124729377567e+03 4.317142282482225428e-38
1.663816886076130686e+03 4.571678859557565180e-38
1.762914118095947970e+03 4.840485204195797524e-38
1.867913599020784659e+03 5.126606258846196942e-38
1.979166867853557278e+03 5.428481339140125452e-38
2.097046401323234932e+03 5.749808921543165416e-38
2.221946860939523958e+03 6.088764349502057532e-38
2.354286414322420114e+03 6.449096051095163372e-38
2.494508135230316384e+03 6.830128172906536037e-38
2.643081486974108429e+03 7.234062582944252750e-38
2.800503894183631019e+03 7.661953813839782633e-38
2.967302408188872505e+03 8.115369326962645593e-38
3.144035471591500027e+03 8.596318613234811691e-38
3.331294787934677061e+03 9.104000447285840353e-38
3.529707302730650099e+03 9.644979177276362182e-38
3.739937302478801485e+03 1.021554654204934996e-37
3.962688638701478339e+03 1.082236698944176934e-37
4.198707084443914027e+03 1.146405484301469187e-37
4.448782831127585268e+03 1.214353670607122006e-37
4.713753134116728688e+03 1.286420467075166646e-37
4.994505115855139593e+03 1.362690616685716852e-37
5.291978735958447032e+03 1.443604648656373133e-37
5.607169938205458493e+03 1.529090334244331306e-37
5.941133984965039417e+03 1.620155039574881348e-37
6.294988990221887434e+03 1.716242700784558869e-37
6.669919663030128504e+03 1.818315013824992410e-37
7.067181273927491020e+03 1.926360705081095615e-37
7.488103857590030202e+03 2.040673385085423095e-37
7.934096665797492278e+03 2.162025528230353443e-37
8.406652885618334039e+03 2.290279671049602161e-37
8.907354638610438997e+03 2.426687437180775499e-37
9.437878277775391325e+03 2.570553945393678848e-37
1.000000000000000000e+04 2.723694313458746484e-37
