# SDp neutrino floor for Si 
#  Column 0 = Mass [GeV] 
#  Column 1 = Cross section [cm^2]
1.000000000000000056e-01 2.741116022532718346e-36
1.059560179277615893e-01 3.154494339268416493e-36
1.122667773510813566e-01 3.624790884188368350e-36
1.189534067370319470e-01 4.159727849292762075e-36
1.260382929679727537e-01 4.763972109680772670e-36
1.335451562929898806e-01 5.439707983795748861e-36
1.414991297434576023e-01 6.190811937015211124e-36
1.499268432786045602e-01 7.023371021800545609e-36
1.588565129428052836e-01 7.936623067321850644e-36
1.683180353330956669e-01 8.921100075688067858e-36
1.783430876931909326e-01 9.980436525674296758e-36
1.889652339691209604e-01 1.111078986535313086e-35
2.002200371815584523e-01 1.228054559165711520e-35
2.121451784910629856e-01 1.349374718422194987e-35
2.247805833548725263e-01 1.470149482097245418e-35
2.381685551976158166e-01 1.589260121365031302e-35
2.523539170434765944e-01 1.707311873116553151e-35
2.673841615839946395e-01 1.821955740721817438e-35
2.833096101839324144e-01 1.936467715506582294e-35
3.001835813575589040e-01 2.051027491342157984e-35
3.180625692794120107e-01 2.170551226335754129e-35
3.370064329271929005e-01 2.296549359814072799e-35
3.570785964900463627e-01 2.430390097344084077e-35
3.783462617131930217e-01 2.572878700826306399e-35
4.008806328898465443e-01 2.723027933759329894e-35
4.247571552536899553e-01 2.875799925432456324e-35
4.500557675700498916e-01 3.023935106962446661e-35
4.768611697714470465e-01 3.153382379940850675e-35
5.052631065335680960e-01 3.238694865747732061e-35
5.353566677410726005e-01 3.257904818768155937e-35
5.672426068491979168e-01 3.193640459373693184e-35
6.010276782070382851e-01 3.048649819825972039e-35
6.368249944718588074e-01 2.837716753956945573e-35
6.747544053110694495e-01 2.589272073866705475e-35
7.149428986597579083e-01 2.321580281379565069e-35
7.575250258771913936e-01 2.045608891196063208e-35
8.026433522257175879e-01 1.767061852064306244e-35
8.504489341802679014e-01 1.492400310362799065e-35
9.011018251665020573e-01 1.231458744955692330e-35
9.547716114208059102e-01 9.947331737648257512e-36
1.011637979766207618e+00 7.905424265739294364e-36
1.071891319205128035e+00 6.226694435534417453e-36
1.135733358343105737e+00 4.906266815681452272e-36
1.203377840777589913e+00 3.899458910613172400e-36
1.275051240713013456e+00 3.156386214267034398e-36
1.350993521198027292e+00 2.616150600763368699e-36
1.431458937523479191e+00 2.232518791739535929e-36
1.516716888470923230e+00 1.968413400863291517e-36
1.607052818261639260e+00 1.789563547202713169e-36
1.702769172225900407e+00 1.677481133973205497e-36
1.804186409392072754e+00 1.614036912666733642e-36
1.911644075385702690e+00 1.588735098137416358e-36
2.025501939230667681e+00 1.591909229980124209e-36
2.146141197858404848e+00 1.616786791471841018e-36
2.273965752357928860e+00 1.659947296830167685e-36
2.409403560239525621e+00 1.717671424260941577e-36
2.552908068239517991e+00 1.785907475515957492e-36
2.704959730463135870e+00 1.865387457899413413e-36
2.866067616948251739e+00 1.952455556114692974e-36
3.036771118035459072e+00 2.046821419642091514e-36
3.217641750250737065e+00 2.148292185959333840e-36
3.409285069746812891e+00 2.254125882438773856e-36
3.612342699709432114e+00 2.363469086978494856e-36
3.827494478516312970e+00 2.475384191143754115e-36
4.055460735840830111e+00 2.588430434902195741e-36
4.297004704320841917e+00 2.701265583462601234e-36
4.552935074866949705e+00 2.810800984234936306e-36
4.824108704165371186e+00 2.915341380417949675e-36
5.111433483440167791e+00 3.012859671400255619e-36
5.415871378079473608e+00 3.099885766506419800e-36
5.738441648302395670e+00 3.169778247364528816e-36
6.080224261649424200e+00 3.220834390784960762e-36
6.442363508721373755e+00 3.241766931637480835e-36
6.826071834272389616e+00 3.223707155848082165e-36
7.232633896483537050e+00 3.148925988420489299e-36
7.663410868007458632e+00 2.987646112391620829e-36
8.119844993184013759e+00 2.713000176101081319e-36
8.603464416684504457e+00 2.322930749564650015e-36
9.115888299750823265e+00 1.824079494665519547e-36
9.658832241158703980e+00 1.256077391145525937e-36
1.023411402105453760e+01 7.382957833905071117e-38
1.084365968689610860e+01 4.987043277651690386e-38
1.148951000187309823e+01 3.510309037280074117e-38
1.217382727739662052e+01 2.544688024673180446e-38
1.289890261253309411e+01 1.892863242001820644e-38
1.366716356462007376e+01 1.440676350198700611e-38
1.448118227674534531e+01 1.120583954116201369e-38
1.534368408930013139e+01 8.890462914229780543e-39
1.625755666443794922e+01 7.198338042460787384e-39
1.722585965398787522e+01 5.937455141302298176e-39
1.825183494319044186e+01 4.989277769781991645e-39
1.933891750455232028e+01 4.262229017417722718e-39
2.049074689815848060e+01 3.704030712396851135e-39
2.171117945694505380e+01 3.272663410460841678e-39
2.300430119772919113e+01 2.936620797444810032e-39
2.437444150122221842e+01 2.674896204891473080e-39
2.582618760682677461e+01 2.471386406773840298e-39
2.736439997074672092e+01 2.314586813588417730e-39
2.899422853882878215e+01 2.196794163082469663e-39
3.072112998861759081e+01 2.108747001036819309e-39
3.255088599835060137e+01 2.046282082207970174e-39
3.448962260405759395e+01 2.004586036291151481e-39
3.654383070957258184e+01 1.981489023275214708e-39
3.872038781812557318e+01 1.974420102836707526e-39
4.102658105827194390e+01 1.980333293553584805e-39
4.347013158125026422e+01 1.998716843330799745e-39
4.605922041145108636e+01 2.027783952012304042e-39
4.880251583654433745e+01 2.066793584889573292e-39
5.170920242896760755e+01 2.115086375869266003e-39
5.478901179593945159e+01 2.171628711993636467e-39
5.805225516094901650e+01 2.237096268264839300e-39
6.150985788580504021e+01 2.310710101144630652e-39
6.517339604882427295e+01 2.392355533837595702e-39
6.905513520162330110e+01 2.482177044341098084e-39
7.316807143427199378e+01 2.580547378668327985e-39
7.752597488629464806e+01 2.686620642181463131e-39
8.214343584919430441e+01 2.801890089321432602e-39
8.703591361485165123e+01 2.924595510704665628e-39
9.221978823334330855e+01 3.057061627014103674e-39
9.771241535346501905e+01 3.199277025322429107e-39
1.035321843295662632e+02 3.351028141952787718e-39
1.096985797892384085e+02 3.512558503410087397e-39
1.162322468679852960e+02 3.684581902754942166e-39
1.231550603292826196e+02 3.868233549039281816e-39
1.304901978014403028e+02 4.063348121942786948e-39
1.382622173764656281e+02 4.270005300932002050e-39
1.464971398307286279e+02 4.491972764602305356e-39
1.552225357427047925e+02 4.725139794785857646e-39
1.644676177994664386e+02 4.973869156565956541e-39
1.742633386009650849e+02 5.238295380348228220e-39
1.846424942895544348e+02 5.516809281875105691e-39
1.956398343517064689e+02 5.815522816686120070e-39
2.072921779595371845e+02 6.129358803923001631e-39
2.196385372416546886e+02 6.465149224200961341e-39
2.327202478960409735e+02 6.818375028392138114e-39
2.465811075822603868e+02 7.194267912224221919e-39
2.612675225563328922e+02 7.593183470247428605e-39
2.768286630392066741e+02 8.013754043176997214e-39
2.933166278390045250e+02 8.460669831412222093e-39
3.107866187782013867e+02 8.935267468130697107e-39
3.292971255097151584e+02 9.438365943709615030e-39
3.489101213406773923e+02 9.969433640349656409e-39
3.696912707195028247e+02 1.053416701940541774e-38
3.917101490809260440e+02 1.113161492458235191e-38
4.150404757850476472e+02 1.176728153922397583e-38
4.397603609302720997e+02 1.243861973620374631e-38
4.659525668664682030e+02 1.315166899916578964e-38
4.937047852839003781e+02 1.390244804569710208e-38
5.231099308056263908e+02 1.470251921743131756e-38
5.542664520663107623e+02 1.554691370091987912e-38
5.872786613189482523e+02 1.644560604437931412e-38
6.222570836730230894e+02 1.739645617188132921e-38
6.593188271333548300e+02 1.840363956582227544e-38
6.985879746785249154e+02 1.947309548301609255e-38
7.401959996915644524e+02 2.060186162890619411e-38
7.842822061337682271e+02 2.180301635899206014e-38
8.309941949353395785e+02 2.307002037695149076e-38
8.804883581643464368e+02 2.441908533599143922e-38
9.329304026284686415e+02 2.584025702951224337e-38
9.884959046625585870e+02 2.735627603068521908e-38
1.047370897959450758e+03 2.895004791795636812e-38
1.109752496412072105e+03 3.065197777687887689e-38
1.175849554052158055e+03 3.244125594840008338e-38
1.245883364295008050e+03 3.434910360900394783e-38
1.320088400831419449e+03 3.636193872878618517e-38
1.398713102647238657e+03 3.850052010599956500e-38
1.482020705798860035e+03 4.076448522069054924e-38
1.570290124729377567e+03 4.316280860201340680e-38
1.663816886076130686e+03 4.571310204383947914e-38
1.762914118095947970e+03 4.840491630596368736e-38
1.867913599020784659e+03 5.126505629310598511e-38
1.979166867853557278e+03 5.428671696516761453e-38
2.097046401323234932e+03 5.749480923008177190e-38
2.221946860939523958e+03 6.088950773626968576e-38
2.354286414322420114e+03 6.449037425625690203e-38
2.494508135230316384e+03 6.829526216120144364e-38
2.643081486974108429e+03 7.234036839552294749e-38
2.800503894183631019e+03 7.661026307395873972e-38
2.967302408188872505e+03 8.113660337248802899e-38
3.144035471591500027e+03 8.595178087206265317e-38
3.331294787934677061e+03 9.103154236187855640e-38
3.529707302730650099e+03 9.644583184992421235e-38
3.739937302478801485e+03 1.021591200239032371e-37
3.962688638701478339e+03 1.082191870811829362e-37
4.198707084443914027e+03 1.146364351903562812e-37
4.448782831127585268e+03 1.214426306497351080e-37
4.713753134116728688e+03 1.286279376536475910e-37
4.994505115855139593e+03 1.362423194728069000e-37
5.291978735958447032e+03 1.443409676003068488e-37
5.607169938205458493e+03 1.528846517257538899e-37
5.941133984965039417e+03 1.620069088202943173e-37
6.294988990221887434e+03 1.716293582708725892e-37
6.669919663030128504e+03 1.818248242209791374e-37
7.067181273927491020e+03 1.926292304943728890e-37
7.488103857590030202e+03 2.040747916077791232e-37
7.934096665797492278e+03 2.161770556603614155e-37
8.406652885618334039e+03 2.289837672341111930e-37
8.907354638610438997e+03 2.426423055423693116e-37
9.437878277775391325e+03 2.570411828912313674e-37
1.000000000000000000e+04 2.723597409692357962e-37
