1.000000000000000021e-03 2.003825041950287145e-49
1.055386103036524146e-03 2.286043058788722429e-49
1.113839826482619470e-03 2.785616435442877154e-49
1.175531073878369843e-03 3.074962126840844924e-49
1.240639159058831839e-03 3.746939501406779083e-49
1.309353327353610878e-03 4.274657147989047955e-49
1.381873305653632221e-03 5.040017515896936936e-49
1.458409882943986291e-03 5.749851816990923930e-49
1.539185522990205385e-03 7.006377968776176147e-49
1.624435010958867089e-03 7.734139785434444148e-49
1.714406135851970214e-03 9.424296194899440269e-49
1.809360410738716568e-03 1.040321039994105496e-48
1.909573832878096698e-03 1.267664393285794187e-48
2.015337685941732959e-03 1.494634663143664157e-48
2.126959386668691738e-03 1.705138485433381097e-48
2.244763378413223813e-03 2.010436752256754806e-48
2.369092074182631985e-03 2.449781353843869317e-48
2.500306851906324013e-03 2.704243407765915824e-48
2.638789104828934487e-03 3.295206909226897772e-48
2.784941350080644140e-03 3.885200605812591554e-48
2.939188398646887333e-03 4.432390897897542719e-48
3.101978590138096837e-03 5.225992866636097389e-48
3.273785095948577185e-03 6.368039116691972406e-48
3.455107294592218038e-03 7.029495826102720096e-48
3.646472223212748626e-03 8.565665038892242116e-48
3.848436109487428890e-03 1.009931331022235482e-47
4.061585988376979588e-03 1.230633562893114895e-47
4.286541408420925167e-03 1.358461111073215024e-47
4.523956232538053901e-03 1.655328224622595544e-47
4.774520538566130907e-03 1.951708162274780954e-47
5.038962625065149942e-03 2.226586056039640312e-47
5.318051128214196926e-03 2.625247437299366568e-47
5.612597255954972046e-03 3.198947797737555970e-47
5.923457145875806254e-03 3.771706683101342407e-47
6.251534353689711630e-03 4.163478882635620818e-47
6.597782479539533035e-03 5.073331912756860227e-47
6.963207939763882935e-03 5.981691822063994226e-47
7.348872892180387945e-03 6.824151202508980108e-47
7.755898323389001994e-03 8.045988345042949357e-47
8.185467307069028281e-03 9.804293618690277532e-47
8.638828442740444438e-03 1.082267866254417272e-46
9.117299484984920863e-03 1.318777939986574220e-46
9.622271173675134986e-03 1.554899887172857876e-46
1.015521127634568151e-02 1.894695143437932388e-46
1.071766885445502894e-02 2.091499652950116743e-46
1.131127876593921409e-02 2.548559085789019290e-46
1.193776641714436315e-02 3.004868457980916898e-46
1.259895277795027198e-02 3.316988149145861189e-46
1.329675967466211958e-02 4.041855934824687533e-46
1.403321537605484691e-02 4.765534171046128236e-46
1.481046048880674780e-02 5.436710334020640619e-46
1.563075417945815684e-02 6.410131704998239324e-46
1.649648074098019820e-02 7.810950087815842005e-46
1.741015652304015240e-02 8.622283882690853028e-46
1.837443724610725651e-02 1.050652812611683141e-45
1.939212572065828963e-02 1.238768021706810825e-45
2.046617999391989878e-02 1.413235675863236456e-45
2.159972194782718360e-02 1.666269905129570321e-45
2.279604637318979887e-02 2.030403065142682533e-45
2.405863054644065760e-02 2.241303737333348384e-45
2.539114433680347144e-02 2.731100144213137206e-45
2.679746087325690987e-02 3.220092767200833218e-45
2.828166780230032332e-02 3.673609504326106964e-45
2.984807916924325788e-02 4.476410439124511279e-45
3.150124795755327584e-02 5.277893931714500996e-45
3.324597932270940276e-02 6.021230663868700971e-45
3.508734455902711574e-02 7.099308076071175676e-45
3.703069584005139192e-02 8.099172138157091996e-45
3.908168177536264221e-02 9.549296710212027947e-45
4.124626382901350197e-02 1.089421631314046226e-44
4.353073364731887412e-02 1.327495031053073566e-44
4.594173134636474198e-02 1.565177738738916923e-44
4.848626481239078079e-02 1.785616823079655588e-44
5.117173007114604599e-02 2.105324416306791881e-44
5.400593278542371173e-02 2.401837569467785297e-44
5.699711094326075089e-02 2.740111531232194388e-44
6.015395880274835433e-02 3.230717607239738707e-44
6.348565216305217251e-02 3.685730743113521295e-44
6.700187503509587306e-02 4.491180555485328911e-44
7.071284778942996119e-02 5.123716851368120052e-44
7.462935686310133432e-02 6.041097983621916894e-44
7.876278611187055578e-02 6.891924107046890649e-44
8.312514989890627815e-02 7.862580283595477914e-44
8.772912801613355627e-02 8.969943335965371359e-44
9.258810253973949467e-02 1.093016226688919381e-43
9.771619672696171821e-02 1.206549278761904693e-43
1.031283160672184784e-01 1.376479256450284687e-43
1.088401916069005465e-01 1.570342112658806367e-43
1.148684256737553672e-01 1.791508545613007236e-43
1.212305401337651634e-01 2.043823981495535707e-43
1.279450273207873301e-01 2.331675434965306638e-43
1.350314037869872197e-01 2.660067786288726282e-43
1.425102670302997865e-01 3.136342347988163799e-43
1.504033553638023657e-01 3.349930256451864550e-43
1.587336111010208550e-01 3.821733260072761791e-43
1.675252472408213789e-01 4.081996944057614561e-43
1.768038178457206899e-01 4.812862268396566579e-43
1.865962923181745947e-01 5.140622784173833381e-43
1.969311337907421744e-01 5.674586123410963277e-43
2.078383818579757347e-01 5.864626296003389823e-43
2.193497398905057960e-01 6.264012946280291837e-43
2.314986671851160804e-01 6.473792844856696247e-43
2.443204762186486634e-01 6.690598208773645019e-43
2.578524352884273840e-01 7.385559560936910032e-43
2.721338768375305972e-01 7.146234334944505826e-43
2.872063117797828413e-01 7.385559560936910032e-43
3.031135501567576163e-01 7.632899716346944711e-43
3.199018284775063670e-01 7.888523218736092353e-43
3.376199441111336630e-01 7.632899716346944711e-43
3.563193971228584278e-01 8.152707474888830179e-43
3.760545399658167809e-01 8.425739181858859698e-43
3.968827354637161631e-01 8.152707474888830179e-43
4.188645235435271008e-01 8.707914638097549795e-43
4.420637972028529927e-01 8.425739181858859698e-43
4.665479882234472853e-01 8.152707474888830179e-43
4.923882631706736346e-01 8.152707474888830179e-43
5.196597302486196668e-01 8.152707474888830179e-43
5.484416576121015074e-01 8.152707474888830179e-43
5.788177037701274230e-01 7.632899716346944711e-43
6.108761607505033275e-01 7.146234334944505826e-43
6.447102107323869902e-01 6.264012946280291837e-43
6.804181968927094371e-01 5.864626296003389823e-43
7.181039092537349067e-01 5.312780686070240171e-43
7.578768863625922059e-01 4.359984833420442043e-43
7.998527336796708020e-01 3.697891976470199954e-43
8.441534596012976177e-01 3.136342347988163799e-43
8.909078300934133443e-01 2.490464758359765565e-43
9.402517429670123050e-01 1.977594925697620876e-43
9.923286228832545186e-01 1.570342112658806367e-43
1.047289838236358461e+00 1.167451675333460665e-43
1.105295141126021008e+00 9.580805041606564305e-44
1.166513131698196259e+00 7.607797448560521629e-44
1.231121748203889643e+00 6.243412527535317018e-44
1.299308784200415845e+00 4.957685464950161374e-44
1.371272434398399520e+00 4.345646179579779679e-44
1.447221870741134397e+00 3.685730743113521295e-44
1.527377850390712499e+00 3.338913362546767303e-44
1.611973357388157169e+00 3.126027879252194230e-44
1.701254279852587370e+00 2.831877037472290367e-44
1.795480124687830470e+00 2.740111531232194388e-44
1.894924771873819802e+00 2.651319638614461726e-44
1.999877270535284968e+00 2.565405001212361521e-44
2.110642679101552677e+00 2.482274383063323052e-44
2.227542951999556209e+00 2.324007269086725734e-44
2.350917875457284367e+00 2.401837569467785297e-44
2.481126055137767850e+00 2.482274383063323052e-44
2.618545958474232549e+00 2.565405001212361521e-44
2.763577014736157356e+00 2.565405001212361521e-44
2.916640776023703641e+00 2.651319638614461726e-44
3.078182142565077051e+00 2.651319638614461726e-44
3.248670655878374891e+00 2.740111531232194388e-44
3.428601863556583140e+00 2.740111531232194388e-44
3.618498759642746698e+00 2.831877037472290367e-44
3.818913304781850204e+00 2.831877037472290367e-44
4.030428030568050879e+00 2.926715742755394671e-44
4.253657732750382614e+00 2.926715742755394671e-44
4.489251258218603269e+00 3.126027879252194230e-44
4.737893390963138884e+00 3.230717607239738707e-44
5.000306842491089476e+00 3.230717607239738707e-44
5.277254352483532251e+00 3.230717607239738707e-44
5.569540905800129948e+00 3.230717607239738707e-44
5.878016072274911963e+00 3.230717607239738707e-44
6.203576476104267989e+00 3.338913362546767303e-44
6.547168402004736265e+00 3.126027879252194230e-44
6.909790545715638110e+00 3.024730567587738185e-44
7.292496916841444410e+00 2.926715742755394671e-44
7.696399902471150689e+00 2.831877037472290367e-44
8.122673500479711706e+00 2.565405001212361521e-44
8.572556731909315886e+00 2.175831094104378616e-44
9.047357242349292505e+00 1.971091222093128652e-44
9.548455102782282822e+00 1.565177738738916923e-44
1.007730682094459773e+01 1.163612284581454924e-44
1.063544957486011278e+01 8.370410962895532118e-45
1.122450568085305811e+01 5.106866516993973934e-45
1.184618730902682415e+01 1.964608907176498709e-45
1.250230145991453412e+01 3.910881690144978560e-46
1.319475521676706009e+01 1.155971341290882114e-46
1.392556128874461940e+01 5.981691822063994226e-47
1.469684386112444408e+01 3.771706683101342407e-47
1.551084476952840596e+01 2.713166179782438263e-47
1.636993001611702070e+01 2.226586056039640312e-47
1.727659664669034711e+01 1.827269373285385825e-47
1.823348000868438490e+01 1.450973609789920326e-47
1.924336141115979970e+01 1.230633562893114895e-47
2.030917620904734733e+01 1.114834244259333586e-47
2.143402233514854416e+01 1.009931331022235482e-47
2.262116930469021625e+01 8.852526569752481687e-48
2.387406771860646870e+01 8.288099107117652600e-48
2.519635929317013634e+01 7.759658925409480144e-48
2.659188744512691116e+01 7.029495826102720096e-48
2.806470846309833078e+01 6.581302820245384327e-48
2.961910329772553396e+01 6.368039116691972406e-48
3.125959000482277972e+01 6.161686112812399334e-48
3.299093687770935901e+01 5.962019870968962132e-48
3.481817630688966148e+01 5.581887970608731567e-48
3.674661940736687882e+01 5.768823710106929207e-48
3.878187145610719710e+01 5.581887970608731567e-48
4.092984818452433871e+01 5.581887970608731567e-48
4.319679297334173640e+01 5.581887970608731567e-48
4.558929499981059053e+01 5.581887970608731567e-48
4.811430839003254789e+01 5.581887970608731567e-48
5.077917243205393305e+01 5.581887970608731567e-48
5.359163290848514549e+01 5.581887970608731567e-48
5.655986461065002402e+01 5.581887970608731567e-48
5.969249509970727274e+01 5.962019870968962132e-48
6.299862978380680545e+01 5.768823710106929207e-48
6.648787838417263174e+01 6.161686112812399334e-48
7.017038286703822791e+01 5.962019870968962132e-48
7.405684692262427404e+01 6.368039116691972406e-48
7.815856707684091020e+01 6.581302820245384327e-48
8.248746552614581162e+01 6.801708660714083991e-48
8.705612479099856671e+01 6.801708660714083991e-48
9.187782428863320661e+01 7.029495826102720096e-48
9.696657893145520291e+01 7.264911514749853425e-48
1.023371798632519187e+02 7.759658925409480144e-48
1.080052374516251774e+02 8.019527555362836527e-48
1.139872266616050211e+02 8.288099107117652600e-48
1.203005349423324191e+02 8.565665038892242116e-48
1.269635127659972795e+02 8.852526569752481687e-48
1.339955269659337205e+02 9.148995006499638350e-48
1.414170170289021087e+02 9.772050301861952485e-48
1.492495545051829140e+02 1.043753625772886406e-47
1.575159057091621264e+02 1.043753625772886406e-47
1.662400978926610264e+02 1.078708618942787087e-47
1.754474890833459710e+02 1.114834244259333586e-47
1.851648417912153946e+02 1.230633562893114895e-47
1.954204007974051365e+02 1.271847108622095067e-47
2.062439752514088411e+02 1.271847108622095067e-47
2.176670253153459100e+02 1.358461111073215024e-47
2.297227536071151235e+02 1.450973609789920326e-47
2.424462017082325929e+02 1.499566277032016175e-47
2.558743520168583814e+02 1.601688172277101559e-47
2.700462352420682350e+02 1.655328224622595544e-47
2.850030438518105029e+02 1.710764666093906206e-47
3.007882518043095956e+02 1.827269373285385825e-47
3.174477409109186965e+02 1.888464071809631050e-47
3.350299341977229801e+02 2.017070278196952838e-47
3.535859366535175923e+02 2.084621351607955605e-47
3.731696837732748122e+02 2.154434690031884585e-47
3.938380983288481048e+02 2.301153749467703669e-47
4.156512558225987846e+02 2.378218692390390619e-47
4.386725591048494266e+02 2.540177656054792918e-47
4.629689226627258449e+02 2.625247437299366568e-47
4.886109671160326116e+02 2.804029294354015240e-47
5.156732244854963483e+02 2.897935387144608220e-47
5.442343548300260636e+02 3.095287553944958498e-47
5.743773748826574774e+02 3.198947797737555970e-47
6.061898993497571837e+02 3.416799197104594985e-47
6.397643955748424105e+02 3.531226768562633294e-47
6.751984523072494540e+02 3.771706683101342407e-47
7.125950633568396597e+02 3.898019998898497383e-47
7.520629269592407127e+02 4.163478882635620818e-47
7.937167617217542102e+02 4.595944982630293076e-47
8.376776400682906569e+02 4.595944982630293076e-47
8.840733401525044428e+02 5.073331912756860227e-47
9.330387172620360161e+02 5.073331912756860227e-47
9.847160957933764394e+02 5.600305659504812896e-47
1.039255682936711082e+03 5.600305659504812896e-47
1.096816005273137989e+03 6.182016871598428049e-47
1.157564369553303550e+03 6.389050746439267076e-47
1.221677348996790670e+03 6.603018123116460918e-47
1.289341296525713005e+03 7.288882415069020637e-47
1.360752886424333155e+03 7.288882415069020637e-47
1.436119685999077319e+03 8.045988345042949357e-47
1.515660758900601195e+03 8.045988345042949357e-47
1.599607301861484530e+03 8.881735876919608173e-47
1.688203316700362848e+03 9.486590570379696244e-47
1.781706319545728775e+03 9.486590570379696244e-47
1.880388089340912757e+03 1.047197537521898205e-46
1.984535457805799069e+03 1.047197537521898205e-46
2.094451143151468841e+03 1.155971341290882114e-46
2.210454629971019131e+03 1.234694093349080015e-46
2.332883097864153569e+03 1.234694093349080015e-46
2.462092401494625392e+03 1.362943414238903855e-46
2.598458104929247384e+03 1.362943414238903855e-46
2.742376573264946728e+03 1.504514163000859462e-46
2.894266124716745708e+03 1.606973014004641008e-46
3.054568246515431838e+03 1.606973014004641008e-46
3.223748878149026950e+03 1.773891442500030506e-46
3.402299765678064432e+03 1.833298530270209586e-46
3.590739891061047729e+03 1.958147910606882883e-46
3.789616980644716023e+03 2.091499652950116743e-46
3.999509097203661440e+03 2.091499652950116743e-46
4.221026320156894144e+03 2.308746509136637943e-46
4.454812518844979422e+03 2.465974350789728004e-46
4.701547224022129740e+03 2.465974350789728004e-46
4.961947603002898177e+03 2.722118392884117042e-46
5.236770544204644466e+03 2.813281314364241365e-46
5.526814857144591770e+03 3.004868457980916898e-46
5.832923594286199659e+03 3.209502869004439254e-46
6.155986501483501343e+03 3.209502869004439254e-46
6.496942604146111080e+03 3.542878209148207830e-46
6.856782936641738161e+03 3.784151597915537175e-46
7.236553422869649694e+03 3.784151597915537175e-46
7.637357916378011396e+03 4.177216467336272926e-46
8.060361408861328528e+03 4.317110183132296415e-46
8.506793416364153018e+03 4.611109508561183817e-46
8.977951553033313758e+03 4.925130468761023902e-46
9.475205302806527470e+03 4.925130468761023902e-46
1.000000000000000000e+04 5.436710334020640619e-46
