1.000000000000000021e-03 nan
1.055386103036524146e-03 nan
1.113839826482619470e-03 nan
1.175531073878369843e-03 nan
1.240639159058831839e-03 nan
1.309353327353610878e-03 nan
1.381873305653632221e-03 nan
1.458409882943986291e-03 nan
1.539185522990205385e-03 nan
1.624435010958867089e-03 nan
1.714406135851970214e-03 nan
1.809360410738716568e-03 nan
1.909573832878096698e-03 nan
2.015337685941732959e-03 nan
2.126959386668691738e-03 nan
2.244763378413223813e-03 nan
2.369092074182631985e-03 nan
2.500306851906324013e-03 nan
2.638789104828934487e-03 nan
2.784941350080644140e-03 nan
2.939188398646887333e-03 nan
3.101978590138096837e-03 nan
3.273785095948577185e-03 nan
3.455107294592218038e-03 nan
3.646472223212748626e-03 nan
3.848436109487428890e-03 nan
4.061585988376979588e-03 nan
4.286541408420925167e-03 nan
4.523956232538053901e-03 nan
4.774520538566130907e-03 nan
5.038962625065149942e-03 nan
5.318051128214196926e-03 nan
5.612597255954972046e-03 nan
5.923457145875806254e-03 nan
6.251534353689711630e-03 nan
6.597782479539533035e-03 nan
6.963207939763882935e-03 nan
7.348872892180387945e-03 nan
7.755898323389001994e-03 nan
8.185467307069028281e-03 nan
8.638828442740444438e-03 nan
9.117299484984920863e-03 nan
9.622271173675134986e-03 nan
1.015521127634568151e-02 nan
1.071766885445502894e-02 nan
1.131127876593921409e-02 nan
1.193776641714436315e-02 nan
1.259895277795027198e-02 nan
1.329675967466211958e-02 nan
1.403321537605484691e-02 nan
1.481046048880674780e-02 nan
1.563075417945815684e-02 nan
1.649648074098019820e-02 nan
1.741015652304015240e-02 nan
1.837443724610725651e-02 nan
1.939212572065828963e-02 nan
2.046617999391989878e-02 nan
2.159972194782718360e-02 nan
2.279604637318979887e-02 nan
2.405863054644065760e-02 nan
2.539114433680347144e-02 nan
2.679746087325690987e-02 nan
2.828166780230032332e-02 nan
2.984807916924325788e-02 nan
3.150124795755327584e-02 nan
3.324597932270940276e-02 nan
3.508734455902711574e-02 nan
3.703069584005139192e-02 nan
3.908168177536264221e-02 nan
4.124626382901350197e-02 nan
4.353073364731887412e-02 nan
4.594173134636474198e-02 nan
4.848626481239078079e-02 nan
5.117173007114604599e-02 nan
5.400593278542371173e-02 nan
5.699711094326075089e-02 nan
6.015395880274835433e-02 nan
6.348565216305217251e-02 nan
6.700187503509587306e-02 nan
7.071284778942996119e-02 nan
7.462935686310133432e-02 nan
7.876278611187055578e-02 nan
8.312514989890627815e-02 nan
8.772912801613355627e-02 nan
9.258810253973949467e-02 nan
9.771619672696171821e-02 nan
1.031283160672184784e-01 nan
1.088401916069005465e-01 nan
1.148684256737553672e-01 nan
1.212305401337651634e-01 nan
1.279450273207873301e-01 nan
1.350314037869872197e-01 7.312932408445413357e-46
1.425102670302997865e-01 9.209469647620353071e-46
1.504033553638023657e-01 1.085838857461668600e-45
1.587336111010208550e-01 1.280253988000616822e-45
1.675252472408213789e-01 1.460564511114637905e-45
1.768038178457206899e-01 1.612275293303721408e-45
1.865962923181745947e-01 1.779744476615979283e-45
1.969311337907421744e-01 1.900946774765628283e-45
2.078383818579757347e-01 2.030403065142682533e-45
2.193497398905057960e-01 2.098400649555053809e-45
2.314986671851160804e-01 2.168675452498703893e-45
2.443204762186486634e-01 2.168675452498703893e-45
2.578524352884273840e-01 2.168675452498703893e-45
2.721338768375305972e-01 2.030403065142682533e-45
2.872063117797828413e-01 nan
3.031135501567576163e-01 nan
3.199018284775063670e-01 nan
3.376199441111336630e-01 nan
3.563193971228584278e-01 2.354832075546360419e-50
3.760545399658167809e-01 3.796637575282517730e-45
3.968827354637161631e-01 4.941381156919555968e-45
4.188645235435271008e-01 5.637323547773880460e-45
4.420637972028529927e-01 6.431282221122383512e-45
4.665479882234472853e-01 7.099308076071175676e-45
4.923882631706736346e-01 7.582777734439358575e-45
5.196597302486196668e-01 7.836722666817365510e-45
5.484416576121015074e-01 7.836722666817365510e-45
5.788177037701274230e-01 7.836722666817365510e-45
6.108761607505033275e-01 7.582777734439358575e-45
6.447102107323869902e-01 7.099308076071175676e-45
6.804181968927094371e-01 6.646663917110819663e-45
7.181039092537349067e-01 6.021230663868700971e-45
7.578768863625922059e-01 5.277893931714500996e-45
7.998527336796708020e-01 4.331354681176985849e-45
8.441534596012976177e-01 3.439384159177444273e-45
8.909078300934133443e-01 2.474110943400990154e-45
9.402517429670123050e-01 2.386065731283666904e-46
9.923286228832545186e-01 1.833298530270209586e-46
1.047289838236358461e+00 1.455761162080875598e-46
1.105295141126021008e+00 1.194684471805283180e-46
1.166513131698196259e+00 1.013263644597698477e-46
1.231121748203889643e+00 8.881735876919608173e-47
1.299308784200415845e+00 7.785262266927691966e-47
1.371272434398399520e+00 6.824151202508980108e-47
1.447221870741134397e+00 5.981691822063994226e-47
1.527377850390712499e+00 5.418830660010319285e-47
1.611973357388157169e+00 4.908933224135219814e-47
1.701254279852587370e+00 4.447015769814202991e-47
1.795480124687830470e+00 3.898019998898497383e-47
1.894924771873819802e+00 3.416799197104594985e-47
1.999877270535284968e+00 2.897935387144608220e-47
2.110642679101552677e+00 2.154434690031884585e-47
2.227542951999556209e+00 1.601688172277101559e-47
2.350917875457284367e+00 1.403955562720247994e-47
2.481126055137767850e+00 1.271847108622095067e-47
2.618545958474232549e+00 1.152169705838976494e-47
2.763577014736157356e+00 1.078708618942787087e-47
2.916640776023703641e+00 1.009931331022235482e-47
3.078182142565077051e+00 9.455392081505573693e-48
3.248670655878374891e+00 8.852526569752481687e-48
3.428601863556583140e+00 8.019527555362836527e-48
3.618498759642746698e+00 7.508211203591625906e-48
3.818913304781850204e+00 6.368039116691972406e-48
4.030428030568050879e+00 5.056647279003498585e-48
4.253657732750382614e+00 nan
4.489251258218603269e+00 5.806955498714262344e-46
4.737893390963138884e+00 6.846667794473824077e-46
5.000306842491089476e+00 7.312932408445413357e-46
5.277254352483532251e+00 7.810950087815842005e-46
5.569540905800129948e+00 8.072536443281533300e-46
5.878016072274911963e+00 8.342883246656460309e-46
6.203576476104267989e+00 8.342883246656460309e-46
6.547168402004736265e+00 8.342883246656460309e-46
6.909790545715638110e+00 8.072536443281533300e-46
7.292496916841444410e+00 7.557840302489719297e-46
7.696399902471150689e+00 6.624805076600136587e-46
8.122673500479711706e+00 5.260536556176288361e-46
8.572556731909315886e+00 4.163478882635620818e-47
9.047357242349292505e+00 3.306079591735382389e-47
9.548455102782282822e+00 2.226586056039640312e-47
1.007730682094459773e+01 1.403955562720247994e-47
1.063544957486011278e+01 1.114834244259333586e-47
1.122450568085305811e+01 7.759658925409480144e-48
1.184618730902682415e+01 4.892789247282757012e-48
1.250230145991453412e+01 nan
1.319475521676706009e+01 nan
1.392556128874461940e+01 nan
1.469684386112444408e+01 nan
1.551084476952840596e+01 nan
1.636993001611702070e+01 1.591170572337914086e-49
1.727659664669034711e+01 1.539609515430136771e-49
1.823348000868438490e+01 1.441445687804712236e-49
1.924336141115979970e+01 1.305809513456453866e-49
2.030917620904734733e+01 1.144603901060112120e-49
2.143402233514854416e+01 1.036899742937909925e-49
2.262116930469021625e+01 1.036899742937909925e-49
2.387406771860646870e+01 1.003299544704777137e-49
2.519635929317013634e+01 9.393302573133886698e-50
2.659188744512691116e+01 9.088917476435109572e-50
2.806470846309833078e+01 8.794395820881867163e-50
2.961910329772553396e+01 8.509417986780928072e-50
3.125959000482277972e+01 8.233674711549404985e-50
3.299093687770935901e+01 7.966866754097958766e-50
3.481817630688966148e+01 7.966866754097958766e-50
3.674661940736687882e+01 7.966866754097958766e-50
3.878187145610719710e+01 7.708704570089513669e-50
4.092984818452433871e+01 7.708704570089513669e-50
4.319679297334173640e+01 7.708704570089513669e-50
4.558929499981059053e+01 7.708704570089513669e-50
4.811430839003254789e+01 7.708704570089513669e-50
5.077917243205393305e+01 7.708704570089513669e-50
5.359163290848514549e+01 7.966866754097958766e-50
5.655986461065002402e+01 7.966866754097958766e-50
5.969249509970727274e+01 8.233674711549404985e-50
6.299862978380680545e+01 8.233674711549404985e-50
6.648787838417263174e+01 8.509417986780928072e-50
7.017038286703822791e+01 8.509417986780928072e-50
7.405684692262427404e+01 8.794395820881867163e-50
7.815856707684091020e+01 9.088917476435109572e-50
8.248746552614581162e+01 9.088917476435109572e-50
8.705612479099856671e+01 9.393302573133886698e-50
9.187782428863320661e+01 9.707881434638271228e-50
9.696657893145520291e+01 1.003299544704777137e-49
1.023371798632519187e+02 1.036899742937909925e-49
1.080052374516251774e+02 1.071625201645109686e-49
1.139872266616050211e+02 1.107513605459238558e-49
1.203005349423324191e+02 1.144603901060112120e-49
1.269635127659972795e+02 1.182936339440071139e-49
1.339955269659337205e+02 1.222552519585013177e-49
1.414170170289021087e+02 1.263495433618288937e-49
1.492495545051829140e+02 1.305809513456453866e-49
1.575159057091621264e+02 1.394736388103946805e-49
1.662400978926610264e+02 1.441445687804712236e-49
1.754474890833459710e+02 1.489719267821918691e-49
1.851648417912153946e+02 1.539609515430136771e-49
1.954204007974051365e+02 1.644458393443238101e-49
2.062439752514088411e+02 1.699530807556702423e-49
2.176670253153459100e+02 1.756447580158273332e-49
2.297227536071151235e+02 1.876063337415379303e-49
2.424462017082325929e+02 1.938892131037146382e-49
2.558743520168583814e+02 2.003825041950287145e-49
2.700462352420682350e+02 2.140287440550327882e-49
2.850030438518105029e+02 2.211965019452784381e-49
3.007882518043095956e+02 2.286043058788722429e-49
3.174477409109186965e+02 2.441724773795966461e-49
3.350299341977229801e+02 2.523497397797741188e-49
3.535859366535175923e+02 2.695349980011844963e-49
3.731696837732748122e+02 2.785616435442877154e-49
3.938380983288481048e+02 2.975319574390704650e-49
4.156512558225987846e+02 3.074962126840844924e-49
4.386725591048494266e+02 3.177941678228590926e-49
4.629689226627258449e+02 3.394362540800520322e-49
4.886109671160326116e+02 3.508038715426492294e-49
5.156732244854963483e+02 3.746939501406779083e-49
5.442343548300260636e+02 3.872423371781571867e-49
5.743773748826574774e+02 4.136139100772490070e-49
6.061898993497571837e+02 4.274657147989047955e-49
6.397643955748424105e+02 4.565765381190710414e-49
6.751984523072494540e+02 4.718671482567567243e-49
7.125950633568396597e+02 5.040017515896936936e-49
7.520629269592407127e+02 5.208806177793946537e-49
7.937167617217542102e+02 5.563530851846656584e-49
8.376776400682906569e+02 5.942412614891895382e-49
8.840733401525044428e+02 6.141422215660914652e-49
9.330387172620360161e+02 6.559658932350005741e-49
9.847160957933764394e+02 6.779339925560816180e-49
1.039255682936711082e+03 7.241019447375079984e-49
1.096816005273137989e+03 7.483518998108319114e-49
1.157564369553303550e+03 7.993153787110108081e-49
1.221677348996790670e+03 8.260842089344754764e-49
1.289341296525713005e+03 8.823413323044371446e-49
1.360752886424333155e+03 9.424296194899440269e-49
1.436119685999077319e+03 9.739913023420535314e-49
1.515660758900601195e+03 1.040321039994105496e-48
1.599607301861484530e+03 1.075161076904703623e-48
1.688203316700362848e+03 1.148380572800922344e-48
1.781706319545728775e+03 1.186839490774959145e-48
1.880388089340912757e+03 1.267664393285794187e-48
1.984535457805799069e+03 1.353993548828874250e-48
2.094451143151468841e+03 1.399338383167875394e-48
2.210454629971019131e+03 1.494634663143664157e-48
2.332883097864153569e+03 1.544689525854197857e-48
2.462092401494625392e+03 1.649884357427549303e-48
2.598458104929247384e+03 1.762243057470602546e-48
2.742376573264946728e+03 1.821260044350026841e-48
2.894266124716745708e+03 1.945289592301243459e-48
3.054568246515431838e+03 2.010436752256754806e-48
3.223748878149026950e+03 2.147349414641497947e-48
3.402299765678064432e+03 2.293585960058242082e-48
3.590739891061047729e+03 2.370397460003020529e-48
3.789616980644716023e+03 2.531823790274164765e-48
3.999509097203661440e+03 2.704243407765915824e-48
4.221026320156894144e+03 2.794807701401984558e-48
4.454812518844979422e+03 2.985136774337406488e-48
4.701547224022129740e+03 3.085108101843854473e-48
4.961947603002898177e+03 3.295206909226897772e-48
5.236770544204644466e+03 3.405562391748114000e-48
5.526814857144591770e+03 3.637484442241967014e-48
5.832923594286199659e+03 3.885200605812591554e-48
6.155986501483501343e+03 4.015314798747068815e-48
6.496942604146111080e+03 4.288761570346432575e-48
6.856782936641738161e+03 4.580830328177473179e-48
7.236553422869649694e+03 4.734240950071455926e-48
7.637357916378011396e+03 5.056647279003498585e-48
8.060361408861328528e+03 5.225992866636097389e-48
8.506793416364153018e+03 5.581887970608731567e-48
8.977951553033313758e+03 5.962019870968962132e-48
9.475205302806527470e+03 6.161686112812399334e-48
1.000000000000000000e+04 6.581302820245384327e-48
