1.000000000000000056e-01 4.626324070523299064e-40
1.039255682936712638e-01 5.365543669712148407e-40
1.080052374516252828e-01 5.526997528593195397e-40
1.122450568085306410e-01 5.693309674006271716e-40
1.166513131698196093e-01 6.041097983621915998e-40
1.212305401337652189e-01 6.603018123116466085e-40
1.259895277795027302e-01 6.801708660714091705e-40
1.309353327353610374e-01 7.658084810188104813e-40
1.360752886424333452e-01 8.622283882690853020e-40
1.414170170289023587e-01 8.622283882690853020e-40
1.469684386112446450e-01 9.707881434638270548e-40
1.527377850390713721e-01 9.999999999999999293e-40
1.587336111010209105e-01 1.093016226688919387e-39
1.649648074098020167e-01 1.230633562893116060e-39
1.714406135851970769e-01 1.267664393285795485e-39
1.781706319545730832e-01 1.267664393285795485e-39
1.851648417912155065e-01 1.427270987172665575e-39
1.924336141115980114e-01 1.470218808070813318e-39
1.999877270535286022e-01 1.655328224622593834e-39
2.078383818579757347e-01 1.705138485433381153e-39
2.159972194782718291e-01 1.756447580158272506e-39
2.244763378413223709e-01 1.863744033330453155e-39
2.332883097864157096e-01 1.919825706441478329e-39
2.424462017082328336e-01 2.037102470824839182e-39
2.519635929317015077e-01 2.098400649555053685e-39
2.618545958474232660e-01 2.226586056039640051e-39
2.721338768375307082e-01 2.362601949251870120e-39
2.828166780230032540e-01 2.506926671649542697e-39
2.939188398646885858e-01 2.433694689370610099e-39
3.054568246515431684e-01 2.582362267739165025e-39
3.174477409109192627e-01 2.740111531232194617e-39
3.299093687770939809e-01 2.907497254506044449e-39
3.428601863556585694e-01 2.822563861828097653e-39
3.563193971228584833e-01 2.994986366574203977e-39
3.703069584005140302e-01 3.177941678228589630e-39
3.848436109487430312e-01 3.085108101843851544e-39
3.999509097203664543e-01 3.273568697377693078e-39
4.156512558225988752e-01 3.473541821774865222e-39
4.319679297334173551e-01 3.372073216404780775e-39
4.489251258218605600e-01 3.685730743113521110e-39
4.665479882234472853e-01 3.910881690144978248e-39
4.848626481239080577e-01 3.796637575282517836e-39
5.038962625065149803e-01 3.796637575282517836e-39
5.236770544204653044e-01 3.796637575282517836e-39
5.442343548300266898e-01 3.910881690144978248e-39
5.655986461065004578e-01 3.685730743113521110e-39
5.878016072274911963e-01 3.685730743113521110e-39
6.108761607505036606e-01 3.473541821774865222e-39
6.348565216305216419e-01 3.372073216404780775e-39
6.597782479539537892e-01 2.994986366574203977e-39
6.856782936641739878e-01 2.907497254506044449e-39
7.125950633568408632e-01 2.660067786288726453e-39
7.405684692262436419e-01 2.433694689370610099e-39
7.696399902471157128e-01 2.098400649555053685e-39
7.998527336796710241e-01 1.919825706441478329e-39
8.312514989890629202e-01 1.655328224622593834e-39
8.638828442740447144e-01 1.427270987172665575e-39
8.977951553033320931e-01 1.267664393285795485e-39
9.330387172620362435e-01 1.030090866614772853e-39
9.696657893145520513e-01 8.881735876919608432e-40
1.007730682094461150e+00 7.888523218736092136e-40
1.047289838236358461e+00 6.410131704998238283e-40
1.088401916069005937e+00 5.693309674006271716e-40
1.131127876593921444e+00 4.626324070523299064e-40
1.175531073878369304e+00 3.988947946937778309e-40
1.221677348996791812e+00 3.542878209148207770e-40
1.269635127659973550e+00 3.241377504413340223e-40
1.319475521676706009e+00 2.794807701401983950e-40
1.371272434398400186e+00 2.633909558579837406e-40
1.425102670302997865e+00 2.409762539901859822e-40
1.481046048880674704e+00 2.204690544441199823e-40
1.539185522990205390e+00 2.140287440550326709e-40
1.599607301861486919e+00 1.958147910606883180e-40
1.662400978926611872e+00 1.900946774765628024e-40
1.727659664669035644e+00 1.845416590298273779e-40
1.795480124687831358e+00 1.900946774765628024e-40
1.865962923181746058e+00 1.845416590298273779e-40
1.939212572065829976e+00 1.900946774765628024e-40
2.015337685941732904e+00 1.958147910606883180e-40
2.094451143151469630e+00 1.845416590298273779e-40
2.176670253153459189e+00 1.900946774765628024e-40
2.262116930469025178e+00 1.958147910606883180e-40
2.350917875457286588e+00 1.958147910606883180e-40
2.443204762186487855e+00 2.017070278196950785e-40
2.539114433680346838e+00 2.204690544441199823e-40
2.638789104828933141e+00 2.204690544441199823e-40
2.742376573264949435e+00 2.271031593540830743e-40
2.850030438518106557e+00 2.271031593540830743e-40
2.961910329772553307e+00 2.482274383063322826e-40
3.078182142565078383e+00 2.482274383063322826e-40
3.199018284775064114e+00 2.482274383063322826e-40
3.324597932270939804e+00 2.556968170425348595e-40
3.455107294592218103e+00 2.713166179782437741e-40
3.590739891061053068e+00 2.794807701401983950e-40
3.731696837732751959e+00 2.794807701401983950e-40
3.878187145610721753e+00 2.794807701401983950e-40
4.030428030568050879e+00 3.054770168107528666e-40
4.188645235435270564e+00 3.054770168107528666e-40
4.353073364731890216e+00 3.054770168107528666e-40
4.523956232538053790e+00 3.146690849774839607e-40
4.701547224022132099e+00 3.146690849774839607e-40
4.886109671160325796e+00 3.241377504413340223e-40
5.077917243205400943e+00 3.241377504413340223e-40
5.277254352483537581e+00 3.338913362546766936e-40
5.484416576121017961e+00 3.338913362546766936e-40
5.699711094326075589e+00 3.241377504413340223e-40
5.923457145875802965e+00 3.054770168107528666e-40
6.155986501483507567e+00 3.146690849774839607e-40
6.397643955748426592e+00 2.878905887158811058e-40
6.648787838417263174e+00 2.633909558579837406e-40
6.909790545715641663e+00 2.204690544441199823e-40
7.181039092537348623e+00 1.900946774765628024e-40
7.462935686310133043e+00 1.413235675863236508e-40
7.755898323389001980e+00 9.331620779959680445e-41
8.060361408861341559e+00 5.581887970608731785e-42
8.376776400682915735e+00 3.910881690144977916e-42
8.705612479099860579e+00 2.907497254506047406e-42
9.047357242349292505e+00 2.098400649555053744e-42
9.402517429670131932e+00 1.560030348862037405e-42
9.771619672696177261e+00 1.194684471805281884e-42
1.015521127634568010e+01 9.148995006499637308e-43
1.055386103036522982e+01 7.217205953687303953e-43
1.096816005273137939e+01 5.864626296003389823e-43
1.139872266616051455e+01 4.626324070523299313e-43
1.184618730902683659e+01 3.872423371781574028e-43
1.231121748203889510e+01 3.241377504413337212e-43
1.279450273207873323e+01 2.713166179782437974e-43
1.329675967466211262e+01 2.271031593540830714e-43
1.381873305653632222e+01 1.958147910606885260e-43
1.436119685999078754e+01 1.739175254995233980e-43
1.492495545051828998e+01 1.591170572337913119e-43
1.551084476952840596e+01 1.413235675863236618e-43
1.611973357388157169e+01 1.292968614147989456e-43
1.675252472408215354e+01 1.182936339440071027e-43
1.741015652304015404e+01 1.114834244259333530e-43
1.809360410738716496e+01 1.050652812611684199e-43
1.880388089340914703e+01 9.901663304056685768e-44
1.954204007974053425e+01 9.901663304056685768e-44
2.030917620904734733e+01 9.059026812485537339e-44
2.110642679101554720e+01 9.059026812485537339e-44
2.193497398905057949e+01 8.794395820881866559e-44
2.279604637318979599e+01 8.537495191839946113e-44
2.369092074182632146e+01 8.537495191839946113e-44
2.462092401494625449e+01 8.537495191839946113e-44
2.558743520168586372e+01 8.288099107117651966e-44
2.659188744512693603e+01 8.537495191839946113e-44
2.763577014736157267e+01 8.288099107117651966e-44
2.872063117797828014e+01 8.537495191839946113e-44
2.984807916924324189e+01 8.537495191839946113e-44
3.101978590138096692e+01 8.794395820881866559e-44
3.223748878149029906e+01 8.794395820881866559e-44
3.350299341977229517e+01 8.794395820881866559e-44
3.481817630688966148e+01 8.794395820881866559e-44
3.618498759642746876e+01 9.059026812485537339e-44
3.760545399658171561e+01 9.059026812485537339e-44
3.908168177536263954e+01 9.059026812485537339e-44
4.061585988376979373e+01 9.331620779959690943e-44
4.221026320156898493e+01 9.612417336149099091e-44
4.386725591048498529e+01 9.612417336149099091e-44
4.558929499981059053e+01 9.901663304056685768e-44
4.737893390963144213e+01 9.901663304056685768e-44
4.923882631706736390e+01 9.901663304056685768e-44
5.117173007114605099e+01 1.050652812611684199e-43
5.318051128214197121e+01 1.050652812611684199e-43
5.526814857144603366e+01 1.082267866254417228e-43
5.743773748826581027e+01 1.082267866254417228e-43
5.969249509970733669e+01 1.114834244259333530e-43
6.203576476104268522e+01 1.114834244259333530e-43
6.447102107323868836e+01 1.148380572800922323e-43
6.700187503509583564e+01 1.148380572800922323e-43
6.963207939763883303e+01 1.182936339440071027e-43
7.236553422869657481e+01 1.182936339440071027e-43
7.520629269592407695e+01 1.218531919043929937e-43
7.815856707684091020e+01 1.255198600485723822e-43
8.122673500479712061e+01 1.255198600485723822e-43
8.441534596012985503e+01 1.292968614147989456e-43
8.772912801613355782e+01 1.292968614147989456e-43
9.117299484984921776e+01 1.331875160253404073e-43
9.475205302806537588e+01 1.371952438048118338e-43
9.847160957933773773e+01 1.331875160253404073e-43
1.023371798632519187e+02 1.371952438048118338e-43
1.063544957486011242e+02 1.413235675863236618e-43
1.105295141126021008e+02 1.413235675863236618e-43
1.148684256737553540e+02 1.455761162080875357e-43
1.193776641714435698e+02 1.499566277032015926e-43
1.240639159058831780e+02 1.544689525854197944e-43
1.289341296525714426e+02 1.544689525854197944e-43
1.339955269659338342e+02 1.544689525854197944e-43
1.392556128874462047e+02 1.591170572337913119e-43
1.447221870741134353e+02 1.639050273791484843e-43
1.504033553638023761e+02 1.688370716955051195e-43
1.563075417945815673e+02 1.688370716955051195e-43
1.624435010958865462e+02 1.739175254995233980e-43
1.688203316700362677e+02 1.739175254995233980e-43
1.754474890833459710e+02 1.791508545613009227e-43
1.823348000868440408e+02 1.845416590298275674e-43
1.894924771873821783e+02 1.900946774765630025e-43
1.969311337907421660e+02 1.958147910606885260e-43
2.046617999391989713e+02 2.017070278196952821e-43
2.126959386668689831e+02 2.077765670890800129e-43
2.210454629971021632e+02 2.140287440550327008e-43
2.297227536071151235e+02 2.204690544441199992e-43
2.387406771860646870e+02 2.271031593540830714e-43
2.481126055137767707e+02 2.271031593540830714e-43
2.578524352884273867e+02 2.339368902300002876e-43
2.679746087325689246e+02 2.409762539901859450e-43
2.784941350080644042e+02 2.482274383063322654e-43
2.894266124716749005e+02 2.556968170425348713e-43
3.007882518043098798e+02 2.633909558579837218e-43
3.125959000482278043e+02 2.713166179782437974e-43
3.248670655878374873e+02 2.794807701401984546e-43
3.376199441111336910e+02 2.794807701401984546e-43
3.508734455902711034e+02 2.878905887158811115e-43
3.646472223212745121e+02 2.965534660205790785e-43
3.789616980644715909e+02 3.054770168107525365e-43
3.938380983288489006e+02 3.146690849774836440e-43
4.092984818452438276e+02 3.338913362546764017e-43
4.253657732750387481e+02 3.439384159177440639e-43
4.420637972028529816e+02 3.542878209148211638e-43
4.594173134636476448e+02 3.649486484772075114e-43
4.774520538566126220e+02 3.759302695797767720e-43
4.961947603002902838e+02 3.759302695797767720e-43
5.156732244854963483e+02 3.988947946937782196e-43
5.359163290848514407e+02 4.232621581966674410e-43
5.569540905800130304e+02 4.359984833420442043e-43
5.788177037701274230e+02 4.359984833420442043e-43
6.015395880274832052e+02 4.491180555485328911e-43
6.251534353689711452e+02 4.626324070523299313e-43
6.496942604146117901e+02 4.908933224135218664e-43
6.751984523072501361e+02 5.056647279003498860e-43
7.017038286703822223e+02 5.208806177793947265e-43
7.292496916841444090e+02 5.365543669712149006e-43
7.578768863625922450e+02 5.526997528593195785e-43
7.876278611187054821e+02 5.864626296003389823e-43
8.185467307069020535e+02 6.041097983621910920e-43
8.506793416364153018e+02 6.222879857253850461e-43
8.840733401525062618e+02 6.410131704998232019e-43
9.187782428863330324e+02 6.603018123116460038e-43
9.548455102782293125e+02 7.006377968776176513e-43
9.923286228832545248e+02 7.217205953687303953e-43
1.031283160672184749e+03 7.434377935371052109e-43
1.071766885445503476e+03 7.434377935371052109e-43
1.113839826482618264e+03 7.888523218736100318e-43
1.157564369553303550e+03 8.370410962895531770e-43
1.203005349423324333e+03 8.622283882690852816e-43
1.250230145991456084e+03 8.622283882690852816e-43
1.299308784200414493e+03 9.148995006499637308e-43
1.350314037869872209e+03 9.707881434638270841e-43
1.403321537605484764e+03 9.707881434638270841e-43
1.458409882943986304e+03 1.000000000000000038e-42
1.515660758900601195e+03 1.061087193483173647e-42
1.575159057091621207e+03 1.125906032173997861e-42
1.636993001611701857e+03 1.125906032173997861e-42
1.701254279852589207e+03 1.159785520408913724e-42
1.768038178457205049e+03 1.230633562893114823e-42
1.837443724610724757e+03 1.267664393285794111e-42
1.909573832878096709e+03 1.305809513456453893e-42
1.984535457805803162e+03 1.345102453350173359e-42
2.062439752514092561e+03 1.427270987172666999e-42
2.143402233514854743e+03 1.470218808070814654e-42
2.227542951999556408e+03 1.514458966119003940e-42
2.314986671851160736e+03 1.560030348862037405e-42
2.405863054644066779e+03 1.655328224622595577e-42
2.500306851906321299e+03 1.705138485433380944e-42
2.598458104929247384e+03 1.756447580158272440e-42
2.700462352420682237e+03 1.863744033330452949e-42
2.806470846309838635e+03 1.919825706441478334e-42
2.916640776023700710e+03 1.977594925697620557e-42
3.031135501567576284e+03 2.037102470824839302e-42
3.150124795755327796e+03 2.161543343605166974e-42
3.273785095948577236e+03 2.226586056039640403e-42
3.402299765678064432e+03 2.293585960058242139e-42
3.535859366535175923e+03 2.362601949251868111e-42
3.674661940736687939e+03 2.506926671649539814e-42
3.818913304781854094e+03 2.582362267739162298e-42
3.968827354637157896e+03 2.660067786288723733e-42
4.124626382901347824e+03 2.822563861828100329e-42
4.286541408420925109e+03 2.907497254506047406e-42
4.454812518844988517e+03 2.994986366574206939e-42
4.629689226627267999e+03 3.085108101843854542e-42
4.811430839003254732e+03 3.273568697377696708e-42
5.000306842491089810e+03 3.372073216404780821e-42
5.196597302486196895e+03 3.473541821774864733e-42
5.400593278542373810e+03 3.685730743113521135e-42
5.612597255954965476e+03 3.796637575282517750e-42
5.832923594286199659e+03 3.910881690144977916e-42
6.061898993497572519e+03 4.028563509429287908e-42
6.299862978380693676e+03 4.274657147989047896e-42
6.547168402004729614e+03 4.403285286053070842e-42
6.804181968927094204e+03 4.535783956262485460e-42
7.071284778942996127e+03 4.812862268396561959e-42
7.348872892180387680e+03 4.957685464950155439e-42
7.637357916378011396e+03 5.106866516993968229e-42
7.937167617217543011e+03 5.260536556176282478e-42
8.248746552614580651e+03 5.581887970608731785e-42
8.572556731909324299e+03 5.749851816990923265e-42
8.909078300934124854e+03 5.922869841070706840e-42
9.258810253973944782e+03 6.284681337027845801e-42
9.622271173675135287e+03 6.473792844856703097e-42
1.000000000000000000e+04 6.668594881842950190e-42
