1.000000000000000056e-01 nan
1.039255682936712638e-01 nan
1.080052374516252828e-01 nan
1.122450568085306410e-01 4.331354681176985849e-45
1.166513131698196093e-01 5.106866516993973934e-45
1.212305401337652189e-01 5.826115807980927149e-45
1.259895277795027302e-01 6.646663917110819663e-45
1.309353327353610374e-01 7.337061755850084507e-45
1.360752886424333452e-01 8.099172138157091996e-45
1.414170170289023587e-01 8.940443941499829199e-45
1.469684386112446450e-01 9.549296710212027947e-45
1.527377850390713721e-01 1.054119488536096357e-44
1.587336111010209105e-01 1.125906032173997921e-44
1.649648074098020167e-01 1.202581307975112658e-44
1.714406135851970769e-01 1.284478243267495524e-44
1.781706319545730832e-01 1.371952438048118338e-44
1.851648417912155065e-01 1.465383709013273364e-44
1.924336141115980114e-01 1.565177738738916923e-44
1.999877270535286022e-01 1.617595067710382870e-44
2.078383818579757347e-01 1.671767837171772123e-44
2.159972194782718291e-01 1.727754836294026964e-44
2.244763378413223709e-01 1.845416590298273783e-44
2.332883097864157096e-01 1.907219033630371139e-44
2.424462017082328336e-01 1.907219033630371139e-44
2.519635929317015077e-01 2.037102470824839262e-44
2.618545958474232660e-01 2.105324416306791881e-44
2.721338768375307082e-01 2.175831094104378616e-44
2.828166780230032540e-01 2.324007269086725734e-44
2.939188398646885858e-01 2.482274383063323052e-44
3.054568246515431684e-01 2.740111531232194388e-44
3.174477409109192627e-01 3.024730567587738185e-44
3.299093687770939809e-01 3.338913362546767303e-44
3.428601863556585694e-01 3.809164750690002938e-44
3.563193971228584833e-01 4.204827769623162458e-44
3.703069584005140302e-01 4.641588833612781669e-44
3.848436109487430312e-01 4.957685464950161374e-44
3.999509097203664543e-01 5.472646861048321090e-44
4.156512558225988752e-01 5.845339337544562828e-44
4.319679297334173551e-01 6.243412527535317018e-44
4.489251258218605600e-01 6.668594881842948996e-44
4.665479882234472853e-01 6.891924107046890649e-44
4.848626481239080577e-01 7.122732560441150606e-44
5.038962625065149803e-01 7.361270719115229851e-44
5.236770544204653044e-01 7.607797448560521629e-44
5.442343548300266898e-01 7.607797448560521629e-44
5.655986461065004578e-01 7.607797448560521629e-44
5.878016072274911963e-01 7.361270719115229851e-44
6.108761607505036606e-01 7.122732560441150606e-44
6.348565216305216419e-01 6.891924107046890649e-44
6.597782479539537892e-01 6.452502524320022256e-44
6.856782936641739878e-01 6.041097983621916894e-44
7.125950633568408632e-01 5.472646861048321090e-44
7.405684692262436419e-01 4.957685464950161374e-44
7.696399902471157128e-01 4.491180555485328911e-44
7.998527336796710241e-01 3.809164750690002938e-44
8.312514989890629202e-01 3.338913362546767303e-44
8.638828442740447144e-01 2.740111531232194388e-44
8.977951553033320931e-01 2.248699019211661418e-44
9.330387172620362435e-01 1.785616823079655588e-44
9.696657893145520513e-01 1.327495031053073566e-44
1.007730682094461150e+00 8.650733493819079778e-45
1.047289838236358461e+00 8.622283882690853028e-46
1.088401916069005937e+00 7.312932408445413357e-46
1.131127876593921444e+00 6.410131704998239324e-46
1.175531073878369304e+00 5.618784118388771592e-46
1.221677348996791812e+00 4.925130468761023902e-46
1.269635127659973550e+00 4.461688897149553678e-46
1.319475521676706009e+00 4.041855934824687533e-46
1.371272434398400186e+00 3.661528128578060985e-46
1.425102670302997865e+00 3.316988149145861189e-46
1.481046048880674704e+00 3.105500593603336782e-46
1.539185522990205390e+00 2.813281314364241365e-46
1.599607301861486919e+00 2.633909558579837063e-46
1.662400978926611872e+00 2.465974350789728004e-46
1.727659664669035644e+00 2.308746509136637943e-46
1.795480124687831358e+00 2.161543343605167359e-46
1.865962923181746058e+00 2.023725691752541114e-46
1.939212572065829976e+00 1.958147910606882883e-46
2.015337685941732904e+00 1.833298530270209586e-46
2.094451143151469630e+00 1.716409410589034526e-46
2.176670253153459189e+00 1.606973014004641008e-46
2.262116930469025178e+00 1.504514163000859462e-46
2.350917875457286588e+00 1.408587976862964294e-46
2.443204762186487855e+00 1.276043625014636406e-46
2.539114433680346838e+00 1.155971341290882114e-46
2.638789104828933141e+00 1.013263644597698477e-46
2.742376573264949435e+00 8.315446060639209814e-47
2.850030438518106557e+00 7.052689961832989668e-47
2.961910329772553307e+00 6.182016871598428049e-47
3.078182142565078383e+00 5.600305659504812896e-47
3.199018284775064114e+00 5.243236263726409134e-47
3.324597932270939804e+00 3.115747331642646541e-45
3.455107294592218103e+00 3.796637575282517730e-45
3.590739891061053068e+00 4.190999379811784402e-45
3.731696837732751959e+00 4.476410439124511279e-45
3.878187145610721753e+00 4.781258264085642996e-45
4.030428030568050879e+00 5.106866516993973934e-45
4.188645235435270564e+00 5.277893931714500996e-45
4.353073364731890216e+00 5.637323547773880460e-45
4.523956232538053790e+00 5.826115807980927149e-45
4.701547224022132099e+00 6.021230663868700971e-45
4.886109671160325796e+00 6.021230663868700971e-45
5.077917243205400943e+00 6.222879857253857281e-45
5.277254352483537581e+00 6.222879857253857281e-45
5.484416576121017961e+00 6.222879857253857281e-45
5.699711094326075589e+00 6.222879857253857281e-45
5.923457145875802965e+00 6.021230663868700971e-45
6.155986501483507567e+00 5.826115807980927149e-45
6.397643955748426592e+00 5.454649002814671025e-45
6.648787838417263174e+00 4.781258264085642996e-45
6.909790545715641663e+00 4.055192219171906450e-45
7.181039092537348623e+00 3.014783155789996643e-45
7.462935686310133043e+00 1.504514163000859462e-46
7.755898323389001980e+00 9.486590570379696244e-47
8.060361408861341559e+00 6.182016871598428049e-47
8.376776400682915735e+00 5.418830660010319285e-47
8.705612479099860579e+00 3.771706683101342407e-47
9.047357242349292505e+00 2.625247437299366568e-47
9.402517429670131932e+00 1.888464071809631050e-47
9.771619672696177261e+00 1.314440883529581648e-47
1.015521127634568010e+01 8.565665038892242116e-48
1.055386103036522982e+01 1.267664393285794187e-48
1.096816005273137939e+01 1.006609976404813167e-48
1.139872266616051455e+01 8.260842089344754764e-49
1.184618730902683659e+01 6.779339925560816180e-49
1.231121748203889510e+01 5.383247520915797968e-49
1.279450273207873323e+01 4.565765381190710414e-49
1.329675967466211262e+01 4.002109659013732647e-49
1.381873305653632222e+01 3.872423371781571867e-49
1.436119685999078754e+01 3.508038715426492294e-49
1.492495545051828998e+01 3.177941678228590926e-49
1.551084476952840596e+01 2.878905887158809785e-49
1.611973357388157169e+01 2.695349980011844963e-49
1.675252472408215354e+01 2.523497397797741188e-49
1.741015652304015404e+01 2.362601949251868878e-49
1.809360410738716496e+01 2.211965019452784381e-49
1.880388089340914703e+01 2.140287440550327882e-49
1.954204007974053425e+01 2.070932536406348710e-49
2.030917620904734733e+01 1.938892131037146382e-49
2.110642679101554720e+01 1.938892131037146382e-49
2.193497398905057949e+01 1.876063337415379303e-49
2.279604637318979599e+01 1.815270478255760631e-49
2.369092074182632146e+01 1.815270478255760631e-49
2.462092401494625449e+01 1.815270478255760631e-49
2.558743520168586372e+01 1.815270478255760631e-49
2.659188744512693603e+01 1.815270478255760631e-49
2.763577014736157267e+01 1.876063337415379303e-49
2.872063117797828014e+01 5.563530851846656584e-49
2.984807916924324189e+01 6.141422215660914652e-49
3.101978590138096692e+01 6.559658932350005741e-49
3.223748878149029906e+01 6.779339925560816180e-49
3.350299341977229517e+01 7.241019447375079984e-49
3.481817630688966148e+01 7.483518998108319114e-49
3.618498759642746876e+01 7.734139785434444148e-49
3.760545399658171561e+01 7.993153787110108081e-49
3.908168177536263954e+01 8.260842089344754764e-49
4.061585988376979373e+01 8.537495191839945758e-49
4.221026320156898493e+01 8.823413323044371446e-49
4.386725591048498529e+01 9.118906765966636001e-49
4.558929499981059053e+01 9.424296194899440269e-49
4.737893390963144213e+01 9.424296194899440269e-49
4.923882631706736390e+01 9.739913023420535314e-49
5.117173007114605099e+01 1.006609976404813167e-48
5.318051128214197121e+01 1.040321039994105496e-48
5.526814857144603366e+01 1.040321039994105496e-48
5.743773748826581027e+01 1.075161076904703623e-48
5.969249509970733669e+01 1.111167896111600169e-48
6.203576476104268522e+01 1.148380572800922344e-48
6.447102107323868836e+01 1.148380572800922344e-48
6.700187503509583564e+01 1.186839490774959145e-48
6.963207939763883303e+01 1.186839490774959145e-48
7.236553422869657481e+01 1.226586386277321954e-48
7.520629269592407695e+01 1.226586386277321954e-48
7.815856707684091020e+01 1.267664393285794187e-48
8.122673500479712061e+01 1.310118090322026774e-48
8.441534596012985503e+01 1.310118090322026774e-48
8.772912801613355782e+01 1.353993548828874250e-48
9.117299484984921776e+01 1.353993548828874250e-48
9.475205302806537588e+01 1.399338383167875394e-48
9.847160957933773773e+01 1.399338383167875394e-48
1.023371798632519187e+02 1.446201802291131390e-48
1.063544957486011242e+02 1.446201802291131390e-48
1.105295141126021008e+02 1.494634663143664157e-48
1.148684256737553540e+02 1.494634663143664157e-48
1.193776641714435698e+02 1.544689525854197857e-48
1.240639159058831780e+02 1.544689525854197857e-48
1.289341296525714426e+02 1.596420710774268018e-48
1.339955269659338342e+02 1.596420710774268018e-48
1.392556128874462047e+02 1.649884357427549303e-48
1.447221870741134353e+02 1.649884357427549303e-48
1.504033553638023761e+02 1.705138485433381097e-48
1.563075417945815673e+02 1.705138485433381097e-48
1.624435010958865462e+02 1.762243057470602546e-48
1.688203316700362677e+02 1.762243057470602546e-48
1.754474890833459710e+02 1.821260044350026841e-48
1.823348000868440408e+02 1.882253492266173837e-48
1.894924771873821783e+02 1.882253492266173837e-48
1.969311337907421660e+02 1.945289592301243459e-48
2.046617999391989713e+02 1.945289592301243459e-48
2.126959386668689831e+02 2.010436752256754806e-48
2.210454629971021632e+02 2.077765670890799977e-48
2.297227536071151235e+02 2.077765670890799977e-48
2.387406771860646870e+02 2.147349414641497947e-48
2.481126055137767707e+02 2.219263496919873407e-48
2.578524352884273867e+02 2.293585960058242082e-48
2.679746087325689246e+02 2.293585960058242082e-48
2.784941350080644042e+02 2.370397460003020529e-48
2.894266124716749005e+02 2.449781353843869317e-48
3.007882518043098798e+02 2.449781353843869317e-48
3.125959000482278043e+02 2.531823790274164765e-48
3.248670655878374873e+02 2.616613803080963960e-48
3.376199441111336910e+02 2.704243407765915824e-48
3.508734455902711034e+02 2.704243407765915824e-48
3.646472223212745121e+02 2.794807701401984558e-48
3.789616980644715909e+02 2.888404965834337627e-48
3.938380983288489006e+02 2.985136774337406488e-48
4.092984818452438276e+02 3.085108101843854473e-48
4.253657732750387481e+02 3.085108101843854473e-48
4.420637972028529816e+02 3.188427438865082305e-48
4.594173134636476448e+02 3.295206909226897772e-48
4.774520538566126220e+02 3.405562391748114000e-48
4.961947603002902838e+02 3.405562391748114000e-48
5.156732244854963483e+02 3.519613645994132504e-48
5.359163290848514407e+02 3.637484442241967014e-48
5.569540905800130304e+02 3.637484442241967014e-48
5.788177037701274230e+02 3.759302695797768161e-48
6.015395880274832052e+02 3.759302695797768161e-48
6.251534353689711452e+02 nan
6.496942604146117901e+02 nan
6.751984523072501361e+02 nan
7.017038286703822223e+02 nan
7.292496916841444090e+02 nan
7.578768863625922450e+02 nan
7.876278611187054821e+02 nan
8.185467307069020535e+02 nan
8.506793416364153018e+02 nan
8.840733401525062618e+02 nan
9.187782428863330324e+02 nan
9.548455102782293125e+02 nan
9.923286228832545248e+02 nan
1.031283160672184749e+03 nan
1.071766885445503476e+03 nan
1.113839826482618264e+03 nan
1.157564369553303550e+03 nan
1.203005349423324333e+03 nan
1.250230145991456084e+03 nan
1.299308784200414493e+03 nan
1.350314037869872209e+03 nan
1.403321537605484764e+03 nan
1.458409882943986304e+03 nan
1.515660758900601195e+03 nan
1.575159057091621207e+03 nan
1.636993001611701857e+03 nan
1.701254279852589207e+03 nan
1.768038178457205049e+03 nan
1.837443724610724757e+03 nan
1.909573832878096709e+03 nan
1.984535457805803162e+03 nan
2.062439752514092561e+03 nan
2.143402233514854743e+03 nan
2.227542951999556408e+03 nan
2.314986671851160736e+03 nan
2.405863054644066779e+03 nan
2.500306851906321299e+03 nan
2.598458104929247384e+03 nan
2.700462352420682237e+03 nan
2.806470846309838635e+03 nan
2.916640776023700710e+03 nan
3.031135501567576284e+03 nan
3.150124795755327796e+03 nan
3.273785095948577236e+03 nan
3.402299765678064432e+03 nan
3.535859366535175923e+03 nan
3.674661940736687939e+03 nan
3.818913304781854094e+03 nan
3.968827354637157896e+03 nan
4.124626382901347824e+03 nan
4.286541408420925109e+03 nan
4.454812518844988517e+03 nan
4.629689226627267999e+03 nan
4.811430839003254732e+03 nan
5.000306842491089810e+03 nan
5.196597302486196895e+03 nan
5.400593278542373810e+03 nan
5.612597255954965476e+03 nan
5.832923594286199659e+03 nan
6.061898993497572519e+03 nan
6.299862978380693676e+03 nan
6.547168402004729614e+03 nan
6.804181968927094204e+03 nan
7.071284778942996127e+03 nan
7.348872892180387680e+03 nan
7.637357916378011396e+03 nan
7.937167617217543011e+03 nan
8.248746552614580651e+03 nan
8.572556731909324299e+03 nan
8.909078300934124854e+03 nan
9.258810253973944782e+03 nan
9.622271173675135287e+03 nan
1.000000000000000000e+04 nan
