# CYGNUS-1000 Spin independent 
# (6 keVr threshold Postdrift+He+SF6 755:5 Torr)
# m [GeV]	sigma_p_SI [cm^2] 
1.149756995397735571e+00 3.999999999999999764e-36
1.291549665014884107e+00 2.220294874587138704e-38
1.450828778495939497e+00 2.624517720010355200e-40
1.629750834620644184e+00 9.916482682071824490e-42
1.830738280295368003e+00 9.283333961825478257e-43
2.056512308348651619e+00 1.685308960448553204e-43
2.310129700083159321e+00 4.844443376518141526e-44
2.595024211399735936e+00 1.917285327794899443e-44
2.915053062825176067e+00 9.678420597761332971e-45
3.274549162877728126e+00 5.650599368147394308e-45
3.678379771828632627e+00 3.769172736603368334e-45
4.132012400115336881e+00 2.592951302281768511e-45
4.641588833612780185e+00 1.155248684249989090e-45
5.214008287999685187e+00 5.964171783841464492e-46
5.857020818056668077e+00 3.464270461307300650e-46
6.579332246575678944e+00 2.099358340237406256e-46
7.390722033525779722e+00 1.376560671344505596e-46
8.302175681319743816e+00 9.166584947891408804e-47
9.326033468832198636e+00 6.226745827699170582e-47
1.047615752789665322e+01 4.354674099798469271e-47
1.176811952434997899e+01 3.133763332722674607e-47
1.321941148466028793e+01 2.329875324306288608e-47
1.484968262254465188e+01 1.802714448879101115e-47
1.668100537200059463e+01 1.432876083934958039e-47
1.873817422860383175e+01 1.169045512211590380e-47
2.104904144512019926e+01 1.007564371104289343e-47
2.364489412645407285e+01 8.716983977990602476e-48
2.656087782946687170e+01 7.854958885631191689e-48
2.983647240283340452e+01 7.319586782738214258e-48
3.351602650938841066e+01 6.894302825235531861e-48
3.764935806792467332e+01 6.590982528059617272e-48
4.229242874389498752e+01 6.434987118674883898e-48
4.750810162102798273e+01 6.391917948052199368e-48
5.336699231206307559e+01 6.444703467484566988e-48
5.994842503189408944e+01 6.587398977055798969e-48
6.734150657750821267e+01 6.822493410992619873e-48
7.564633275546290747e+01 7.158266819118172425e-48
8.497534359086438371e+01 7.454769478517012093e-48
9.545484566618337396e+01 7.838640715938800794e-48
1.072267222010323167e+02 8.329659804774289022e-48
1.204503540258782408e+02 8.956176080126459430e-48
1.353047774579806344e+02 9.758791154195429747e-48
1.519911082952933157e+02 1.047953493433282911e-47
1.707352647470690670e+02 1.132022628761053435e-47
1.917910261672489014e+02 1.238697155295186818e-47
2.154434690031884827e+02 1.374577071740960933e-47
2.420128264794381039e+02 1.488926813319174607e-47
2.718588242732940330e+02 1.633727099468867034e-47
3.053855508833415797e+02 1.819818576424932792e-47
3.430469286314919373e+02 2.005197340420502584e-47
3.853528593710527730e+02 2.205387516334102625e-47
4.328761281083056929e+02 2.463075461581235888e-47
4.862601580065353346e+02 2.741093917757875934e-47
5.462277217684343213e+02 3.021814375188672640e-47
6.135907273413170060e+02 3.384073593151228882e-47
6.892612104349695983e+02 3.784322270564958649e-47
7.742636826811270794e+02 4.182174561066376349e-47
8.697490026177835034e+02 4.697141809706025184e-47
9.770099572992247658e+02 5.260359589851883173e-47
1.097498765493056908e+03 5.828708052119933300e-47
1.232846739442065882e+03 6.566815116512687790e-47
1.384886371393871741e+03 7.347781242335988662e-47
1.555676143930472335e+03 8.164530525615913845e-47
1.747528400007683103e+03 9.229014809882540289e-47
1.963040650040272567e+03 1.030034524544376359e-46
2.205130739903045651e+03 1.147936470769928563e-46
2.477076355991709079e+03 1.302176039630824595e-46
2.782559402207125913e+03 1.447860351710338987e-46
3.125715849688235267e+03 1.618649068983257309e-46
3.511191734215127781e+03 1.842949754631919748e-46
3.944206059437656222e+03 2.039500268706193824e-46
4.430621457583877600e+03 2.287577177069756792e-46
4.977023564332113892e+03 2.599586625091499852e-46
5.590810182512223037e+03 2.877836841567605806e-46
6.280291441834247053e+03 3.238973568038370786e-46
7.054802310718645458e+03 3.662313705696546515e-46
7.924828983539169712e+03 4.066600533967782368e-46
8.902150854450394036e+03 4.593287673491283905e-46
1.000000000000000000e+04 5.165277672264109277e-46
