# CYGNUS-1000 Spin dependent (proton) 
# (6 keVr threshold Postdrift+He+SF6 755:5 Torr)
# m [GeV]	sigma_p_SD [cm^2]
1.830738280295368003e+00 6.860064398972906339e-35
2.056512308348651619e+00 1.737248490872417427e-36
2.310129700083159321e+00 9.278854920806855272e-38
2.595024211399735936e+00 8.849482692903506612e-39
2.915053062825176067e+00 1.332888393226316039e-39
3.274549162877728126e+00 2.923708246829880157e-40
3.678379771828632627e+00 8.500034334309354034e-41
4.132012400115336881e+00 3.131838752108518024e-41
4.641588833612780185e+00 1.357898513101937923e-41
5.214008287999685187e+00 6.922343480174678886e-42
5.857020818056668077e+00 3.961105047225757745e-42
6.579332246575678944e+00 2.474145113699131352e-42
7.390722033525779722e+00 1.672278826339100580e-42
8.302175681319743816e+00 1.174743066604586496e-42
9.326033468832198636e+00 8.647836222447189329e-43
1.047615752789665322e+01 6.503507346843830278e-43
1.176811952434997899e+01 5.033887967169360743e-43
1.321941148466028793e+01 4.037021585514592812e-43
1.484968262254465188e+01 3.345915522234034467e-43
1.668100537200059463e+01 2.784297540792773721e-43
1.873817422860383175e+01 2.425410365580366520e-43
2.104904144512019926e+01 2.124189247676266853e-43
2.364489412645407285e+01 1.912341268614017759e-43
2.656087782946687170e+01 1.774886335330552930e-43
2.983647240283340452e+01 1.677439620297195982e-43
3.351602650938841066e+01 1.592774090422263747e-43
3.764935806792467332e+01 1.543870970674938176e-43
4.229242874389498752e+01 1.522207229845691954e-43
4.750810162102798273e+01 1.523189410597039169e-43
5.336699231206307559e+01 1.544720153242106117e-43
5.994842503189408944e+01 1.586519352050059968e-43
6.734150657750821267e+01 1.649854681041450682e-43
7.564633275546290747e+01 1.725340869629119150e-43
8.497534359086438371e+01 1.803217863278540258e-43
9.545484566618337396e+01 1.902808321063510392e-43
1.072267222010323167e+02 2.028981390575095471e-43
1.204503540258782408e+02 2.188568479431530222e-43
1.353047774579806344e+02 2.379242706665376376e-43
1.519911082952933157e+02 2.551814347060130129e-43
1.707352647470690670e+02 2.767205976877113205e-43
1.917910261672489014e+02 3.038458468475437902e-43
2.154434690031884827e+02 3.343974729017619116e-43
2.420128264794381039e+02 3.638215807066309549e-43
2.718588242732940330e+02 4.008172949296328654e-43
3.053855508833415797e+02 4.479403514191110339e-43
3.430469286314919373e+02 4.898291409611751328e-43
3.853528593710527730e+02 5.411218214693377278e-43
4.328761281083056929e+02 6.065598751800804554e-43
4.862601580065353346e+02 6.695893478350602485e-43
5.462277217684343213e+02 7.416226954674396033e-43
6.135907273413170060e+02 8.337389794756667544e-43
6.892612104349695983e+02 9.246806359289029088e-43
7.742636826811270794e+02 1.026826634612570588e-42
8.697490026177835034e+02 1.157813020623689633e-42
9.770099572992247658e+02 1.285985305498499654e-42
1.097498765493056908e+03 1.431887112725143015e-42
1.232846739442065882e+03 1.619547545073791307e-42
1.384886371393871741e+03 1.797486999547688604e-42
1.555676143930472335e+03 2.007025991232045828e-42
1.747528400007683103e+03 2.277396269376312836e-42
1.963040650040272567e+03 2.521738188183853985e-42
2.205130739903045651e+03 2.823915049254100447e-42
2.477076355991709079e+03 3.205550515662614679e-42
2.782559402207125913e+03 3.547685722618581420e-42
3.125715849688235267e+03 3.984842183980066747e-42
3.511191734215127781e+03 4.507189824224142895e-42
3.944206059437656222e+03 5.001851614024256721e-42
4.430621457583877600e+03 5.635856552911917825e-42
4.977023564332113892e+03 6.347757383331640446e-42
5.590810182512223037e+03 7.064304753968582483e-42
6.280291441834247053e+03 7.985637042849189343e-42
7.054802310718645458e+03 8.951916190288205072e-42
7.924828983539169712e+03 9.991497718619123198e-42
8.902150854450394036e+03 1.133258460179947164e-41
1.000000000000000000e+04 1.263871295940025749e-41
