# CYGNUS-1000 Spin dependent (proton) 
# (6 keVr threshold Postdrift+He+SF6 755:5 Torr)
# m [GeV]	sigma_p_SD [cm^2]
1.830738280295368003e+00 6.666666666666667514e-31
2.056512308348651619e+00 6.821497643850138199e-35
2.310129700083159321e+00 3.570484095109243342e-36
2.595024211399735936e+00 3.310539681251385055e-37
2.915053062825176067e+00 4.866637674851320128e-38
3.274549162877728126e+00 1.034672053029350805e-38
3.678379771828632627e+00 2.944319824498614377e-39
4.132012400115336881e+00 1.043194236403034154e-39
4.641588833612780185e+00 4.489813209130291019e-40
5.214008287999685187e+00 2.257613260876355279e-40
5.857020818056668077e+00 1.261767445214168414e-40
6.579332246575678944e+00 7.877610217109094993e-41
7.390722033525779722e+00 5.236383896365492294e-41
8.302175681319743816e+00 3.728962809323255841e-41
9.326033468832198636e+00 2.799763672636733081e-41
1.047615752789665322e+01 2.208830183018006201e-41
1.176811952434997899e+01 1.767221016818730408e-41
1.321941148466028793e+01 1.471934485091506144e-41
1.484968262254465188e+01 1.259180341839855935e-41
1.668100537200059463e+01 1.105337615333400169e-41
1.873817422860383175e+01 9.815666121202874965e-42
2.104904144512019926e+01 9.002649024079126989e-42
2.364489412645407285e+01 8.454165644311514535e-42
2.656087782946687170e+01 7.924442113931266190e-42
2.983647240283340452e+01 7.586546851747837773e-42
3.351602650938841066e+01 7.389527684720364308e-42
3.764935806792467332e+01 7.304066856303176652e-42
4.229242874389498752e+01 7.314114692964066249e-42
4.750810162102798273e+01 7.412551728711441194e-42
5.336699231206307559e+01 7.599016085449561486e-42
5.994842503189408944e+01 7.879089044397551704e-42
6.734150657750821267e+01 8.264422886458370687e-42
7.564633275546290747e+01 8.675825226748801973e-42
8.497534359086438371e+01 9.123043323233387524e-42
9.545484566618337396e+01 9.685978480978076173e-42
1.072267222010323167e+02 1.039243139481161312e-41
1.204503540258782408e+02 1.128087397881386337e-41
1.353047774579806344e+02 1.218930779919321176e-41
1.519911082952933157e+02 1.315016613480679292e-41
1.707352647470690670e+02 1.434790016898553246e-41
1.917910261672489014e+02 1.585552884272810531e-41
2.154434690031884827e+02 1.728563623004716666e-41
2.420128264794381039e+02 1.892464014071150461e-41
2.718588242732940330e+02 2.098647450224048567e-41
3.053855508833415797e+02 2.325826886024265510e-41
3.430469286314919373e+02 2.553345517009582641e-41
3.853528593710527730e+02 2.839904491035442548e-41
4.328761281083056929e+02 3.176827807382730750e-41
4.862601580065353346e+02 3.496328952919447441e-41
5.462277217684343213e+02 3.899547997531708350e-41
6.135907273413170060e+02 4.383067762750634471e-41
6.892612104349695983e+02 4.835732228674225394e-41
7.742636826811270794e+02 5.408390643721390406e-41
8.697490026177835034e+02 6.089546395859384482e-41
9.770099572992247658e+02 6.735186300432808298e-41
1.097498765493056908e+03 7.554136790460932145e-41
1.232846739442065882e+03 8.502431213117051416e-41
1.384886371393871741e+03 9.427971319115366106e-41
1.555676143930472335e+03 1.060525037253947774e-40
1.747528400007683103e+03 1.191444423109809457e-40
1.963040650040272567e+03 1.324631636907886392e-40
2.205130739903045651e+03 1.494540113802174788e-40
2.477076355991709079e+03 1.674109785382905251e-40
2.782559402207125913e+03 1.866333690330137079e-40
3.125715849688235267e+03 2.112297140076613904e-40
3.511191734215127781e+03 2.357236477842268025e-40
3.944206059437656222e+03 2.635304308031688455e-40
4.430621457583877600e+03 2.992220588358628783e-40
4.977023564332113892e+03 3.324632379404081163e-40
5.590810182512223037e+03 3.727620632911384248e-40
6.280291441834247053e+03 4.235509414523811331e-40
7.054802310718645458e+03 4.695419015140685329e-40
7.924828983539169712e+03 5.280329723821287645e-40
8.902150854450394036e+03 5.972626007847982667e-40
1.000000000000000000e+04 6.639022070275210073e-40
